X1	X2	X3	X4	X5	X6	Z1	Z2	Z3	Z4	Z5	Z6	Z00	Z01
1.5179692379556657	1.3653618213802616	1.1362517829947973	2.27942049609059	0.7693795648294652	0.014748499474761978	1.2254473458113113	1.819187260961266	0.06202324705506043	2.7441454627282518	0.6285177165127606	-0.9554342381202422	-1.5918751993824332	0.5922245046799889
0.4152230243733088	-2.148412981789679	1.0147038086463285	-2.08836526278236	-1.0237809876310977	-1.7655639073895988	1.5036097872835166	-1.8637425553273546	1.8535269623326873	-2.395783389347046	-0.23179901082822327	-1.7494319243281204	-1.716703723820554	-0.6868267038291553
-0.4576340446646905	-0.22178130418732156	-0.9772255873263063	-1.0180182992101572	-0.2732951490311061	0.12675294336407122	-0.2950425444488575	0.43512929735572653	-1.1179787495653248	-1.2695757455103724	0.33946304607923294	0.5463113550300873	-0.5640031602717307	-0.37005825054641134
-0.01929162968999454	-0.021345182311141686	-0.5165099529598163	0.17722017570900434	0.5176966115037915	0.9240075197849325	-0.6838746853474429	-0.5663742673518379	-1.4667197078919985	-0.5743813253007403	0.3316522007062492	0.6187195321037018	-0.1893565611329947	0.35635069032656
0.10542055251690233	-1.086828007455515	0.14364311679026914	-0.20290015721796184	-0.7351905346894423	0.19284401556175101	0.553486819981197	-1.4699492385683994	0.6635696448790357	-0.3893163235480028	-0.8751504374966225	0.5581539200218577	0.5424142769196418	-0.31334131969840384
2.1115187849761408	1.5425073908572355	1.8241217137120476	0.8977007689786742	2.6177398874160485	2.8055031045494525	0.42073901454928814	-0.6235130804606538	-0.1417593931749217	-2.2494629180598253	1.2156642500551154	1.611103382221442	0.9613139412773738	1.724352450878153
0.8290322404591719	0.23041860490050112	1.259776043502922	-0.28296960445359465	0.7040083900144206	1.140026252946271	0.7159607174183776	-0.2858997386999772	1.475987938488358	-1.47977681972616	0.5036733240764797	0.9569465456957752	0.16664709173745296	0.36862902977299683
-0.37158366586047326	-1.0766961156389319	-0.8949930319182521	-1.3965950169355357	-1.1100054451443873	-2.2664802038100142	0.7728176883985514	-0.12957100512273617	-0.043046784457851685	-1.025052559796962	-0.19003610711792807	-2.562340018659134	-0.4481259181188675	-0.9093283289415166
-0.5477803311706162	-1.0828086826488432	0.2067016998286637	-1.0518937336776113	-0.9787561083996945	0.30498413769709065	0.06446425441712811	-0.9283478359426773	1.223195641877275	-1.4455230930490888	-0.7031692047608489	1.5335011937299021	0.9928706513150058	-0.7243741113462381
-2.117917231808119	-1.8252234992065621	-2.4189907396190207	-1.8899288285586726	-3.814355289251184	-1.908435238059086	0.07744034680782795	0.48358615112116327	-0.46884115042394825	-0.13085768625460228	-2.7961626584806725	0.4211831910601024	0.8720829243233832	-2.2897917747439367
0.03670492982710208	0.8791367711122942	-0.4300578390943149	0.23192400328934604	0.2756026909725128	1.2161221242841824	-0.3582878763109908	1.03876940417885	-1.0861896259392274	-0.3818705762169175	0.03346220584031101	1.3480810625467956	0.2191013718061505	0.2120548542437541
1.3495947922292513	1.0205502234087585	0.5768201988796137	1.8175253893720484	-0.2751864484549824	1.870030803989092	0.25425479966595244	0.35809701465644406	-1.2369436040548951	1.1910368372546514	-1.8862316314960503	1.2536342697739258	-1.1782347075091413	1.0413389561167203
0.6272388061264522	0.9636423105634085	1.0824912343081778	1.6188020581365428	0.18729458378802516	0.1120586886995788	0.06607760814720615	0.5365074525805874	0.7573279236704116	1.0954600415334828	-0.7150982096494458	-0.7742609708480752	0.926360417316587	0.4564657555517387
1.3815180243668566	2.329109672214873	-0.2592349868645255	0.42235281858221857	1.14352720607837	0.6671420547106537	1.1709504341728445	2.9251870841436416	-1.5075724440294442	-0.5979060933157727	0.9480168214148281	-0.25815841208271545	-0.27881659530486674	0.6297607407896614
1.504464919702058	1.687634569349565	0.5428489840531359	2.436833126588653	1.9158640257984918	2.360659616717011	-0.5103430902204005	-0.34307480631389325	-2.333195460668821	0.19532955890992978	0.12760481432087617	1.0607990142648267	1.2045807523503873	1.6525633026678235
-0.22765499780978898	-1.4426464633854286	1.04140337801027	1.4733901728092165	0.44981833257673515	0.45227929367738784	-0.5123815410727874	-2.2567569773364946	1.6581683200440882	2.2392947572883726	0.8919302577635421	0.4490621995793209	-0.46201523628097724	0.003810770272663622
-0.1250356826004686	-0.5687589141156892	-0.41731903832065237	0.2537356961858005	0.19682996758965582	-0.8362086283653294	0.5318886241503509	-0.21003215327185096	0.07866619782887033	0.8247709768523638	1.0660560861551094	-0.9450868883919764	0.1243614427764101	-0.4676119107078606
1.429531313125737	0.7006573713838067	0.9215118860017188	-0.11067419235502407	1.4278079381010076	0.6638226210786311	1.2422454573792618	0.24337342155560882	0.45472883122684704	-1.4602758440436499	1.4529508191415141	-0.2475126900084066	-0.34864971812629864	0.6243632620757011
0.005572947097667785	-0.07279399782659532	1.5175858692056146	1.7410680913477965	-0.8036356255895939	-0.8373763747644453	0.11076176419362542	-0.4026787631725017	1.1773322834227602	-0.12517367946334917	-1.0685378805037966	-0.6533725351973801	2.3606090925756718	-0.3033085584382287
-0.04271213328987419	0.6785331886906644	0.2365458887625842	-0.2820622551435092	-0.29785475351961643	-1.2103588260698754	-0.08171987801630187	1.5893996353955364	0.36191110957328343	-0.4303328915230831	-0.06673900654073531	-2.058811151617085	-0.8124515525635063	-0.11261628203395622
-1.1202258213853071	-1.1544440633637907	-2.663226477830454	-0.23223766670367418	-2.1508872310879115	0.4448134152185006	0.027587760209348697	0.1579505721759262	-2.486631136703259	1.3480308400595566	-1.5042797521660596	2.4049587121590803	-0.29989565213485037	-1.1892352762423763
0.9393630416877361	-0.33692807527677926	-0.0376187170354174	-0.13540013624908104	0.330392045980082	0.622637049071527	1.4012521008041652	-0.7399228576991391	-0.1686893107332794	-0.7562639711025347	0.37406767147340103	0.6490662579883971	0.3187649307964096	0.043272653183422265
-0.67679779283085	-2.0307041896282922	-0.19313367302884332	-0.7850608626121569	-1.4259371488959824	-0.9873459636440906	-0.38385403228833853	-1.542114680510855	-0.7334419870383663	-0.22094439155313256	-0.9708322409584623	-0.337289337127104	-2.14798687734282	-0.6758380058532155
-1.529872138129671	-2.5990195417808146	-1.501910824879512	-1.0303893279133072	-2.191948496069914	-1.7336216884582472	0.7636381156692534	-0.5363585904226554	0.7792790236432519	1.654614188968897	0.1105952166505842	0.4037058754131533	-0.8373970025047872	-2.1097249870262638
1.7822993516589791	1.7248094308516664	1.1729087155622655	1.6411002797648426	3.5138660996484328	2.5185020856077633	0.3617014805037103	0.2510051447555937	-0.595212602969196	-0.24207078233257792	3.2347387667104193	1.368155482040265	0.3292672652144195	1.5083528909554265
1.3406707786193786	0.797519642436805	0.8902274244675199	1.4139983444148738	2.07415580874091	1.0033689349775874	1.143445472910524	0.3104020811508506	0.42372978960336566	1.0025469351633642	2.4380526975274437	0.2851453599686845	-0.11119210138550482	0.6335168140233955
-1.6501048619591925	-2.109281917306854	-1.0231343934714379	-1.1892297928897086	-1.8104865589830368	-1.34675673990674	0.19759940859373026	0.21460579934689414	0.8399311542578045	1.1863546322680028	0.55999902724293	0.9619787702972069	-1.4505797995581595	-1.9479294370033589
0.6034770177659565	-1.0335784646287436	-0.11284810206093243	0.29478994920827617	-0.8802377911391233	-0.5825696220862336	1.6885209630384863	-1.0411304005974205	0.5202326575920833	0.8381474889922869	-0.7855244818711765	-0.5920793187023151	0.08822015800849978	-0.4265442558719913
0.49850898854309034	0.529027640922187	1.9045364452299607	2.7902042012264294	0.16639541710630518	-0.1717877053781997	1.004577278536133	0.6198660202539755	1.5495573951389847	0.837640945213901	0.6997525794984231	0.5954564124480201	2.5828993967265537	-0.359471850575509
-1.6374688879884078	-1.742005046438523	-1.4731469540902018	-1.4244929736274912	-2.2107969812153456	-1.911852743410486	-0.34422846211197156	-0.42864428397591675	-0.033385254576719876	-0.23587335269205642	-1.210113716665276	-1.088218675193623	-0.13915050930435455	-1.4569883741921021
-1.2591388868835345	-2.383998509754074	-1.2483401754858419	-0.9744623720071328	-1.715214073852015	-1.085713867718991	0.14207908581014866	-1.4393621435299127	0.21349951579497226	0.5429993878555269	-0.33097518723847646	0.26793410678287444	-0.48473686503883223	-1.4234338506283601
-1.4893487303436554	-2.783908872194474	-1.924030099104204	-2.713024058557319	-2.595261379553921	-2.5602513985532456	0.8735330582960424	-0.8439087327197875	0.14594363283658404	-1.1344429473982118	-0.5529072804540797	-0.9657706305629006	-0.7569155774284264	-2.126180517076916
2.0472821754183284	2.933857104628137	2.321553737303357	2.1979236295054028	1.4695159290879083	3.018842009232178	-0.37856389963981246	1.562158937038347	0.060813205932469416	-0.08101778116286293	-0.9060557352824289	1.2048070226332979	-0.8009690068152017	2.156755543768169
-1.1725379863941294	-1.0470099200959528	-1.0275865388694985	0.10180376286361019	-1.5314260325632005	-0.35069175258965796	-1.3821518720388037	-1.3167594304230055	-1.3817536801356345	-0.13756603377618243	-2.026883994892129	0.14642295547092435	1.2362741712637746	-0.5042090960949044
-0.8394327573149856	-1.0004936389769408	0.2538403326883122	0.2512109598074406	0.10354183629485175	-0.46552831719193344	-0.8508857223485365	-1.0758468041073224	0.9911589138062799	0.6762783161757269	0.7641961618919606	-0.5389271076756639	-0.06626204586344851	-0.34173314733985766
-0.1057312334846004	0.7872801076999398	-0.6801072956041889	-0.9242244848078569	-0.41419323103988825	0.5811202289231491	0.5743181865167405	1.9968018172516757	-0.38922802388143046	-1.3177064385677766	0.018662932907405335	1.6687256809523812	0.7667442724383673	-0.5641498371387389
-0.9314992097523541	0.31033823240196967	-0.3999054439651569	0.47111490086928653	-0.9431991529632853	0.3247544689286087	-0.967243228480379	1.4861016620603817	-0.05517225176650519	1.3633736909586132	-0.6180682330421435	1.0280948762990234	-0.6500449380980848	-0.4513137772146424
-0.17055769523483771	0.8570835577843363	-0.1694376902008537	0.33825653220558033	-0.12656584032870188	0.2995623750992465	-1.0960865408491296	0.7066029046479437	-1.0572009411332508	-0.49453455576431693	-0.9329630371329825	-0.5991595069394761	-0.13937883716747593	0.4609975824290652
-0.5493806096250368	-0.18510537990543507	-0.16983578318786524	0.25941690837662507	-0.5968356442896547	-0.7584260259826034	-0.5628792203212927	0.5087839232435071	0.05098110725028057	0.832522563906177	-0.205361655225362	-0.946004124238015	-0.8037470734646075	-0.32962631915861784
-0.021827303690183042	-1.753959835986594	-1.2717545061713216	-1.1122026126531315	-1.840447700895972	-1.6910536460151768	1.747396295056369	-0.650426322064973	-0.3720919301613578	-0.0068850006573861295	-0.8276273431093429	-1.0490183403198883	-0.8513043600038878	-1.1934431707468327
-0.17800848442212552	-1.5675759339628148	-0.6728649057504025	-0.7703228503006883	-1.040313891287088	-0.3832456941762248	-0.027718330865321657	-1.9564624580661254	-0.8279661626355089	-1.0194682977696075	-1.0930935432562694	-0.4654887119057418	-0.6567481380016186	-0.26234883152281574
-0.2381967112698966	-0.1532027779025127	0.23347800819609613	0.5462282907855215	-0.6642190603850655	0.6864102529434042	-0.9878483283166136	-0.6333179581976044	-0.14263021622155903	0.18148136722660366	-1.4872484520546696	0.33769639179774974	-0.34341016389708506	0.295470029795467
1.2018568724828167	1.0681861576330411	1.3475133221987428	1.8780967002510087	2.899835083335965	2.3496032334329264	-0.7408784642337015	-0.7103545948062815	-0.4397638313188206	0.2811955700598382	2.338493350514644	0.9822255721285891	-0.41370866930664835	1.5771406483781396
0.5799965529865778	1.8009074907328217	1.0139477025870782	1.039391347167053	0.3586754883787605	0.5610306188569653	-0.7625800674846628	1.2336181011074758	0.004078800853197971	-0.43291708519283584	-1.1604054841264562	-0.9276770438917675	0.5617977348623292	0.9483770830958705
-0.2578645413732089	-1.6138941246623468	-0.501419614086906	-1.9096993045353141	-1.6197503867776541	-0.7180882867524018	0.9530557524309051	-1.2190130472994984	0.5835158908951374	-2.0483122184397673	-1.2289138046727786	-0.10165767855022617	-0.1362277409020269	-0.8552407481022425
-0.7019190234348283	0.2743816457664727	0.5763871573865482	0.787489437514571	0.36206337405746325	-0.5597114021960149	-1.5968586313149133	-0.25871211652203124	-0.3712163195357496	-1.0929927940880355	0.22698971701634865	-0.876574107444226	1.9482887029668954	0.03995117508631238
-0.31852607756151435	-0.42680345661187635	-0.08591944752693481	0.9653311944754055	0.7642123681543762	-0.5957648683436098	-0.18240325281346184	-0.4918845675521456	0.016704452532128145	1.15553784066467	1.5731537287509874	-0.5233077206791089	1.1547159576273411	-0.3626159076060572
-1.576936071376068	-0.6897764242003106	-0.5291440333648664	-1.2699444999414713	-1.6251277606339023	-0.2778092171036082	-0.970573260781209	0.9600725761178508	0.765252221341924	-0.4196214283207187	-0.624390605479065	1.149743442148926	-0.7796964556116429	-1.1098806787486926
-2.1462222393857555	-2.3964814864681188	-2.568951243085335	-2.3420652130379995	-2.257493267376297	-1.719189197497106	0.1939190100282133	-0.2239414663317146	-0.4899388148612452	-0.4673963365845659	0.007723920214036468	0.5953875458025996	0.06913660807338452	-2.2759439282837666
-0.5679853788569803	-0.9747550184842521	-0.774571841187766	-0.3865068255863753	-1.0644814546155272	-1.3489257606149214	0.9715502281674262	0.25006721341483057	0.6635976053027393	0.8226657827545633	0.11240301026673519	-0.44782220894475633	0.6016105841864087	-1.245117463370432
0.9974599470888628	-0.5071978755490187	3.2195833778503373	0.8252991479326569	0.8237859035572584	0.2744466298808489	0.3988375132233542	-0.4012446197070701	0.2968213267264074	0.6112783820223578	0.4711203493620653	0.0016050163023836384	-3.5975246707855644	0.45305383043233627
0.7765989691336994	1.499969925503377	0.3625119098429353	0.2630494556725037	1.749983653279472	0.9100822870342931	0.3243927107380214	1.7177605628385366	-0.3082695371064127	-0.6907561867272957	2.13294938871295	0.3160516330255569	-0.30049998221901253	0.5294135842440575
1.1270935939537732	1.2771476803803345	1.2160628936210527	1.9026255273113832	0.4084983651064208	1.0576274959177026	0.30217346748269974	0.3686802490811	0.05274887818576864	0.4792336608581815	-0.9282022976068922	0.4424282346333827	1.4446534702681102	0.7670088368780527
-0.08555458092040613	0.65724910682815	-0.5585328867977115	0.856925887396614	0.5695926641101655	0.6078139389171698	-1.5324185555722827	-0.494048656416687	-2.787396485534338	-1.1849324912911139	-0.46471433675460033	-0.08320211049707357	1.525248028149113	0.6486286950483395
-0.2526178877313967	0.08294577639025812	0.5691901163667492	-0.7695012033687375	-0.8995693705257756	-1.0329757903691552	-0.44025663947597693	0.11953791676060359	0.9296840033901524	-1.6345404849474738	-1.5179873281261045	-2.0739255347605003	-0.0007828271754219544	0.01137959176898036
-2.7413719471736124	-1.2501281432333224	-1.6860261064980824	-0.7525415055833583	-0.2390127736375598	-2.196750782283485	-2.2692878490604507	0.1510400962643347	-0.5148773104941589	0.520443022240536	1.860041970778151	-1.4142273793449267	0.7612707483659056	-1.4930063506651043
-0.3098959722294576	-1.0325286857192133	-0.6616246661001264	-0.08378278014484143	-0.6076539636472332	-0.14111438004386204	0.09758410450521912	-1.1023081624199844	-0.4864015848384366	0.1455940928808787	-0.3941836427552603	0.047805038474915275	-0.006754738853808296	-0.369792840496461
-1.7592293592209405	-0.7168889732345457	-1.728568584840545	-0.7447042781460126	-0.4058932969981981	0.06421156386213844	-1.8583792479978378	-0.24799354910807536	-1.9884096082292786	-0.958408370434946	0.3479476842364974	1.2962552048391982	1.1425341386522692	-0.7965996715001543
1.3016564250680325	0.8059025067482445	0.5024532940946533	0.13649880541825787	0.6872144919480938	1.4591933679768574	0.51681664231554	0.34676135066112934	-1.0235950501345947	-1.2661425993321864	0.06249717684889616	0.9151138030620245	-1.186363880993428	0.8351184725502525
0.2392111770831798	0.9343297782962606	1.320270378967367	-0.15992841342709707	2.375620072643647	1.5297089520306286	-0.6240809097680923	0.5344394453477924	1.1803236703869069	-1.6226682732582984	2.9365899645195856	1.1960867366856878	0.008013894263071636	0.6120633322349709
0.16321395024217158	0.9468667434905345	-0.1320525115687945	0.015764653571138543	0.0865069035996367	0.11742446209362917	-0.35243882639936863	0.9474993366772212	-0.7964565755622639	-0.9451475447792419	-0.4859590240999193	-0.6930922360947359	0.20458256412017548	0.3374506286601667
-1.4594702827531654	-2.1828420765613084	-1.3649346894024375	-1.6269898692739777	-1.982887575827498	-0.1171869168174503	-0.63591505874051	-1.4158614264665197	-0.4730769205589228	-0.8932902417460307	-1.1035881453308367	1.5352499406861944	-0.729302004420217	-1.187464819797353
1.293980899610328	0.9157437608630387	1.2691343432442093	1.62408230302334	1.2077213925215153	0.1942080061316529	0.4795989243850134	-0.2668529472268313	0.292930585503659	0.2914796400338334	0.28597315004779045	-1.2658722867073797	1.0810355528832825	0.8596484186224809
-0.36306150601891524	-0.7392736861464116	1.3120194604691549	0.3046459021779284	-1.4935378737897382	-0.7822421584692922	-0.4111405297916985	-1.182562712860742	2.1373429460688183	-0.18076376740698738	-2.341727141353522	-0.9494821041057363	1.2394246116333638	-0.27762098075663916
1.040658033563296	0.4741248098774871	1.8941552728894404	0.6171088513570976	0.20391464284126537	1.5587938766113285	-0.050686001680009495	-0.29832858327572054	1.1074561480080176	-0.5769588223263034	-0.8536384923655947	0.987360001072254	-1.2699712204464093	0.9071162039322014
0.8009425726173698	-1.4295903447872804	-0.1568456507995544	-0.4855003051116944	-0.6608804643948631	0.6512252206777657	1.1153949360935012	-1.9771071142734131	-0.6500816153411275	-0.8862885034156813	-0.7697032256509116	0.9722737879384464	-1.1225433655658554	-0.018817403110061443
1.565214455349523	-0.38847217874832196	0.9795845250576082	0.9382391793080751	0.13204871823843564	0.9068393117418524	1.5311667250077994	-0.9905826400573098	0.23307594264937992	0.6844025877654089	-0.24758215670419548	0.6452746255842745	-1.3491370341079596	0.47570481210765586
0.6060061598935849	-0.4008232551101163	0.6432126024248248	0.7120502580940888	0.3740403629707571	1.487992086515348	0.49549936459513916	-1.2347097962519913	0.5792457161599114	0.19255151176474974	0.07294278306873928	1.8744375638427295	0.6682639308913167	0.20634983646281516
1.132198920546159	0.33894077809298073	0.5088300379105667	1.587122887432387	1.3005513717825294	1.0246503172789536	1.0613011146248306	-0.26084466480255425	0.027946061134963344	1.486075796690768	1.3418399418112121	0.5544614993260606	0.017222492989393094	0.4920030783766347
-1.2328328148160466	-1.4980223949703364	-0.9559419627942942	-0.8169387312124152	-0.8766922480828543	-1.554087584906335	-0.06888817672452598	-0.19168486339659413	0.44053073182897795	0.5703961137301706	0.8356463213787328	-0.7496239015888287	-0.5313851730578129	-1.2767344423208173
0.4067723454664483	0.0348383130259019	1.4377155385826255	1.768443607432067	0.5934682756500129	0.7421793150160347	-0.38116181136626653	-1.325847491521159	0.23314750929335348	-0.47906135912131814	0.021760291244210868	0.7266340202707845	2.108540060222337	0.40863879589412994
0.4121646811955448	-0.9265123310559241	-0.8750406042465213	0.5560015289345728	-0.7156913899131574	-0.27227403609432344	0.8064356990186795	-1.0733505338908274	-1.300394751916504	1.0160368058077576	-0.7332054079869521	-0.4566268049239064	-0.5901794751893124	-0.1644661156835653
-1.5011220429547845	-1.773846948293484	-1.1435889648500162	-1.3884079572631616	-2.0036671240477246	-0.42973294850445387	-0.5371215500826862	-0.5457207357214993	0.052113112242069715	-0.31396658077939327	-0.9531870388833174	1.1987035258440593	-0.7679859515493984	-1.2928173165507049
-0.5032748348404003	-0.5501932923526669	-0.5276666008649292	0.09346661457917033	1.3855974613745539	-0.725905817788546	-0.28532134287770206	-0.35617443826942	-0.32235289152521	0.3832384760567466	2.870143409717763	-0.986023904200572	-0.011046785731070173	-0.33427927224480086
-0.9364979918298579	-0.1081840788517332	0.07806140782338905	-1.1186079552260366	-0.9953432263448123	-0.22616994657342848	-0.9329458133784874	0.7234107847059104	0.8140894676646306	-1.323597650674739	-0.7603168330968673	0.07595840684235447	-0.453515277538567	-0.451527494167566
-0.20581520190961006	-0.852985060661952	-0.28392865028435255	-0.2264657684846067	-1.6931983392231413	-1.1633585085563585	0.7842653321926766	-0.38466491218810667	0.5863751545623294	0.12632785162653656	-1.7426540699121444	-0.7931501540743285	0.9268042310435658	-0.8075469595578012
-2.3816488122674104	-1.1686501011283548	-3.0388597675214073	-1.6803266212440997	-3.0529766647871566	-1.7683985206008537	-0.21056562445219962	1.8093387598686088	-1.2760064379111753	0.6212588118137519	-1.3311387899373488	0.5137453895681776	0.10631578470290677	-2.2755165139901012
-0.8500065415293163	-0.12009305333084946	-0.14933593180848054	0.9031691123199973	-0.25149328774002777	0.10061626914925641	-1.1654897054727302	0.1264394016665777	0.03444766097283973	1.496375562932857	-0.09264820247938425	0.12445552041353344	-0.11624737702732532	-0.172707218925331
0.03122720220371017	0.43542752730193635	0.2683025102570614	-0.4857673735093536	-0.17358539088659597	-0.6551921215319038	0.7105638467386975	1.5470951287066688	1.1600643038346459	-0.3318066483695193	0.5311160978676921	-0.6790528595008264	-0.258595669241325	-0.44111041607379986
1.2183523703182133	1.251483891427148	1.7374446450041392	1.7049647959972398	0.6992524500990294	0.32126596545483266	1.1002907381673843	0.7729957393077189	0.5139752310100144	-1.212503507657921	0.4040540856089511	0.24547891019434265	2.3592647183169126	0.31583350417913414
0.9320912520026268	1.3550551557717798	1.2419074665416696	0.8746420055907467	1.84041519007358	0.8175400330882685	0.5657894480418012	1.156483611676867	0.9427274054573938	-0.2596843790192975	2.029779291798111	0.4575960825010328	1.0705525151183455	0.4470544857419904
-0.9604356301728707	0.39175183799149804	-1.089440611384658	-0.9988513346395205	-0.012772218165958416	-1.5168178560335899	-0.17081010300825045	2.080665667547002	-0.3531726912356334	-0.5727746634552776	1.4065512548036978	-1.3917846863823577	0.11848613463318868	-0.8803447894633408
2.604654944572075	3.610300406378994	2.3821266291506933	3.3018934557218422	2.4191560531600063	3.2555754075112637	0.3689751423017512	2.0879393085286866	0.01777384373329212	1.239897746629051	0.10268321407515402	1.1423239302026043	-0.06535608977411539	2.3706080392166053
0.8119910521570533	1.838649290651194	2.647938804519817	2.000298952792771	1.0850538583134515	1.4729873151454822	-1.211711478347231	1.3316905945806725	1.3523582125369082	1.01164655079985	-0.11025559218382736	0.1986553157492829	-1.55777664372847	1.3511902626484846
-1.9639023673226474	-0.7037374308443055	-1.06467017733863	-0.2075079981608282	-1.6937504911262682	-0.7285222199581586	-1.7994919193933763	0.7841330880985496	-0.33278632175231204	1.1872436822944779	-0.8976947611013181	0.24032179687022817	-0.8401845011344378	-1.0061803834765477
2.137608701233209	1.4487640954623764	1.143116239041955	2.588552095154622	1.5408610980736204	1.9597044585074987	0.6837610351104745	-0.539129720941524	-1.0009124690666775	0.8739159366474694	-0.35523957627256225	0.362567878240557	0.827275055990147	1.6067869168292612
-1.346270616633133	-0.221246778167575	0.18872264195699684	-0.19845820345287368	-1.6945336944963605	-0.019978347060459756	-1.4920096720406733	0.566378847571179	1.1233539871450742	0.2580152120182444	-1.890491442205994	0.485021467018219	-0.29304582585193273	-0.5024649215398959
0.3550451720148693	0.025684335708685307	-0.9095935760922935	1.2167237523260015	-0.8315565515880071	-0.4199121090679685	0.8957589955911672	0.2317314534971218	-1.354117403348237	1.598168579249788	-1.1317858979262545	-0.3108836238998542	1.075462432771404	-0.32844702294386857
-1.4069827647261122	-1.768400011419832	-2.3904836355569037	-2.86133661825672	-2.5786518080127623	-1.6915946370928043	1.1917528784253972	0.6750999199461103	-0.41176961231031817	-1.4825997933055657	-0.6754491713968245	0.4284999484283084	-0.13260609867746762	-2.1469387436520044
1.5858764050618288	-0.22942138369961101	1.3052654400937562	0.7764603966828109	0.5213382414016804	-0.28452126411061895	1.182101039336235	-0.7938841138189864	-0.29903980539095537	0.15996774585514756	0.07590117718738387	-1.414902235725237	-2.037499003681133	0.6544088853280075
0.5913240181694842	1.604453840249277	0.7120042182120842	0.5616049870820683	-0.285380625423046	0.31319215134612793	0.6337511349791046	2.366015343431661	0.8549076276743786	0.2938767217194925	-0.7837251997114916	-0.14089265688544764	-0.06663483575039938	0.19817160134036046
1.2346952955854515	-0.30521699445230877	0.24441488762638452	0.4980656540487799	1.3922898936144585	0.31660149640620716	0.28692408394546637	-1.892209363208976	-1.3391125250387337	-0.9452216098491681	0.9215435621024084	-1.3388002149878875	-0.6570950245691748	0.9615276283869119
-1.000376415213644	-0.3070079196275761	-1.6239731853508599	0.39270131420843124	-1.1533294505525098	-0.14161731578314457	-0.4423895752905028	0.9430993144473272	-1.4224265621882781	1.7554154068514227	-0.47029468691375115	0.7840500626807441	-0.37278365090691146	-0.7983107781145901
-0.9938944459173362	-1.6443139375213656	-1.627797951306257	0.18677357690086038	-0.9059597922647136	-0.5712078416356272	0.5282284688825537	-0.6784043121385013	-0.6950655849098193	1.7261428198789432	0.625207222752909	1.3372728164000518	1.1185173800221764	-1.4609748262427003
1.1758784820313715	2.480860935194479	0.5969030244954764	0.21144336220386972	1.474005163296707	0.44901805824015206	0.3318534443896058	2.5109411648802533	-0.6310630949267682	-1.6047611526265333	0.8328481985729266	-1.2108522450996901	-0.006184972046831164	0.9755332306756933
1.0697189163482328	2.2593971220703293	1.2480134176119588	1.0709563024413475	1.877305025387514	1.0354405005782745	-0.24422223594596001	1.6559131636288071	0.005875341497068883	-0.8343751820424321	1.055321520873726	-0.3040025071892445	0.8784110781985154	1.090167008253342
-0.03508958992784994	1.1382064063220245	0.33661039032408013	1.6076346232256948	0.5345990836140939	-0.12319592680966263	-1.555223887731413	0.26322089417584976	-1.152432936538448	0.33945829122180554	-0.6536256453835707	-1.5603710174940073	1.1992720587533658	0.7404194580658415
-0.2969482250389307	-0.09612606047791453	-1.2653161784615217	0.16091453584329904	0.4317433398099181	-0.026029486012350056	-0.8543691441228177	-0.37367756590664325	-2.4168828182152295	-0.2868236904252929	0.505425999931765	-0.6582068495279573	-0.2305238989983306	0.17418525886573755
1.8780469458014082	2.1055132614068937	1.6477779148465117	2.115286035648749	1.3396021052488194	2.0235827986919905	0.5142227816645963	0.8576012875630064	0.1775840272916793	0.48258104575428007	-0.41043366040777074	0.6136759093924574	0.5370816398244649	1.483536160904197
-0.10499405173103997	-0.276703525889597	1.147268493133833	0.47730712405556863	-0.6492569447638271	0.48882779482531247	-0.2804760899262807	-0.014702419090774759	1.7165134322333053	0.7912098657904899	-0.6847532915364992	0.7491156633955551	-0.9751991530450762	-0.07284224382611694
-2.07296299759441	-1.7562682875743338	-1.1084498710077666	-1.2738796824356953	-2.227831727844162	-1.4430685468393827	-1.2329994421005115	-0.7303820769473116	0.4314829785296336	-0.2974630818460286	-1.5116067740903516	-0.36288834347561977	0.44086526907137485	-1.406212095220222
1.2856739228888847	1.1468403857328626	-0.29598142687459394	1.344416100543365	0.9438014831849056	1.2996039631169847	0.9175990967861256	0.5059310053894511	-2.1023995245959823	-0.078721199997897	0.3135457571550769	1.1889920445668447	1.427837554165069	0.5577142716661782
-0.3923612701339877	0.5074909695428128	-0.30372130484418913	1.0482330913481457	-0.10246175776257238	1.3081820107802693	-0.884330770562729	0.5988331713591504	-0.6774026699894494	1.1437820783030719	-0.415397125858131	1.7366429843358095	0.3495136148656965	0.07828834375418324
2.861986712692145	0.7120224838455544	2.8065516554073513	1.0100744684958978	1.20791475565525	0.05295802327618904	1.9764395787943816	-0.296808940133529	-0.005994431624093962	-0.7033794198739394	-0.18911138774025768	-1.9827183699165074	-2.6385031993421126	1.4178084877940944
0.0850076254437368	-0.7381620208447237	-0.16872098927110496	-0.6792605078280323	0.018536791744449443	-0.17784619185294606	0.9637005254136681	-0.13992585629072538	0.5978219575519337	-0.4031249726653082	1.1165458757105406	0.3456464967794525	-0.44019238262183163	-0.5661680305459221
1.4941760782041538	1.0082390442527966	1.559684026852082	1.9264904925674144	0.8722786284665145	0.3060802538068865	0.9602196074138524	-0.11237872936939797	0.3026070326316841	-0.045574238079660975	-0.05222168059514595	-0.5888426955780764	1.8275042851129262	0.7101654248518501
-0.14249289516771135	-0.6099755366675684	-1.5255853815502611	0.14900814528240475	-1.4029998092401863	-0.12095386354412141	0.7735888435768945	-0.04061300045930051	-1.4836232025031695	0.8344060370789176	-1.3541037344172824	0.664153638306455	0.5313270125952694	-0.6918731389110421
-0.7736679749477933	0.5796518832735209	0.16771740887305753	-0.42737434013663733	-1.6785306889006089	0.13185825108965837	-0.5998357681593404	1.5686079847786178	0.9102819454183317	-0.6328550038505563	-2.155303251316736	0.9189967093168695	0.9065780934562767	-0.5428285262849051
0.5054407629744915	-0.12297577394388645	2.5952262967136828	-1.137718335875773	0.3975380798493645	0.2972995876994211	-0.14731472797962103	0.29281943457637616	0.6794760214983443	-2.434379369573044	0.1668144696238744	0.3051826731114943	-3.061044873702372	0.3135415400507623
-0.02627435925828836	-0.9835229328845587	-1.5256225774429135	-0.30680650671719556	-2.0367616269459026	-1.4795542941021051	1.571595845068846	0.04527642172570442	-0.8974151303729677	0.8379861562799515	-1.7101880588855263	-1.1483219564794946	-0.10628082066336396	-0.9894326217873085
0.5681166749505847	1.304969895357019	0.5747789818593869	0.34278495310414203	1.0761987678303677	-0.24898409330866034	0.30347776729323606	1.4876175617468959	0.35029652024553437	-0.5247530430853142	1.118407023278372	-1.1748474109940368	0.6049216708593754	0.29141502413700654
0.11311853140517703	-0.013851031232403832	0.9319885833507403	1.043481252034472	0.0956463421196399	0.28116068372479186	-1.100263897514003	-0.9166025196466902	0.28536102639148986	0.45140846893829156	-0.750580884858447	-0.9097608563511866	-0.6718820054942308	0.6704868816544565
-0.19441898664957366	-0.3316773482364086	-0.01602880369986953	0.6492086441708264	0.46747208441875787	-0.4372590347901666	0.32778023211056073	0.030941778833019285	0.6138652048765671	1.197841376374544	1.388615368480188	-0.12091483469803196	0.7819085748111468	-0.5066241304984496
-0.27466270106374363	0.15652106388492099	0.2699336009378938	0.31699110319737844	-0.19157384505457492	1.2040394970318278	-0.9874590957922474	0.09963898053655197	-0.047503135996367254	-0.019173657444694545	-0.4936209637552831	1.3672892739333902	-0.6218239767733714	0.22110247091766408
0.7986874132629881	0.06042321825280125	0.7849405696911625	0.5230877988273217	-0.49309717670589115	0.8068756258114724	0.9839138079379235	-0.041592228853443644	1.01975545528955	0.3798942677048376	-0.9661080192289982	0.7771960442513033	-0.32978533655568154	0.15133562287600374
-0.37657105575299604	-0.9697500679883087	1.294669794661441	-0.08183484079382841	-0.35090831929800737	0.12377067872291525	-0.1248161503598353	0.24451926336051646	0.5773813671162731	0.7858734639574255	0.48538915576976166	1.4581383973937387	-2.7516938665842265	-0.5661228526877732
1.0803486884851676	0.27580148360935386	0.44440610657071555	0.8304550736231014	0.40051847044807165	1.0325286946888643	0.9775501056133199	-0.3841967551552994	-0.02343287045653924	0.17687012674935854	-0.17290159220295084	0.7016662971741263	0.39640723620576596	0.42703808946138033
-2.0401023828191587	-2.5992082217481713	-1.7245758812724024	-2.048331831705925	-2.291446244368186	-2.4007739019615344	0.22374491817648193	-0.7271894618655583	0.8088755188204771	-0.16946462349118868	-0.21128159617869935	-0.5804216897196272	0.37766128854390096	-2.2384268023376164
1.0495441276334132	1.4054445821628319	2.0615955779228514	2.8744520126218465	1.1814245108640258	-0.5144850924220623	0.4415399686321125	0.7157068596859858	1.0574776282040808	1.1825433878878706	0.7460478496230177	-1.626564121651306	2.082859018752401	0.5594486626007602
-0.29246902487071025	0.6623338768472576	0.5743695042428489	1.3684092812938273	0.7596312742859673	0.16492740455742713	-0.4728558505523088	1.114538537267844	1.0131411996355155	1.9533883936243661	1.2769359392911641	0.010486647744297523	0.16181343924552244	-0.03875193336255322
-0.25043477380306245	-0.4017882266659703	-0.5227158481692185	-0.20107714228106494	0.2134918687234486	-0.5239247487672619	0.9367011838829076	0.6639054591807587	0.5418965191040567	0.6355725162592527	1.6927256492040013	0.28355319551866337	0.39328208813013155	-0.8787879198004518
-0.6104809840210961	-0.6586526231221881	-0.9411772769183591	-1.030061744742323	-0.6191342290442128	-1.0833357515118827	0.15097708541783386	0.5268416316570711	-0.41332521069263	-0.5063494393582503	0.5663943461528598	-0.678678250712079	-0.7875858255154289	-0.817240437013345
0.3861865426127993	0.8703084741661962	0.7954378952984339	1.6604814294542107	0.7503696289865301	0.9798116254796849	-1.2318418347769622	0.03220256865773246	-0.5635666263261709	0.9346233774825958	-0.19420060879379547	-0.2831977273642387	-0.7895560052254025	1.0088981340166372
0.5754037097847258	-0.4425451264560927	-0.7412020440019019	-1.0125127210077212	-1.1068529284332587	-0.460483947671858	2.0085515749326994	0.3050994229465529	-0.13602395430736922	-0.9866284286120536	-0.8015138503113949	0.02202127924748514	0.21700610601512885	-0.6690060014270502
0.15115466500289998	0.21136220088986168	-0.41023586386578537	-0.3001602375024924	-0.6669142264928932	-0.11079645204569177	0.7252746193883179	0.6705671166332239	-0.4936107301975755	-0.9687019399758873	-0.6819122939525133	0.47556659837826076	1.2965822096395092	-0.4502945110179745
1.2270279942342974	1.0403006787627094	1.115052036751376	1.7296539793431909	1.9045973820502762	1.3448331120485963	0.06481556318463613	-0.24909887957972468	-0.08612691085693588	0.5634164227801116	1.1915256043673468	-0.02767909371510557	0.13279313217892227	1.1632013800747598
-0.3295848024886633	-1.1552712303066683	-1.0029332225655252	-0.9441622209623577	-1.1796498688917172	-1.2010035872193887	0.45354660800776664	-0.5028713183316719	-0.660158306111111	-0.5529337737462714	-0.5635433805767259	-1.0694675085833873	-0.718011084532499	-0.7099462224011656
1.3248969279496234	-0.1223242632464607	0.7058672203521609	-0.42132305573927875	-0.3727255734353647	0.534779568130556	1.4982738900813277	0.023401808198945905	-0.2558679582596399	-1.1263195626751152	-0.6638856058295857	0.5944186527164178	-1.786649670887271	0.220964586011626
-1.2686746205343522	-1.1151032422190952	-1.2326730766686764	-0.3901057745922767	-1.9058132300275097	-1.9836969736847014	-0.2527792457293557	0.002851500096555529	-0.17890392119128432	0.8775112347207789	-1.3149935615358208	-1.7629505915891053	0.04456933390952559	-1.1257280090589337
0.01446131373254933	0.9604715730874069	2.186600138613773	3.3796938090394053	0.49864819167657876	0.013876850913663141	-1.1951377315651468	-0.0722090522368949	0.5019905728938305	0.08881293877243271	-0.11074506070192454	-0.46863468772150224	2.658250206125243	0.47214696320449534
-1.39244512552353	-2.0690098764364864	-1.7354574499846598	-0.9231288772318756	-2.580924277818063	-1.9707463291188096	0.14072293821590456	-0.5191364563641306	-0.4518700267467239	0.9723888740909439	-1.4008926491963352	-0.8551918768996354	-0.8099476491092744	-1.5955384727961535
-0.24242686750494916	0.247030776855083	-0.9275496864339043	-0.6866671465030265	-1.1026214578542275	0.15145290022894498	0.3942859774056082	1.3508719409667729	-0.6971850842509401	-0.5462623523341404	-0.8991547038060667	0.7924252106511511	-0.22198944535789525	-0.5190944986534016
-1.2473895498523888	0.04386094162381172	-1.3419984084976087	-0.10170482247983176	0.06635375864876575	0.2677506143952978	-2.0682465156283234	0.04749469660907459	-2.1795342747088706	-0.587670127490196	0.09371409864873599	0.3159080673284052	0.5423103219880647	-0.09309794073924599
0.7606981269328941	0.6093315372265041	1.1163824713910802	1.3021131100705496	-0.2917637555860657	0.7963105719204867	-0.6757088770706609	-1.0244132317082324	-0.16792636633676136	-0.4227888438153093	-2.4786548673331303	-0.5812020077926555	0.964536408377716	1.0310721945759003
0.07604936887515201	-0.48258391223350827	-0.6723866112778532	-0.33427200898109255	-1.8740476850712224	-0.8250089130505786	1.3689930953470282	0.3967088651919896	0.16140682145901414	0.24108806264142435	-1.9115731685665467	-0.2579264224213187	0.5830219005877463	-0.8372136114662513
0.04887394681398616	-1.706360927345476	-0.13996733268498773	-1.082131653338376	-0.4746389169456775	-0.07261081617714882	1.0873827803289162	-0.7172372430457407	-0.4521008686850932	-0.4469339441454626	0.8721356514049589	1.4685539581795142	-2.199362674821688	-0.836146046553694
0.7317059452303629	-0.2407021824711285	0.8617825985295565	0.8113756438877566	-0.1404591549475206	-0.00934130967917346	-0.29301997480469094	-1.459320584894047	-0.0882186427920189	-0.1194154850758666	-1.3182272366281091	-1.5711016654981773	-0.7841799245811861	0.791726153381537
0.20435211314326573	-0.31696903749093425	-0.87562511249541	-1.2165207734497865	-1.855571188407347	-1.845614360576921	1.4867771008469606	0.5388339916281996	-0.35099007464036297	-1.4593161894746753	-1.9919996419243615	-1.9425103363820277	0.8552348853692556	-0.811316409541705
0.1302942276508378	0.5063875342449822	0.33778038260483445	0.31665211817317745	-0.6989345852417954	0.0703561366465042	-0.2655006745481149	0.3576149719631418	0.12063573485432742	-0.29625506930437334	-1.651042005312847	-0.6461463204146364	0.1566314616542389	0.2604922587362493
1.38059305928995	0.6681369249910598	0.7637519433605835	-0.1543249340941325	0.5509487089600175	-0.042930433545938285	1.599393203320311	0.6779370808357217	0.6285780790554101	-1.0537087895287283	0.47806147311471436	-0.9546636797106957	-0.43602996596719756	0.3485806696830664
-0.04238766666537763	0.4149658148473024	-0.5688717299216198	0.4397989649133039	1.3526307844123473	1.178118287721814	-1.0437923068420278	-0.28678215051756967	-1.8756153358414203	-0.5850082938493383	1.2763615982762064	0.7203657054085457	0.18805155533816081	0.549424794090212
0.9714438908420733	1.3248680189211965	-0.5397007638656989	0.45615385852413903	0.177964978766955	1.3016310302203666	0.7113260855406449	1.268281589286588	-1.7560085223641906	-0.5636012131477686	-0.6361534585648536	1.1062310987381094	0.505140137922124	0.46287103776481886
0.22724173649052953	-0.6748967402658815	-0.4439006818712061	-0.7972092024072338	0.5452503072132969	-0.8934482149866281	0.40693647456887005	-1.0982337482604438	-0.6828665334390298	-1.6371944132897271	0.9354025632574633	-1.7603058220070729	0.10140415517828687	-0.036237322345272646
-0.8527311666845112	-1.196826846998303	-1.286482622024701	-1.5202896749599608	-2.7750613453225705	-2.117343419141698	0.667818488236753	0.03952403129319445	-0.038334694404720926	-0.9334503953127459	-2.5732073576480037	-1.5229104783816692	0.6878757620390555	-1.3581164181820307
0.7927409963327909	-0.7488880277754801	-0.5408468445060852	-0.7851294503473085	-1.303037613756986	-1.0204765898116575	2.1952845411083137	0.4406174991831366	-0.4893364175769543	-0.19933407745274606	-0.6567024020608017	-0.5356215637621665	-1.5199177375891442	-0.7092749797675332
-0.229025481732751	-0.42802206555983585	-0.9712830785530633	0.5434072530549954	-1.554216646856085	0.738036072586471	0.4707511736859097	0.0929175447270887	-0.7341832765306334	1.2982830845225721	-1.770931696128886	1.973020932699638	0.6224638673529032	-0.6082653658666697
-0.8973295554990398	-1.1165208288059905	-1.095073272246807	-1.7623897150111336	-0.3289777839483716	-0.32850749936195145	0.8135637761744646	0.42553405361104174	0.5422553623645823	-1.017524449773464	1.7420678276913093	1.5726023312271242	0.4158937782604918	-1.4550200166247138
1.382577814715567	0.7114237895401565	1.1432056147399292	0.5361202833445299	0.3529170218829696	1.7177084975248875	0.4954256947864219	-0.3841019065240374	0.15556415767631798	-1.031827734545013	-0.9848530062225989	0.8549907468485815	-0.38876933644101275	1.0196388007427815
-0.99116797104109	-1.5141214265191636	-1.473972305889814	-0.9291089823260348	-2.265819016830716	-0.7471291981447818	0.342722863968225	-0.7204236140718017	-0.8935227755667693	-0.7219528985704884	-1.8103883247481134	1.0242716136103036	1.4849076543674793	-1.3788487889495784
1.4349470041621917	1.313798241534071	0.9822633259739861	0.6783021963367608	0.8506840336797906	1.2787655546576	0.943403866612255	0.7401887270436734	0.21519147638106934	-0.6537262794525868	-0.0316264992817593	0.3801640507965798	0.09095577966754241	0.8514938493743585
-0.057021084099933166	0.6425151926266036	0.2844334828578515	0.8264737712586491	-0.30327564796099876	-0.14833016997865303	-0.08093415624011338	1.0700116357301042	0.5469192649579641	1.0229411690141021	-0.5043191108180036	-0.4533705968314582	0.33009248553210024	-0.06551028591787886
-3.3334378174704753	-1.6720940502497499	-2.8550114030915466	-1.4315138024948892	-2.591960030403428	-3.1443581825342957	-1.078925256585001	1.7719302197355133	-0.24715081425823937	1.8370010435305502	0.2387075546739421	-1.0547156611119657	-0.1266229630106727	-2.7099275894889234
0.8462216522022656	-1.0013451341759803	-0.23396508761789847	1.23117693932542	-0.562020230376445	-0.5453761327863058	1.6774002796671985	-1.5077895140225916	-0.2361953048588991	1.6277064722422288	-0.7193549834725059	-0.5812782601885774	1.0216489291653255	-0.30100121159549026
0.6715673287038337	0.8065923564203318	0.6732029695663958	2.3579692496755253	0.15110156616045556	0.876897800460593	0.07342615830226197	0.6139473993994898	0.12498609968976175	2.827436124743977	-0.48645118945005367	0.2677376530940225	-0.5246643181352146	0.5431567804076808
0.28948698863038513	1.0940586472200087	-0.02041456076063225	0.2410226415520173	0.7239790771067109	-0.5829672058535417	0.24249868621868925	1.5739873447968555	-0.2197225925478043	-0.19314517900642658	0.958134432294977	-1.4575289929268274	0.25758759905735956	0.09814872053042331
0.6221944469276675	-0.4662693151580592	0.18027458601745563	0.6871823893487273	0.14168465000163166	0.3014831592927115	0.3747709972286143	-1.4422099534478874	-0.32519181614067616	0.14359316118107524	-0.42881017834227786	-0.4471116490702428	0.13714314949839992	0.37162802701099323
0.2277599396433093	0.3031512270320302	-0.40673458244364824	-0.14165664173761472	-0.19910373474541807	0.7921792515064274	0.6846799243439305	0.8195804698803297	-0.36826734050655685	-0.2551314592442229	-0.01751128294604675	1.2966859404500464	-0.01392060065954485	-0.18581293476425867
0.5607267911881049	0.9350743413219803	1.6502204956301976	0.9719248688627945	1.2307023703222801	1.0198460238908742	-0.9393211898725744	0.15692963572931692	0.8524073118211851	-0.20157752464129525	0.6201493213986292	-0.20241911502281507	-0.8188243792353408	1.0046814357314584
-0.8875339568850737	-1.0235205345272518	-0.6548760865002746	0.8853373171416461	-1.0401908367799635	-1.0229335369358667	-0.295160239239666	-0.578624863455394	0.10542790849312808	2.1639920763661533	-0.5876067223240673	-0.5978115045856384	0.7026423556153035	-0.816874087577076
0.38411198359775955	-0.7298532546632157	1.0655345248636043	0.1252532065928325	0.5953537199020338	-0.25133203763874845	1.1890699743412847	-0.16976154454730877	2.2818015155528926	0.8260940921076196	2.003893747639961	0.12296535326394223	-0.8683017639883012	-0.4543359751371703
-1.3207390736209697	-2.1715689800138196	-2.8446264008193243	-1.828180293701542	-1.016479945431275	-0.35803013340941137	0.5996396442669952	0.008409101355126694	-2.4253276924725538	-0.0056302897171168365	1.7514703309705837	2.5073759219187886	-1.5459529020619014	-1.8674238604145152
1.0902476727770365	0.5990694876067287	2.169051630388182	2.650951124859189	1.1848842603301657	1.3041984002260891	-0.9608292153027115	-0.916344274850966	0.27917167553424616	1.8962970566777773	-0.1486221957560696	-0.26473678408755014	-1.6244676657345556	1.4737695856642195
0.2381113870433066	-1.1642521356576943	-1.396625600117509	-0.5801684726396918	-0.1464377404522258	-1.5837733387693524	0.9010774857587944	-1.1310749435221825	-1.7723370363919586	-0.5272285956828483	0.5581789357404998	-2.2904970319279507	-0.5059418255099315	-0.3844188044423984
0.8155269285152754	0.6807657343091427	1.246221576375556	0.7357844897962396	0.6189583309663129	1.4155134804314444	0.4205372127007092	0.5267564658303474	1.1832226373669175	0.2424429472630819	0.41451349623253997	1.2834216322558574	-0.552559117447736	0.4752236783004814
0.31059113102934954	0.26206525818517573	2.2110295520345424	4.509678751590208	-0.9556014844696019	-0.9637394349535819	1.1146041718842328	0.4221074643119909	1.1562309541686955	-0.3623899289891892	-0.4603907905082806	-0.19413979696673178	3.2914961937421157	-0.649498459150442
2.4697784471792628	1.4405186160206798	1.6222739955322931	2.2134449898786497	1.3367495810427834	0.6987533104616244	0.6990934940456957	-1.070121353762635	-0.6947036841907336	-0.2133149557348577	-1.2259752502993626	-2.3387344236337912	0.6803438073302348	1.9465226668122135
0.16781704293831412	0.45296728082055154	0.8070049639477513	0.9360690039283199	1.424302156317168	0.5716400818746281	-1.1313705053513414	-0.6913130175662834	-0.01826766121419211	-0.27635770867755155	0.9358460754362032	-0.6032354041814837	0.5324398917958301	0.7612671130011556
-2.2085186534670167	-0.9949854528822317	-0.7670012289644904	-1.2147574832949422	-1.718259087470127	-2.0508368747991317	-1.5684955922070616	0.8617066302366764	0.8488760911544342	0.09736800765422397	-0.3619668259705133	-1.3857497493150253	-0.6951622219746716	-1.3729769866293033
0.012163389455085216	0.9237453772596319	-0.03627821768757167	0.25999002311476566	-0.6126673473348725	-0.22837041392266377	0.5756226496854444	2.0137975838478677	0.4518163530007189	0.40257333090123953	-0.5118385442091424	0.1678071841049516	0.8685454080644996	-0.4582422546619886
1.1145093246748572	0.549476606007665	1.0537165572289169	1.6877573801368282	1.585561495838953	-0.12601273267965785	0.5205334777231094	-0.5472812468194165	0.240649675674497	0.6888119425953242	1.2563164602049235	-1.4333862514086348	1.1382844104507952	0.6501884720091559
-1.3449084755758414	-1.2944568578329363	-1.1016203600268497	-1.7904077765432236	-1.9565996043593334	-0.6501394232960449	0.5711011640656892	0.5772701520506105	0.9417028828069278	-0.7448316307171473	-0.4936563608289625	1.7131202078480234	0.8476841911296518	-1.8103557872892329
0.9735935377320406	1.0656648280158385	0.056311974723322555	0.6691249805524498	0.949266449625997	0.48326218667441856	1.0217587476017107	1.2813680206050293	-0.4651407908051826	0.2828165454722505	1.0871196678972814	-0.07322162126394827	-0.1654037629650556	0.32992476824583206
2.7059914713336664	1.9823460553579424	1.7757870524841164	3.1144962419069824	1.8836069257667145	0.6821473502115414	0.9016557464248713	-0.49557046090439705	-1.0785096478855447	0.41711895754389294	-0.4978930181674356	-2.1975530147132707	1.482864459920244	1.9831154399165316
-1.159678528159131	-0.9148904119121004	-0.18900978420594183	-1.0933857881211326	-1.0162907138454993	-1.5913906795658042	-0.03787297391735796	0.4054453168711363	1.596383899811489	-0.22585249462772808	0.23643621027524558	-1.072809016890082	-0.053703340887279204	-1.1474169338573263
-1.5525434175238686	-1.4410545335116989	-1.1247149815569304	-1.4534561436476807	-1.1625330236963611	-1.1194470651383015	0.022984588686439194	0.30113603765819474	0.7738047770029631	-0.056126382910202235	0.7651756216526692	0.45949695372425553	-0.1431885740119588	-1.593098441304224
-0.3663064472903919	-1.7349095267081376	-0.2106488038525005	-0.0014446823518974306	-0.5292636667156569	-0.5253419147513538	0.8075954037759471	-1.5379718986779176	1.063662473321271	0.8925880074860469	0.4949188118498942	0.48839165672903895	0.7576829413846017	-0.9636629757783074
0.4897527872535301	2.236241300085934	1.649873440423311	1.26333637982911	0.6316314149735173	1.2126353404675096	-1.6312911191712902	1.232134043323573	0.3323856689468566	-0.8058104466200512	-1.4284734096348946	-0.5321949382591251	0.6319311366472488	1.3705746467623403
1.0412580927346573	1.412940793251788	-0.2929526838404123	-0.9285788664432975	1.3542477580302923	1.5085620951204337	0.664211065139893	1.409475497457499	-1.5124254564599875	-2.832472390080242	1.3112278774938475	1.1762096234560262	-0.19730586996773403	0.6067166687708353
-2.210290314874204	-1.5903500521182055	-2.325420959620236	-1.5966374739071925	-2.3016755434440803	-0.6830171159422492	-0.8587289028728243	0.235119171388574	-1.023864811272042	-0.11008974427441798	-0.9504679187025578	1.3844610135511328	-0.09295649964537535	-1.7128302550222747
-1.1021588616816653	-0.9136400008205101	-0.27353572869174414	-1.4644350792864573	-0.8406829007711005	-1.908033952227361	-0.5934328328978634	0.6630147196201517	0.05309715762817521	-0.9094882799376652	0.5100903414145419	-1.5185562299592208	-1.7978846895829559	-0.9518718946760097
0.13567908158989517	-0.004258294749478281	0.6010431921873965	-0.13045582228151753	0.010314155395529517	-0.1315911149061001	0.3006422640632636	0.37875791909947876	1.1260418095529652	-0.20269782123197366	0.395462294685359	-0.2955958081657608	-0.5171803003027119	-0.12807698614862312
0.955291002021527	0.28705417733579197	1.5439296002480578	1.9143707943113897	0.9889932627355422	1.0413866695205618	-0.9726241864329054	-2.2377194156916747	-0.2608000911236301	-0.2950861105403334	-0.9612214823416695	-0.6514073713692409	1.2769293023545936	1.374299966279878
-0.09098523792782193	-1.433105148487707	0.4475314602200904	-0.47799489334088685	-0.13629409119282626	-0.9073814693459187	0.6017083680674358	-1.6410072213324274	1.5465625198743196	-0.3895663046541233	0.5207828775434193	-1.025138295908673	0.1992113367848667	-0.48834308304522406
0.0446993286367543	-1.257530551680502	-0.27912886457047337	-0.8606692694511602	-1.7066653331009078	0.23553640546364063	1.0549146422184446	-0.5923838252148818	0.4513956586147762	-0.37005016676836006	-1.3821431720136035	1.3875923597386552	-0.9179809533492225	-0.7185040658817285
2.724567749175719	1.3863956915166673	1.1311697880171812	2.7890590366306416	1.4572546602702114	-0.26292109493445015	3.086277728444646	0.6262093714328892	-0.17390996667961134	1.7466511444577297	0.9701141391758517	-1.5314587923694853	1.6722749237444572	0.6762150839080421
0.7731899471510079	0.6936205982258379	1.1039601730426005	0.9981266090041755	0.14451042567626032	0.32361469548424615	0.5558711542999523	0.657907111651712	1.1663694109893863	0.8106821770408056	-0.2603288946237761	-0.3952182966493247	-0.3810851128414275	0.3750933538030961
0.08639152757395385	0.6704130010875033	0.45762033065300056	0.7414531330603504	0.4862800742158391	1.069381717021032	-0.9960636129706052	0.2685343912438303	-0.32356166685716703	0.02054865220609863	-0.04446447633450813	0.47764132050449243	-0.48098156054559826	0.605488678450325
0.3711878494142995	-0.031758508245530837	0.5693395106710668	-0.3354002776843385	0.2553418375313403	-0.16025623592613084	1.4290440148560986	0.749033324404442	1.8120292188544382	-0.10097858766187562	1.2283201189844986	0.2919662367835029	0.24211938569756755	-0.5296023800277095
0.8464403777396403	-0.6876677570330525	-1.0954533832785256	-0.37426194177680505	-0.634147934383338	0.3503403037451268	1.5114576374098523	-0.6187859843377777	-1.7202731920456864	-0.5005975103118426	-0.5507207551028612	0.6193839685466139	-0.7310700597026799	-0.17018215448984989
-2.409399245599281	-0.5080162057641437	-1.5172376149644782	-2.261045790175689	-2.5198857347284576	-1.405044407899342	-0.6126789021278927	2.8787300787954146	0.9213706233360671	-0.4168591610540055	-0.48287924837287655	0.9182200681294704	-0.5372903741847657	-2.1277961782044397
1.0037459445599608	2.3051371449227522	2.878032155212777	0.7745189449423517	0.7794092804565026	1.571578574557536	-0.7878348879408373	1.3349520461493063	2.368094816675506	-1.6298195620761624	-1.1947734119404403	0.0491338066492674	0.6226651534525036	1.3796328865426677
1.39287460903933	1.1229196012920966	1.1165485248739833	1.6706105925011465	2.5479460315698734	0.6671681440737696	0.005445851613077	0.4494061721933078	-1.0788307874889564	0.7369654716557535	2.5915093255224284	-0.8338760944596169	-1.6915418081698157	1.191584259610075
0.4385557605696884	-3.408739159010965e-05	-1.0822731760026052	2.0031697358704452	1.2176860057686396	0.26893298932432963	0.2702717856991291	-0.47566462044276925	-2.205678668381433	2.509331930665717	1.555857347500928	-0.23266438453408578	0.3301568348124773	0.21933331791157595
-0.028676916108848566	-0.41574271765540693	0.48204039796526765	-1.4375439894803899	0.6526644964793493	-0.6761339758830487	0.3639761013689281	0.31085819581296154	1.0840005522088054	-1.8599769732698528	2.0297574492866297	-0.6392235308776211	-1.0554705104616549	-0.39116353305085283
0.22624913185811113	1.0986266734855128	1.3996921676496097	0.5530783411327065	0.6579742867600825	0.9309340186826783	-0.9472653707341163	0.41580233280906964	0.9391563918071268	-1.0284985154376003	-0.2757680213257754	0.24729155832019922	0.9304245506779475	0.6630603636644816
0.8565863192550858	1.5007642579478198	0.9630530420692466	0.7794791232805248	1.9016759512228956	1.2316610023873231	-0.11194373165562839	1.3415297742546493	0.09319143894853278	-0.25018377576396816	1.9952486532090639	0.41192358049566147	-0.6430043423038619	0.8244472618558025
2.192430019803328	0.5119130150717931	2.2588617471117747	0.7406646771804101	0.28199748380724127	1.907791837394074	1.8395925025779194	-0.0663950121517026	1.324405761481512	-0.3109896054781321	-0.683337128756376	1.7363678427799691	-1.6937049344203665	0.890491009246888
0.8213470866188527	0.3330721229837278	1.4013030545288871	2.2212414245836722	0.3291147339436973	1.418678928300893	-0.3668831038140747	-1.1817692743949972	0.6240535267028156	1.6306585998906873	-1.1883328879320292	0.3231440290092281	0.08324317110290878	1.0254850534001443
0.4364518291948689	0.2488216244447691	0.26297579596316295	1.196636176191333	-0.26776649064009456	0.3576979871263963	0.1478110988338834	-0.06540744848548104	-0.10135062327411157	1.177160581098309	-0.9265929809475237	-0.2648592824213343	-0.1546757838486625	0.31900125030579024
0.7364161601169451	0.12872677244460212	0.7638278649619361	1.2222837692743764	1.1503736687535726	0.8412222106865603	0.19304941922796354	-0.6176422770345339	0.29733060572536835	0.8557790736020047	1.0832058825802737	0.1456384624322929	-0.32497685683112554	0.5643075100315476
0.030617867346660874	-0.4983531543468599	-0.7407384915388344	-0.9313234777748458	-0.7037516952645237	0.9154953988419323	0.23344356573146985	-0.5448444252238397	-1.0110582060788462	-1.603884586860941	-0.8874062031119498	1.4289243697714378	-0.16084389730491377	-0.13927771975157338
-0.18642041030293927	1.0909625841651707	0.32004210137362643	0.383984428625744	-0.7134633127874463	-0.4685201484171899	0.7898359354386101	2.8084473211301106	1.506851454198411	1.028903474453879	-0.13842271646827495	0.39214035107306183	1.0478915831050684	-0.8036841251339094
-0.8116855480190274	-0.4699576505341889	-0.7982893042727403	-0.7403097179790894	-0.7371765923839508	-0.41364442119730116	-1.0824804893889985	0.038573098395911304	-1.1498379633101228	-0.8626001895197217	-0.4557895635010829	-0.3795875701240194	-0.9743048926274869	-0.2982405310462383
-1.4505524191694092	-0.589315509325347	-0.8414794605179392	0.7679650814513046	-1.855874585432681	-1.6265131930126309	-0.9617450542256663	0.4497370046923329	0.11107120511203727	2.343134765116236	-1.6568774736792713	-1.4395041954225343	0.42804416091847686	-0.9447665443244422
-1.8564249133096937	-2.5401019705030548	-1.1713886421937754	-2.575211611753407	-1.1374177464747155	-1.8232822449403998	-0.3301618305024715	-1.12908094990673	0.8535672022148795	-1.5661543752501956	1.1985856477367813	-0.40506682829831897	-0.5703374165101257	-1.7485859172569918
-0.699262300512031	-0.4120948481014345	-0.47219775594914426	-1.356187877855258	-0.0663107181652155	-0.36802682462577063	-0.3009900318589754	0.17461191131752174	0.11469013693301873	-1.7356587614974643	0.7510726780351468	-0.03516231718641808	0.1404853495127636	-0.5449590647945002
1.7650128044670326	0.7001564854472713	0.5625105622641544	1.1724217376641108	-0.1846236608071533	1.5037395392721404	1.4983064930739456	0.23325494961498236	-0.5584015207683045	0.5864839219143949	-1.2792277845047675	1.0659657080678002	-0.8916679903031024	0.7385371137389024
-2.2328599337462753	-2.3823934051811477	-2.4181967800115935	-2.566996971522154	-1.6481978548235086	-2.2994490934428597	0.16092107772949515	-0.006599786038464803	-0.1136598592895514	-0.6501530751078598	1.2169478132699676	-0.24111696683559117	-0.12622946720912995	-2.353187640116243
-0.5341480079001899	-0.4632038776281916	0.18909723437718662	-0.7259160153870845	-0.13387623830292694	-1.395047616561485	-0.1300984482991731	0.3995338157093879	1.088246485038158	-0.43755687127950177	0.9296434282870695	-1.6420841622310123	-0.7022343997908982	-0.5624772870956447
0.9935941365580931	-0.579085807913551	1.3071842849122153	0.34492889645289093	0.04488047827864372	-0.22743568577118523	1.1198428448581261	-1.5021104901749054	1.6638868986141124	-0.2962993724662733	-0.46214612454120985	-1.2245693911926965	0.07179642953172542	0.30782120028504706
0.2081897527646147	-0.42453396718056635	-0.5085816322310761	-0.5997622879685496	0.29908779195309154	0.002090131565115394	1.219497662221817	0.16369764192525818	0.05078257138050457	-0.4630587983588784	1.3697737254084719	0.5725734449705049	0.08950409699765292	-0.5406533717352519
-0.2920564311035405	1.1071805252269378	1.3094442655126695	3.018181266503397	-0.08968910976687734	0.9556201112900242	-0.7956725553308235	1.0587379152831038	-0.21796573565207986	-0.0852460275135719	-0.14247808076796917	2.0338549257240524	2.7564196538397305	-0.07934615471087063
0.22264145942216496	-0.7180969721135184	-0.9658162077648984	0.8449507086158357	-0.7442826663888074	-1.0490938589553478	1.3251989914413507	-0.44568794369956183	-1.1370495220752486	1.1155771200844706	-0.3085686937427983	-0.4930349716700575	1.541867821208698	-0.7590577701355209
-1.1022798823141546	-1.2117402268142454	-0.8494781921972778	-0.47899211066400127	-1.0629400124299906	-1.8319413906523379	0.0773432732698139	0.869806990668862	-0.31583589847443116	1.4162663254499015	0.812875944054389	-0.6889460180940654	-1.8702824389753043	-1.3595679334205018
0.9571023050724226	0.4009732000114951	1.6366994831763555	0.8351941886283668	0.9380185647315094	0.5262765927906945	0.11641679185450193	-0.477927492910317	1.2934543568417214	-0.1306815767706488	0.4077612102951838	-0.7374977222604981	-0.555692126790849	0.7988681211158551
-0.16360276949657335	-0.31031905370528867	-0.3733426113758811	0.24256647397215925	-0.06594155114364043	-0.5577656507201899	0.07814377864074006	-0.22593453609193584	-0.2641178890884289	0.2499081661102821	0.20176007956731046	-0.6476559279336394	0.7223336920858306	-0.3192250704672933
1.9664134687439325	3.1637643333010184	2.55640125349754	2.2111806122720528	1.446003295417309	2.0214404200947875	-0.25359459145710866	1.704718121913817	0.7749396292724385	-0.2773880756077962	-1.1491028299558792	-0.29989485924066694	0.5502003875158894	2.03089338264955
-1.4649444957425137	-1.0058916599081036	-0.6633487378948715	-0.12366221823396017	-1.3755485542100019	-1.274945677894201	-0.753671154136768	0.6137166509677172	0.43970594105527055	1.6117125224574456	-0.06774361149871216	-0.3516698210747301	-1.0763079457401399	-1.1588600613407058
-2.216672758917764	-1.5339357572683416	-2.533688997294713	-1.8480800808644897	-1.0591037296790011	-2.052795238564246	-1.4457602518647445	0.08451386966456603	-1.9519393840526589	-0.8323852898266986	0.8598174547964487	-1.2644083497418903	-0.666444838395634	-1.4513551113879544
-0.08935378910214237	-0.1386059950186426	0.14678759142352038	-0.5485850146118016	-0.4722522270238121	0.4513374519423784	-0.12837020133354815	0.2516412032084458	0.24812773015155537	-0.8479242472544394	-0.33188700929087867	0.7360684734591023	-0.7990413201209137	-0.12978245291952734
1.0061853532805345	0.101874343346951	2.1714863531884734	1.2315695323900067	0.803849131064686	1.6529910560585548	-0.16943786195884755	-0.997698934958082	1.5335515543167335	0.37691789667877834	0.0756892349329185	1.0660204631265822	-1.2332941416225824	0.9471525326463167
0.24953145372089525	1.5846624675359198	-0.3330780676099989	0.09797286972218691	-1.21447908188925	0.2092451220485485	1.4183540409518687	3.4161095745108185	-0.14621049203314032	-0.26310337535767164	-1.0273851485568786	1.7075375470099154	1.6611449194231886	-0.7972322610552092
-0.9048370378393831	-0.043190896162389913	0.20847481893108424	0.9714745856414791	-0.5426889407643222	-0.25936162571465615	-0.7164062089679825	0.3843986386088951	-0.02551798939354269	-0.08139523905958057	-0.007963182386958062	0.9261176663647547	2.1547140113852556	-0.7047728816047781
0.4648930613486775	0.40601134222666696	0.6147715103188008	0.1498695970980617	-1.043585326362149	0.5405802734031868	-0.06335400486757284	0.3832275613605057	0.10318181690157412	-0.4914710129098771	-2.079816915462958	0.09628760069743987	-0.9608004907712291	0.3682349035646094
0.4112635644671587	1.9894512224359577	1.2431663449191057	1.4061854607929276	0.9134580881044089	1.5787831852590704	-1.3961521114931623	1.187067580761571	0.020990978656172405	-0.20080568994226217	-0.5926591936117326	0.44308540029849186	0.6296357154951308	1.1512835308799891
0.883394301772535	1.3046832965601098	0.629251133637938	1.1657266127869172	0.5202580147193346	0.12318952120679755	0.807982507184049	1.2536679041921837	-0.35071586300506796	-0.3918808601410676	0.22104573826306054	-0.04076968587378596	1.79845696385398	0.19279116127400356
-0.22632984912513243	-1.3363344325112623	-0.5476015887905911	-0.045407047420631674	-0.22849487822695935	-1.211002168188557	0.6077328964472956	-0.9573647675770386	0.12709485732419495	0.8292197180459885	0.8833413638990788	-1.2022759508418042	-0.4696831151977715	-0.6679789489254847
-3.1427976566280096	-2.3560542291247786	-1.474948775547168	-1.4921174205597754	-2.088248835286027	-1.8768738667659663	-1.4389654868313528	0.3295100824070465	1.3269316768958554	1.3548489284022276	0.7493355335902476	0.6302269389878107	-0.7896753407046397	-2.395825210428079
-0.11954269124020467	-0.018621617274798274	-0.059743358015695525	1.1683401993886797	0.21362817013541774	0.8279698647618385	-1.6121443943765172	-1.1925661750872307	-1.4539939703862357	0.42778469588629	-0.8092888151466485	-0.22401725134807224	-0.410315704683012	0.7789812287141425
0.36360392384498635	-0.48028118738345016	-0.5257188771389477	-0.4884360325261811	-0.6484108555408934	-0.3673419768692815	1.2780547759551655	-0.23062527338773492	-0.3061959947074272	-0.8167044670634755	-0.45807136721591096	0.11054683503052272	0.9995234881180157	-0.5418107209744124
-3.866581482141421	-2.7698025493584364	-1.7236829945806695	-3.635637671890631	-1.5604156516693257	-2.144497750691621	-2.6189943738049344	-0.07374678312839499	0.65720733803199	-2.044194091248421	1.8264969339162458	0.44577544786784584	-1.3132113529337048	-2.4629122088946582
-0.06812742719320031	0.10124595886047771	0.8641009380495313	0.5859878630066004	0.20684600972384043	0.7982050814883828	-1.355747382166187	-0.8799273135145966	0.2559575708576753	-0.4198683323557729	-0.7055794566533539	-0.13918099191588829	-0.31032107391357644	0.691266561751951
0.5842739226469547	-0.2551540446991616	1.1019552661169798	0.4450819987676325	0.9352992073695985	1.2286956576036865	-0.29056520900912514	-0.773206596792045	-0.10193413039551863	-0.24490660116130888	0.959096185260827	1.176004312576507	-1.7409214968157918	0.5569542127392237
1.8611996779374218	1.6760412866825782	1.5328176584683988	1.3572530667543377	0.011187353729051885	2.0796239552281373	1.6075402866965893	1.292754988162765	1.1084241873146954	0.4205802014769387	-1.4815221671748098	1.7074749953846327	0.20525559975919624	0.8593371738330802
1.749918298832307	0.26873958186939684	1.7386783706411648	0.968676998021703	0.3144924799142253	0.3182006331389875	1.897290258099939	0.017453659944728913	1.75086248855542	0.7175820870519425	0.033013310463722884	-0.4159249468597508	-1.0490214517645542	0.4680716762554703
-0.6063377177292812	-0.713926840392304	-1.7925163095131267	-0.10423111964520118	1.3929248699372214	-0.0006555888559496015	-0.6668254262101821	-0.8837630685336341	-2.599020734047595	-0.2627956789325935	2.636916761449977	0.20578455794746084	0.5531568522184065	-0.2943003697158049
-1.6297936708767162	-1.4986540588431814	-1.938187118530415	-0.8994954281545042	-1.5605175074525635	-2.6172380693207953	-0.24666646313968105	-0.01713938530379404	-0.7552883278006284	0.6480798237018779	-0.12024538295299628	-2.220236973563865	-0.016508982549514273	-1.485068631151002
-1.0085905244822941	-1.2758802925793455	-0.36838894257546584	-0.1870718001316028	-0.5027030622671336	-1.8780148755931831	-0.40786490697771416	-1.1160944480275368	-0.10787600966018127	-0.7653779603077385	0.4593760460169841	-1.4257195717174083	1.8277053268392545	-0.9717646891306743
0.5827539186323859	-0.5168968520749806	1.4639057033760225	0.8167624542927295	-0.102853509970208	0.5041334636211834	1.2081022580007352	-0.8995519410404049	1.8467932979292396	-0.2417217520418256	0.10132772427319543	1.5327553745985771	1.883826961851113	-0.3539310798209603
2.5377624034887734	2.545746003860161	0.6814201054937747	1.3956567681180696	1.767030425062046	1.5244167437185052	1.2201052858531598	1.9337132783442221	-2.143601771526252	-0.5019012742607454	0.5290653830506777	-0.2907085104196216	-1.2777276669331246	1.6410635702402527
-0.9286659452261523	-0.8722978771093427	-0.36011333134581075	-1.2038696062566139	-1.285583405882698	-2.253316073837241	0.04763370023355283	-0.023459705237431287	0.6731388571173657	-1.4111185774973822	-0.5877202822061867	-1.9486910374217625	1.3491919934580572	-1.1280604526584954
-0.6530274087434579	-0.9770588131434323	-0.8925748755784191	-0.6265896545641318	-0.28386970135776846	-1.272359057822816	-0.6833333970176403	-0.9202994266344176	-1.0310125826568963	-0.7053268806276465	0.22806427677584035	-1.8720550439031916	-0.5022769856145067	-0.32442376003988044
-0.5300817793538575	0.9348548452419072	1.1028038861204155	1.8034390857099134	1.3286251151372324	-0.1901933933023162	-1.6542914608448964	0.5307625147538678	0.33183572127201744	0.5641024204924264	1.4618837876235906	-0.6694635976021199	1.7986629989485696	0.2566647365998725
0.1359267243950586	-0.14456715472040116	-1.240558094451391	-0.6157137088495203	0.07223629339853233	0.33579109043311295	1.0955766467377483	0.4927947442111458	-1.409035472466322	-0.9911649807763072	0.9412585618132033	1.5659090665579718	1.1895911479836838	-0.6781622308438254
0.13527729972799535	0.5950070278084776	0.13530265516672002	0.515070957870991	-0.3694467591879512	0.3539127344131064	-0.20227704674794808	1.000106870891402	-0.2029772388722351	0.4595490545776833	-0.6300399216765813	0.10446195483214728	-0.7492919859192738	0.14480130245749118
1.0832802375429806	1.6936134320819285	1.8020648751919082	3.0154051207459167	1.8937988287375076	2.409782944973518	-0.5468624345206552	0.24019142885737516	0.0447519867592116	1.223173620305014	0.8003209200280904	2.0262322903368766	1.6741275662569162	1.21467306151612
0.42781581959389325	0.28384228432409686	0.5212283689998831	0.3280544731755792	1.1538565348465488	-0.3658278095385085	0.5716071026457983	0.3061225956841258	0.7840544204019206	0.008164333780582393	1.7609616316222947	-0.929669980344321	0.44400938270078466	0.011366850373464417
1.5318427195338593	1.7232404525565415	2.4405023381331223	1.751538144053028	2.0622403555527367	1.4295161229570186	-0.2654108588809898	0.879906693587661	0.7648312806145914	0.3409969295645024	1.2631678135380884	-0.1332316643678339	-1.544880355131349	1.5042725074302148
1.031782606849754	1.2853010649909191	1.3811596388346437	2.5638171963998544	0.7343178461844633	-0.1699451985209493	0.6951709882761558	0.6936344089118662	-0.44351611926673806	-0.5355251521922965	0.43023357960342296	-0.6129727556240037	2.534881926243986	0.36214403439500226
0.5967134831075173	0.5752482020699002	0.04592849954609918	1.588596401150634	0.5590458209932061	0.8412158331858637	0.41621044901195586	0.46140362340350716	-0.46769799126794026	1.8144824387356793	0.4342910634383634	0.5322648034949934	-0.1250650617298463	0.32341904037376523
0.7901867549816123	-0.3948330441025619	1.6179426341105343	1.645464877117552	0.8512820934278971	-0.31069008649562385	1.2075711543266012	-0.9368749987425485	2.2476503226678157	1.6065910006266633	1.2705360514743234	-0.40516411458180507	1.3719532251413427	-0.10709868988530141
0.6794063809110036	-0.4230999564946475	0.4287585098934976	0.8181478343662469	0.15788727564465266	0.5611166997949446	0.7882824601706894	-1.1226247736714288	0.34679905389650506	0.4635355341649166	-0.12492313076568527	0.5624154056546793	0.8178377718851618	0.08690735333117738
1.8352781056160845	0.7444874621012878	0.6759002493311358	1.410774198273964	0.29374871664342816	1.3418763869324175	0.9011166700327171	-0.272358456354076	-1.2244595308062662	0.3464221006535209	-1.1051242512395953	0.20344543746492602	-1.1623378596139267	1.1403701078365187
-2.3561489039984744	0.026856570991074857	-1.1008874662846615	-0.6856529602713006	-2.3441460492962496	-1.583440138878681	-2.5876227589724174	1.3743199470254646	-0.44088029286266917	-0.15898861082552537	-2.5763609950347393	-1.544340816356267	0.2615035990088755	-0.8500361170259789
0.007302491507772735	1.125799295825745	1.2613752662242053	0.2635166245970647	1.0846536257955135	-0.3604972547324621	-1.3268018581059815	0.429730741514712	0.6447478019097092	-1.5988543415470693	0.4190158590981023	-1.874578316252451	1.031816388246272	0.6615975732676634
0.2701546242685843	1.016478430594959	1.1486111021394423	2.75667468263516	1.3181796803768917	1.2891418216768518	-1.1602188548186558	-0.1769515252423004	-0.4522265728340822	1.2766144780848847	0.6085837140897724	0.9648936960553796	1.8177588931582895	0.7590975671086814
2.9156218996081735	1.1489930122664989	2.9860314421663485	2.3966765685570657	1.940556540625293	1.393197537183593	0.7753348428670329	-1.419089385832296	0.5453940566870008	0.116036657790083	-0.233060117242563	-1.5353071396386946	-1.381951599255772	2.276836963617031
-0.08763345153733372	0.7805667824032728	-0.3882212359453477	1.186597335672796	0.09791329825546018	0.07398868177381913	-0.2886841134397181	0.9716015945286001	-1.2005744927642075	0.6990988075765899	-0.010624408953845279	0.24412347613702268	1.4605145340573038	-0.09449708112534795
0.8349039962714209	0.14792901849433387	2.199320033936168	1.4124641144385348	0.7754273835136107	1.0083486979550293	-0.5546801837181987	-0.7133213664189223	0.8758417879442547	0.7122609264737267	0.016495072625308832	0.19521694896187194	-1.89571818336791	0.9550654750192693
-0.1679141346150244	-0.23944428640608795	-0.08183700933411164	0.5200672409018701	0.9304750633323593	0.3442367285507791	-0.9004368810348569	-0.6626953033867744	-0.7204100855715169	0.22013930640183424	1.275353170582871	-0.16508330976785585	-0.6005365654598255	0.2782802087179418
0.4605123506600908	-0.5150995514657536	0.6021679333050775	-0.09002775435715127	0.4251072712668431	-0.05559664370689957	0.1116303049073068	-0.33480711027458376	-1.0673816640852616	-0.4367896016031317	0.6948301696860009	-0.11659646593924322	-2.334441935423301	0.1526731017836569
0.16992558014128284	0.3650622026386543	-0.003202179455899956	0.8296133926410793	1.497441907013283	-0.48402455772018904	-0.39019284136759214	-0.24460413857256166	-1.0599892554134043	-0.3808544077114305	1.787776624695568	-1.233459318680643	1.4245720307524754	0.22691027963169624
-1.7172611321080833	-1.3067480478057836	0.4761108519317222	-0.8485780386544475	-0.30880172347670276	0.3341531693615787	-1.9877774900844507	-0.8548476304081248	1.6594417625055802	-0.5028362348580205	0.783458126040008	1.3836792934278739	-0.7733523942516517	-0.6391689907105783
0.9082953851436433	1.6988012344407173	1.082978122610896	2.11061735812948	2.167658470182671	1.6178939901960092	-1.7748966925062195	-0.4935994322533574	-1.4372036714056917	-0.1995275099610047	0.2965075072463821	-0.733743599566002	0.5411965812646763	1.8867215775397963
-0.27431045823148476	-1.5868326256032224	-0.34703780535478035	-0.1423427590872896	-0.8458209131260508	-0.1674677267433158	0.0019171911093272887	-1.4333534200553935	-0.4704070869238662	0.42856380833734087	-0.3329024962385882	0.40900126644679946	-1.3868320279896746	-0.4494541679720514
-2.479683676466174	-2.5540829859743726	-2.594834285297963	-2.4424252918244145	-2.9871460767740627	-2.4273275369845138	-0.4567409150918379	-0.6018432561442121	-0.5898130163670963	-0.7795640455299138	-1.3201078421848607	-0.5646235440281752	0.3992389755376621	-2.2728248273953775
-0.5427168672939633	-0.11004813402650492	0.7687516197417102	-0.4749363248645654	-0.4633307690416489	0.6545387522545958	-0.8096267295212897	-0.037233886996954554	1.3992589055586295	-0.9797118081138435	-0.6260650189897162	0.8786417757447857	-0.07837737782033255	-0.07203232626426567
1.0102898851379203	1.6271366391719184	2.1411408717995695	0.33451686883229736	0.6599708450768049	0.3637881540789194	0.005452333626463248	1.1786386452034963	1.9414653804444224	-1.3171751608824658	-0.43397036059367633	-1.327924455243561	-0.22906855467471465	0.9657671629847636
0.40923347380694686	0.08436938470075186	-0.21756786744357737	-0.06810187272684087	-0.44149522784842005	-0.5976787172995565	0.8307527285009878	0.2764882748291302	-0.1562633463750311	-0.32800748483559955	-0.5984050755178746	-1.0771425681834892	0.30361109275002945	-0.14224579874673213
-0.23589291027581394	0.027745770113504153	1.2512645941578902	1.7296120655148006	-0.1287010161924864	0.13076947491545265	-0.630962198518268	-0.2861849135010305	1.7678021738949907	2.00318430590296	-0.5009162431989665	0.01039079089999618	0.9534675931462643	0.008763199584869572
0.3994707087137671	-0.440084108731272	0.47422871930430077	-0.318851532294068	-0.6422197337151467	-0.005283807714521159	0.8928932210653993	-0.16295847488385035	1.0585986426656717	-0.34022509918712723	-0.5102712168908998	0.0902216704115529	-0.5755895069817751	-0.22719112240460682
0.35226471026002937	-0.7158167957835455	-0.0006233377990308014	-0.5451876211894309	0.3716563612911269	-0.6584202196340578	0.5880239115185848	-0.9633943764030517	0.05917788575545166	-1.0326705748991787	0.8462484928051774	-1.3020075252613623	-0.3707758055016594	-0.06362500884138267
0.6044844850734327	0.06390587183493734	0.8500663737305629	1.382499051047552	1.2915314887908713	0.3727004103636153	-0.10506430355841076	-0.782604305284037	0.36354084428257144	1.0623299474784331	1.2608286388119605	-0.7002589661208485	-0.3616072543672682	0.6057899058788132
0.6880557312640864	0.7473995135272027	1.8121564809386257	1.4049126569120454	1.757171283487974	1.3010800305898391	-0.9353333463051382	-0.3470502957415658	0.9016561862256399	0.32263482509274577	1.3027789884698628	0.07226475555056062	-0.8519117542042074	1.1260120418129838
0.8295097535810332	1.3802638818235005	1.190501342050508	2.574608396619305	1.9005202060583346	0.9524663488835872	-0.564342933404588	0.015581483672737336	-1.1432986266996275	-0.1813734240509892	1.3290185790003033	0.21189336689649327	2.1666816229418657	0.9375786670314848
-0.06420126986172583	0.8184384876049227	0.4390294304381359	0.9979935333861414	1.4840837045467576	-0.23372088417354914	-0.10011536187580507	1.3594152530425005	0.7952267043943358	1.3102382347941812	2.4701270432845113	-0.618367987490393	0.2866449904254409	-0.054539662305665815
1.5989724695170837	-1.107543507497804	0.24039059963615922	0.6868841542352304	0.6809842793015989	1.5275767343908178	1.7857030336532584	-2.5534244264534802	-0.4229476760148664	0.09255409244696745	0.4263233791565249	1.4263419109162092	-0.27345994360016784	0.47920313709431767
0.14251197521132258	0.6940408032805159	0.4394764762572715	0.7024554096525014	-0.2418426872832643	-0.7527787733658667	0.31454108211529225	1.1892496005521804	0.8443234490561656	0.7933128802975701	-0.35821790514021834	-1.292341208769869	0.609347242177489	-0.14137840548629013
0.43381593231251797	0.8059284732380155	0.917955079211538	0.818157683251685	-0.14332279533709769	0.9687732302367345	-0.5577762119778591	0.1157006493473832	0.27302709976649997	-0.19832849363373994	-1.4664148737970835	0.02771199780668252	-0.08150982675296327	0.7528100489801783
0.49718549601977363	-0.4610728356528643	-0.40198444295256053	0.26476744640252514	0.33840847331140855	-0.6857694068836684	1.0989823414889754	-0.510284150871147	-0.34246739247789054	0.35006490356218467	0.8236059178265036	-1.1053441857044926	0.295081264102695	-0.21391859795071508
-0.3443324883930998	0.7873971129387796	1.7304812620278693	1.0690554388996307	1.8174029252508614	1.3441286082776278	-2.4387323694531817	-0.6348859617355391	0.9729943350255048	-0.6741313255424456	1.117793415309002	0.3719065334435765	0.87653665845747	0.993021358288609
0.47204500286883994	-0.7539836146852832	0.04450694087547473	0.3696393191565421	0.4529669934726676	0.011012713960010911	0.513216671096468	-1.2839719009808017	-0.14055840971948058	0.231824498473469	0.7240528105681227	-0.44958142918356514	-0.4012282197200807	0.09664516984721401
-0.4344986664262027	-1.7061638631617249	-0.7688095173114908	-0.5698692320615273	-0.6519988886895217	-2.8173568107398825	1.5319732828762511	-0.10298138158018459	0.9419340480207572	1.3664853208911854	1.6219083821194176	-2.457660493334019	-0.842395411362965	-1.475895951941021
2.8653957876795353	2.559114648934811	1.3992192773083474	2.9913890438874877	2.5381733640876094	2.7450141006210833	1.0341150383152746	0.4332528985178058	-1.4774349491979526	0.620250981262228	0.44078335169254435	0.8521875726128094	0.9273016323569987	2.113702583352728
-0.49132519886232345	-1.9770971528340784	-0.9098753124566511	-0.33462128908212413	-0.44152219395118253	-0.9121691864451966	0.7046908742296392	-1.778155046569575	0.05617828141354852	0.617944648452554	0.7816625671344654	-0.25859477520084695	0.21171330599945112	-0.9525467860922237
1.8699513728599504	3.412658364517308	2.9703916237302437	3.8080570579508697	3.282091783748752	3.0731232888904234	-1.21250471404652	1.2720328947500206	0.5639182443091667	1.409335050860591	1.0937871816605058	0.8011655803430823	0.9037452753745129	2.468689572592393
3.577397979316326	1.4332344337711067	1.3340296311146382	1.4237574339770673	1.7647289870864602	1.0949937223759907	3.0001356926112006	-0.6221498124866465	-0.7108679678747046	-1.057335232633196	-0.05526621078614132	-1.2389138956606003	0.6418818271725897	1.6781479558285766
0.17048119150133212	0.8156997932241077	0.5679373948038287	1.4848359630711676	0.001995010409428885	1.910212050743704	-0.2546981978036561	1.2525660727592347	0.409475538229303	1.961887397161879	-0.12561321865026914	2.583805347779078	-0.7411525335301861	0.2123906562746041
-0.5411859007555224	0.2860783819678676	-0.460104965299213	-0.495084891554074	-0.7310432115637379	-0.7512303411496293	0.4250769570798275	1.850047592203199	0.5812588787404456	0.21396663767044433	0.15482548946624203	-0.2347999199150116	-0.0704817298151247	-0.8098538273910268
1.427001807461587	1.1254500858565109	0.3857528790951169	2.1875652522586755	0.38515346266562656	1.5651341242139285	0.32589328969016945	-0.17683066939768843	-1.4002649279147157	1.2598861570807989	-1.4106570162157543	0.232458384581364	0.02902575256802975	1.225743336981518
2.207649073986179	1.116544559639936	0.39284184762652474	2.6976351909627163	0.8463610133025464	1.2522884532566283	0.7685983886169536	-1.0899680002371999	-2.2146037857100356	1.1448756263002347	-1.5299687756107407	-0.9525934621055329	0.5734424696715028	1.6558368658479554
0.03817544290859945	1.251824549430575	0.3459149228450215	1.4877943124043618	0.4214444594694403	-0.27770177743348745	-0.3681222209009186	1.6446875456185945	0.19967951181330337	1.6918807105412357	0.2617447791700322	-1.1381114752963577	0.2644666297780596	0.21211869610380643
1.0433113563921488	1.0548024206424305	0.9521317233415298	0.4079676776708401	1.1348368232921007	-0.0602116448890303	0.37839306217452734	0.14752547026870086	-0.47644275090798094	-2.294704696457724	0.5434910194475672	-1.0559993640004748	1.7682867093151855	0.6126297966181729
1.4731775735377564	0.1261022565133656	0.701811942785805	0.8658696642969756	0.5526460901682119	1.6350950213705933	0.021496214903399428	-2.2590315966439234	-1.2165730427780133	-1.4167242897319043	-1.5397739706083404	0.14715393877560848	0.5342457262219288	1.3746720692553338
0.8909681063412396	1.4235616543882552	2.5145547497752125	1.722133729657639	0.5955272103343318	0.6758614586898775	-1.3236654785610213	0.2288196064450094	1.162435821863589	0.22507482803988924	-1.2414422015524849	-1.5382262131760804	-1.2041469510224307	1.5270992807257358
0.3537410251503363	0.10862496988590745	0.9641229776491025	0.7455819551958379	0.5724477584513571	0.4802277401632817	-0.13634704811668283	0.36671032278059496	0.21774979954053206	0.792453344842415	0.8920721531940454	0.4622242131190147	-1.7303299326638117	0.23466476275031287
-0.06054212077121085	0.07470255493151229	0.437255916261215	-0.486763426549409	-0.013634918509841942	0.8324996525435695	-0.649125898136995	-0.15100814696942208	0.2370327577769793	-1.4490825410020272	-0.3031816396590221	0.6622212420604535	-0.4479684026428885	0.2549011236417432
-0.34776214173870557	-0.7958882799530724	-0.5852044195787114	0.09907379345232369	0.1454818543571174	1.2838536932509723	-0.49876690170179483	-1.2686405678145911	-0.8363649593850302	-0.14415023977440583	0.3043550092720211	2.032672970812235	0.41880593258665605	-0.11846512578164901
0.18550292407383173	-1.7351481150680488	-0.1702103509713199	0.6316318309378844	-0.019607411553881016	-1.6441927935691	1.4099533064618068	-2.0194044878174577	0.21972246551776334	0.7182868076263001	1.0629876314307412	-1.2814338005640622	1.6650356048112784	-0.8565125433398298
1.2608967445806059	-0.29195284418422157	0.20413709260006221	-0.12847106492088145	0.916726705231024	0.18850201365087865	1.4489904574074095	-1.1505269898488086	-0.2557446819836632	-1.2263426538031317	0.8652236041741637	-0.5745346159413959	0.28528446650048145	0.34130645642496726
1.1834976975041158	0.18802924969783225	0.8194391119352094	0.44834095171391486	1.635640963231181	0.3327967032862605	0.8411605859088623	-0.4352282584822551	0.26086134175657116	-0.39179974964699193	1.9626298017584938	-0.6757637777264751	-0.6483816919780666	0.5788425431827986
1.6931364528842927	-0.4077655874903378	1.5955646846919689	-0.10564838442743918	0.552924186238116	0.5494540746886721	2.1350380435942227	-0.3199186230655627	0.9672983755704712	-0.5370697422208298	0.9029763701166396	0.7464975925859095	-2.030810219080726	0.19034763016514497
-1.7088658466127145	-0.9452934491331031	-2.2151905533563037	-0.8302153866207465	-2.06691092819929	-2.120987973710543	-0.9096107741515267	0.46850230556609557	-1.7117713269266401	0.32270170961751804	-1.4011063650583766	-1.874608178662412	-0.16433077330664464	-1.1935286778114316
0.3415284447431786	0.17325102334158377	0.7187635509406578	-0.14943577287033252	0.15752003967307007	0.31877019358768177	0.8239033618109713	0.6616916598619755	1.4978019207421152	-0.21482137682394872	0.6351221697946546	0.5149101655854486	-0.1850050038904473	-0.18676297179751208
1.4403109409659645	1.6428495370774345	2.1897448070752414	1.8727930472602599	2.2001999649436152	2.179480865473418	-1.052792891852156	-0.8553618703066808	-0.03151195542993053	-1.19149421911645	0.16635752891637473	0.3286792584175743	1.216188945292222	1.9128288702029983
0.37731263107444113	-0.16052158485703527	-0.08787113746116343	-0.852391776595931	-0.09189752219082614	0.22646222008889716	0.18419096944784014	-0.291581115116401	-0.5830556209377509	-1.8468980732401656	-0.19738823687539395	-0.13717630074122156	-0.7197031419338923	0.1583677125995838
1.0280164155332672	1.0916335610612484	0.4023550694145076	0.7389460561635437	0.28776966614882993	0.5691720580555923	1.728339518146524	1.7173474588111188	0.5371850652800213	0.5036780795340344	0.4447571184461473	1.053609956349053	1.0865958765279455	-0.1560940895310121
-1.650164402494947	-0.27514582529772036	0.44945810379828127	-0.5034673364111091	-0.6477302152763317	-0.32758405068075375	-2.2563928554590325	0.47896068572135647	1.2377332357072686	-0.31143831761356006	-0.1660384598089743	-0.10375411702414047	-0.7636067408502821	-0.4098008885604778
-1.205677536607205	-1.4190321796262915	-0.6164640525234829	-0.7086502143929562	-0.3348927564782559	-0.2954003382832153	-0.22644616729243477	-0.6957166337597154	0.6179672989888293	-0.12513021899409157	1.1749759300890101	1.3719171677659452	1.0672643451411423	-1.2150550683986907
1.1419135347593845	2.9582383373757186	2.374715430846222	3.5196745991908807	2.2112437837294405	1.5358785972498028	-0.9406225903674376	1.777136157105961	0.09708388182448834	0.8286445014294562	0.9149837758577593	0.2374548898685872	2.0403059089664404	1.4838954613188542
0.3099795662788387	1.2237811843955133	0.7292383960463437	0.36461328135573556	1.4761101404839998	1.2871946673715842	-0.8235964723585548	0.6988857884716354	-0.10745703176896883	-1.0669445419620907	1.1194442954704655	0.49075689591912686	0.05692605698826622	0.7930644999148787
-0.8018891090397137	0.2080496578390313	0.5416122562686534	-0.37252240958754423	-0.19668385909579475	0.6381437775650953	-0.9908666814245259	0.8513781090189402	1.3020646303173402	-0.4593358990717876	0.17593426316084862	1.1613549282484656	-0.25216582497007295	-0.2523440425783182
0.08147626600434643	0.7505675802029569	0.26410840785051315	1.0456574816754471	1.478358576032797	-0.45168556293348505	-0.9790250945955947	-0.01141478270161628	-0.929557001294223	-0.27171024748451517	1.3033742518697427	-1.6994552063060095	1.2563932799910387	0.5061377938257189
-0.12782175060395828	-0.5677135169174439	0.3134303790682897	-0.23890310287003136	-0.4920501084137893	0.10408340563526464	0.5590397879336734	0.7669020325355911	0.5628929823867824	0.6611665394015254	0.6196008086627454	1.3623389365429037	-1.7951572125619397	-0.6688232939264104
-1.5254517247931167	-0.019065764920417283	-0.3897332243617424	-0.5317389127850877	-0.18479305529897866	0.020153152323976183	-2.3671968330243978	0.38780865714087714	-0.4154538083655955	-0.8232034077889014	0.10812098529955703	0.013222283518017578	-0.3980256674019914	-0.17214582572454526
-0.7985317154453198	-0.8874052905983758	-0.3870719675366845	-1.4750046392075236	-1.4966750045004575	-0.41718113464726514	0.44469548782053214	0.2050989754362805	1.0595286227038536	-1.3111353011412528	-0.7670154595562811	1.1019466738674382	0.934024968758408	-1.1972696696118257
1.1524937282105496	0.5478247365758719	1.5582649125339871	2.5340263774422023	1.4352068872342405	1.7547387064240334	-0.6047476104277484	-1.7704010656562987	-0.22252303317314653	0.7398367219074675	-0.17644908725411157	0.5928360095529598	1.311521276579437	1.3477611206537636
-2.077723482590153	-1.186280684744704	-1.1313928695089668	-0.6464203007117161	-2.30938884499246	-1.7932181667234819	-1.1066185477607997	0.2947982362959801	0.4191647423911609	0.6799889053474097	-1.5395264060798621	-0.6304797038500096	0.889023852601795	-1.540964397042651
-0.9798838356854612	-0.78518924169957	-1.39302921511599	-0.7173780098378089	-0.6835380932746858	-1.2106692079891146	-0.0739281273558398	0.2025807606692494	-0.7333647105126411	-0.10219012041457796	0.38603888389886354	-0.5624378277517423	0.6365157370546395	-1.0340408455120476
0.5073190758242362	-0.02027085080398422	0.7354636898529512	0.25612677430742836	1.4411113855793478	-0.4950497269059113	0.3762799097566312	-0.6523869629122004	0.4948572260563432	-0.9520388183160554	1.8873087741827994	-1.1216397781483665	1.2661201840305771	0.11793729013722062
1.0904015871001103	-0.1766925380542026	1.3881736377756633	1.168846326879446	-0.38767827462949056	1.0583881150413714	0.37359573316059974	-1.8187409702797224	0.8283989216958405	-0.07931449505226663	-2.135799303688271	0.31159427690704716	0.8645698879812227	0.7416380665173862
0.5546860929511526	1.400456651942643	0.22207474711494812	0.7951242555727029	0.5635129039457951	0.8570370596573921	-0.5753837472343558	0.8325423509099006	-1.1003257009451068	-0.5115507319465636	-0.5623011606367723	-0.36996619506804873	0.10415327281061454	0.8801005868345797
-1.6533106688287154	-0.32823437118188914	-0.12675593637288196	0.25553158860344	0.2610935105781029	0.17019250223668292	-2.0084132529026846	0.2678238088534653	0.5652668344125075	0.9056852360649712	1.2499741173964058	0.7322752189948296	-0.10420451617636	-0.4680877532586963
-0.023779436898667794	-0.6222689128407523	-0.6879604107827496	-0.6514575649201043	-0.6931337448662371	-0.6193288253138636	1.5242885242334745	0.5363758449219427	0.4220188162918953	0.15436033452245426	0.418267625450282	0.20317522544682182	-0.014406061570191139	-0.9412132074798796
1.7691630905838152	0.10855462113358638	1.1665902700197346	1.4845270199138267	0.7314194225449017	0.31336955103771347	0.7221139603415576	-1.7174673675063907	-0.23656024464673706	0.20050850882162904	-0.6883459362466998	-1.8432339784399043	-0.5475957597526729	1.2485541935879554
-1.4017565176012012	0.4529460262145949	0.3468504309415506	-0.31429863119833157	-1.0791558902026204	-0.07867431532057031	-2.6957054445580457	1.042728966462944	0.02183939494677027	-0.7290059380427425	-1.5934493890520987	-0.36330213809267653	-1.1679900294016445	0.0609066522171575
-1.1574019506752438	-1.5382545077018968	-0.35532417749364587	-1.456654678802154	-2.078139020355102	-0.6532400596448908	-0.33672242620495557	-0.7448987464374529	1.0593836583054106	-0.9621757303517476	-1.647435469849309	0.2966417748906289	-0.36706657000063336	-1.0179019458392982
1.5429171041140795	1.265812256252584	2.148936169417218	0.9027332675037234	1.0827341836978985	1.3207901977436167	0.3350965936634989	0.43939370220179114	1.2410828261201152	-0.622438788288853	0.08088049438260274	0.017404959743946465	-1.0035132836354312	1.2028786916585956
-1.1866598608286298	-0.017622468167672267	-0.058901366411127365	0.6860610255833041	0.6773827120371326	-1.4716902418665534	-1.0383440195183222	0.6758905038039807	0.2158332155002382	0.6007810300199262	2.067801145576393	-1.142442138959722	1.6932214269338075	-0.7618010558368222
2.068133860893255	0.943121174461264	2.3603030620592604	1.6526658447452902	1.6022974857346428	1.4648772418760054	0.38919180809932624	-1.7275786418082697	0.21400728676846897	-1.8474562642634913	-0.38167719269235684	-0.22894548972494844	1.729289084088754	1.6338105427284748
-0.24612625914905634	-0.6349849118454425	-1.343542363270521	-1.112799029953517	-0.899033288962741	-0.7272449971092468	0.5816674328947483	-0.1414894922942164	-1.2751398770576305	-1.4251381148878925	-0.5510015005034041	-0.24419528538111124	0.828882801564402	-0.715867776781793
-0.7655728816555545	-3.32440529910519	-0.5582751234502021	-1.7650091602972697	-1.9632002024668598	-1.9613499306245377	1.282528822986511	-1.5898783985799076	-0.5998068233525686	0.045096994481918284	-0.16444828727490957	0.055080657374563746	-2.8332320880180126	-1.8038318423536428
-1.1502050956907393	0.5840149117062498	1.0943086741363277	-1.0421048345510942	-1.067244469690868	0.40895968258402504	-1.8554362609710273	0.9226445742189862	1.7522506854117252	-2.39581219442979	-1.7670506696176884	0.8207323697441382	1.0591515703028762	-0.18140214688571715
0.8698154746991569	-0.5194264367274681	0.07794116722830895	0.20041490265085182	0.018001138259326033	0.7552704693087853	1.409318331305941	-0.3834885694276372	0.026144098953168857	0.37733792987035525	0.47114856532231847	1.2326036260481323	-0.9170180008159625	-0.10592969490769333
1.036282582292055	0.005413095242291832	0.6589678564031183	2.3347546352209685	0.8977898730721412	-0.025231591478976335	1.1855098285323025	-0.8688971486464682	-0.6139416757090672	0.8450329237291229	1.0608490773610195	-0.015233860792690228	2.1591887737662434	0.09491362967692392
-2.5610502100098596	-2.7384064131952366	-2.417545439381632	-2.959417407107585	-3.5876384387340448	-2.555903921788503	0.3966927225713419	1.056464996747035	-0.13027421710842593	0.02550592646237876	-0.6454322300341794	0.836106757765212	-1.8269126564257643	-3.006902879958305
-0.8535795430398667	-0.7427627510030295	-0.7624298224676871	-1.4973311294075207	-0.005618990118324341	-0.9410413180315571	0.3513731732456164	0.5253431743996759	0.5591064344689368	-1.0795064708720228	1.7550741149957743	-0.03402689390121943	0.27555654950761016	-1.113079965544357
0.049452919823752946	-0.5038149011302976	0.06272621838762876	0.08653941981306762	-0.7366253346988196	1.3565178633170205	-0.08819699678030476	-0.2392689295384587	-0.4489922106356675	0.18907450936921083	-0.7729522585040544	2.337853217736551	-1.4266228071112566	-0.07492898198497107
-0.08204386583567702	0.7332585409669374	1.0985525448230942	-1.2656430434574881	0.11760319129181229	1.352831533042954	-0.22510323561049206	1.0392625492381284	1.6631515043886669	-2.8388282708064594	0.05905517196312562	2.1961996427788706	0.9525518244678376	-0.0808093534695071
-0.5940658520070538	0.14099478921846376	-1.1577518282458674	-0.549592750095484	-0.7404328592302016	0.15383391120465728	0.14840319694445672	1.5256564336690597	-0.7384888432844332	0.032414874103219374	0.0558374246533466	1.1430865018710787	-0.2407447222483755	-0.7262501265332969
1.862917829227393	0.30563723148921595	1.1755818030342486	1.9692709122915104	1.5168128122953985	0.3073895194341447	0.654256140558617	-1.5048029646285304	-0.4921884922016684	0.8605079756753191	0.49105811899845264	-1.995752422598436	-0.7497517515269096	1.358469360571716
0.48263648401575643	0.7025222920674669	-0.23216713511993892	2.0034799192586275	1.4831646717152602	0.9310112754636809	-0.5468251446417682	0.002974611456553432	-1.6811256293070964	1.824896365059945	1.3026537583334656	-0.03300500440902933	-0.2930028917689521	0.7593381035473252
-0.19332575332822693	-0.4032489765578671	-0.3607591039145225	0.1323530439758084	-0.9929980465427964	-0.02675368543145029	0.2417317121096089	-0.12608806122649913	0.021985929636080218	0.40807860368208415	-1.1063198037760362	0.3116921655144207	0.36499114610891187	-0.40059436904375006
-0.13945972080809235	0.5416840721886425	0.464049053095689	0.058660658881321597	-0.3905144001553007	0.05023513935869469	-0.38430511783609916	1.3390669722363988	0.49456397741527774	0.06788300058668519	-0.2750694109582079	0.004231079229269679	-1.047686624933677	-0.05221878616646148
1.365417152235887	-0.8333289403572685	1.0992645825822716	0.4544489791187907	-0.4526836286991749	-0.44938461004312685	2.0949416955647693	-1.0404030487950657	1.5821754863553592	0.664352152094728	-0.44880311234123244	-0.9097815005049558	-0.9301160824375153	-0.023063894592725943
-0.7792766867897977	-0.23896178232272292	-0.09495570589924826	0.05311542503003591	-0.4521884197588395	-0.44677655674997774	-1.3745483044660074	-0.5024858955103153	-0.1794032261155887	-0.3927621860826731	-0.8520854039973327	-0.9883833434615487	0.47202905197899786	-0.031876055412333335
-2.403959240470206	-1.3068136901321352	-2.246666442743072	-2.05099299557833	-3.736853282812433	-1.6561225387355523	-1.3267130675196974	0.6369326443161228	-1.01538054495911	-0.9437205125713201	-3.4136653386627915	-0.341921282508559	-0.21251372251417988	-1.6464705322189728
1.3013356767749618	0.8718724009358791	0.7677014814517997	1.3695162188833674	0.7534897345749036	0.7030231979407976	0.8621370180456127	1.0245037148385934	-0.6168927623797072	1.2379637744020526	0.6069039679447708	0.2194538289042231	-1.6571589728702203	0.5886019666067672
0.13841658451342975	-0.16105797894306634	-0.981292453814649	-0.4500435931108889	-0.27097478471344477	-0.540011685191753	1.21446432822935	0.6043148069955222	-0.7808988535943225	-0.48098615775742015	0.48227875398707754	0.1579807455595602	1.0517867408805877	-0.7340042113164972
0.0063333915145057235	-0.8138314159447153	1.2659177152594532	2.0402263662614124	0.6279358630608844	-0.5901104342461738	-0.16684033234233922	-1.9051984665883155	0.5502769939967841	0.2582237459439254	1.0223703038845537	-0.5367685334136505	2.3117172169700058	-0.1330557793857272
-0.7758365764772391	-0.554201087950062	-1.2433641760781828	-0.58814181889703	-1.1924541559069965	-1.945064641729461	0.3560966375552491	1.2679196712412923	-0.5042480542461166	0.7644896416147843	0.15775844860417287	-1.561132719005759	-0.9562581281564136	-1.1237012650635545
-0.8894207595619826	-0.30465954549214325	-1.6274352895170332	-0.34318895453366316	-0.2969726615992142	0.18344711424082916	-0.5989244894739562	0.2958493958920195	-1.8686751276722173	-0.2694797058186631	0.3427286097518247	1.1786251847371954	0.8601317128055521	-0.6541955255884654
0.9543739908085696	1.3931114654409664	1.3370858683346691	0.4740701176905973	0.24402037554520495	1.2566700416626604	0.12240805769366822	1.1855951362292354	0.8048016386453125	-0.7224458887147029	-0.7388906044571708	0.48995037583709256	-0.5546338261312702	0.7926811489296792
0.1533479470496073	-0.7818157068522817	-1.222808905319897	-1.399939545992109	-0.3722655495300299	-0.05318177449442335	1.0027995470063802	-0.5136084823924822	-1.27140415797654	-1.877822513563502	0.16896035509164833	0.346707301312497	-0.06428807750483097	-0.4607930019158263
-1.1266336049207042	-0.24485765313790253	0.8634111328024761	0.37935310428924973	1.0933934509179957	1.233342892849118	-2.576973273015175	-1.0926794841374783	0.7468982515249322	-0.38574251615574306	1.1377384212370654	1.0303625257334745	-0.02212136780126312	0.415174310904837
1.1414533540735032	-0.33480215870136143	0.761478552425114	1.0074109823420137	-0.20084866511590926	-0.09252646599127434	0.9805055535866849	-1.5506742616717355	0.3297717409960265	0.211122705765947	-1.299859425381762	-1.1123878154790403	0.8001092261645596	0.4355805530687679
-0.36824146761302345	-0.6018450262280922	-0.8232332382523988	-0.9591096633266784	-0.5398626265340233	-1.5323961228109744	1.0706106751412525	0.9429742097489777	0.3699624641585876	-0.012460918292800363	1.0419474643194684	-1.053972399347435	-0.42849026739629215	-1.0819314985982205
2.2697946162186255	2.4954565271505094	1.3807136197469039	2.2532146945599174	2.702787661976884	3.103589186981458	-0.4183406529738618	-0.05229007716433254	-1.845098633297901	-0.8022812270061374	0.2943048622835632	0.7283613544951235	0.2660958927622739	2.473611394896654
-0.4597420381008529	-1.0924805711284802	-0.13293874465067204	0.4730926870989433	0.07171416261181013	0.4564023906725183	-0.4978249324306747	-1.5738653826649152	0.10557732654541473	0.6709638542573284	0.3700697750499522	0.8353770411076589	0.4031444128712683	-0.2287902241037848
0.6379031925408902	1.1927062359344762	0.2113324451427545	1.3819533957325512	0.30502093534391006	-0.4713378345158199	-0.42760723878713036	0.2943910333110383	-1.6186429380091294	-0.43209886263687974	-1.0048280976269661	-1.9757434426271898	1.5403042631854846	0.7080107633107564
-0.2503516253413794	-0.8949791537167968	-0.7856792726796049	-0.3667601784296469	0.14962902083001117	-1.0524026120333094	0.5254882036994183	-0.5619564114178051	-0.3089109809018543	-0.032336411345042816	1.1806525241932586	-1.0398718732617336	0.30670459488620017	-0.6191462258433539
-0.6998288810856411	-1.6173837036694247	-0.9512242376191535	0.20566870596467934	-0.9662384428556711	-1.3129164856307978	1.2015138520731885	-0.5718598811965653	0.1088087916231728	1.1466941032523064	0.7649962489996411	0.5720358552311525	1.74048027464855	-1.6223638298811955
2.2037813769779167	1.1669439004670747	0.8780669970210793	1.1051315230727536	1.9336111339590323	1.694722448856221	1.4711849492422795	-0.07022543588594823	-0.6809618230057571	-0.5200681395555511	1.206080189782156	0.3912798179846057	-0.29863924529755576	1.2688070110581549
-1.3068170218190303	-0.9870720151829673	-1.6708236644359666	-2.218300630927877	-2.3610388557594915	-0.7023502212278944	0.9635471354035351	1.5094165199623315	0.36319130710323877	-0.8760277016550092	-0.7805286285310877	1.6441711997973276	-0.01953574690513906	-1.8888147777793383
-1.6510138011747788	-1.8316831665135096	-0.8125449742338119	-2.3162204582301564	-1.720965748979504	-0.28858905663874834	-0.15959069912171064	-0.019494815290348293	1.234101227722554	-1.2360891994591758	0.14143944220164653	2.0574945329234366	-0.7589292404101915	-1.6682004292572623
-0.4570505082114855	-0.772408456731486	-0.23015747120082267	-0.8596836873841488	-0.8476376687796567	-0.9056093166383888	-0.04537338076157473	-0.619317473140762	0.3612965158802204	-1.1834031980608757	-0.730475434568449	-0.8957072592557113	0.6393304008117734	-0.5286840530093835
0.19759288820781637	0.6981184752615053	0.5594390488781034	1.2390179242843862	0.13394341172469795	-0.4105181599382333	-0.15978221664874787	0.5142192937464678	0.14017856507773035	0.6043833683835274	-0.3080108527740457	-0.9737079559906742	1.323847712923452	0.12481735642893417
1.3336651147414442	0.5889479867369365	0.5003938827996812	1.4845132948051458	1.4071213369852655	0.567863874946437	1.1185581349645792	-0.27114622125908777	-0.5287478744812979	0.4649737997684556	1.1954832009622665	0.012815816793940315	1.2615999212055857	0.499315735251272
0.36647241026684474	-0.6787825654334108	0.5755928008128536	-0.4959624118340802	-0.2541396653415834	-0.8707710439870571	1.5403754842509756	0.3433783732472757	1.8052954400228192	0.20012887056958956	1.0039598552168643	-0.4878688843800693	-0.9615490518298357	-0.6924997790158091
0.4968065185676158	0.07465676556949463	-0.1419959653209315	-0.19498013197112352	0.2431009817294975	0.9451338607185806	0.042995578899620385	-0.7597591627690916	-1.1147099717562132	-1.7713262361877145	-0.42900176913410887	0.832783221185292	0.981236711514442	0.3342649209280611
0.6545784634909684	-1.5390603808968124	-0.09694599861977181	-0.21511554115219533	-1.2158081297891892	-0.43577926009099394	1.3337062239087596	-1.796572040327091	0.015013706969136505	-0.030168249219768753	-1.299720934858884	-0.4666013846390632	-0.923311163975229	-0.2764549239055122
1.1662411609348098	-1.258000159706794	1.4158516032080568	0.9107042063650838	-0.31663912987648807	-0.21425765211790285	1.0805171437461003	-1.8065201092247765	0.16809081203796095	1.0156683812896956	-0.7413615573993882	-0.6093993590282594	-2.2740630942330857	0.280724524674689
-1.2326517498998033	-1.6425626413650543	-1.0287182143598064	-0.21320448669486625	0.17226219898571515	-1.3102455108197542	-0.7269920023612775	-1.4657340888648864	-0.37179775826853434	0.48081933890228873	1.5770573072726783	-0.9370844466557114	0.6934247741039977	-0.9018071428669219
-1.0778964210343283	-1.0552769301846747	-1.6451198334821104	-2.3389127819130056	-1.574369382103989	-0.9608803271082575	0.7097757190014192	0.7167008040871382	-0.18305218795685443	-1.8041697128564336	-0.14186367586502813	0.7448859581694942	0.493332193404208	-1.5839638513177992
-0.12751683229884897	-1.1175011431024315	-1.319869223160684	-0.8736622582151201	-0.8342564523654027	-1.2341476634721227	0.6300088591424953	-0.31723970994916706	-1.630622880393696	-0.4308570214871625	0.046844209748350206	-1.0339275352276192	-1.2827812852513132	-0.6706010600826686
0.16302372106519591	-0.6319260598413758	-0.28436730466487387	-0.742505199841794	0.23846510984105396	1.0333491423331638	0.47739298971820715	-0.13319433853460372	-0.559045472110482	-0.8433764204321323	1.2035866017275831	2.119681544305795	-1.307027165432259	-0.2906040236341618
1.3388218939502197	0.33037149171776947	2.4018647827335875	0.6456585416308654	0.6684458538741365	1.203744849976432	-0.14433021825704562	-1.2256303804444688	1.4879916709049756	-1.1712733857099187	-0.726533472521993	-0.286738330946052	-1.0705414037938497	1.2798580007432208
-0.8262596632218157	-1.7468153084340892	0.5353028010111065	-0.2603584956218482	-0.25784256356847396	-0.6301162141967043	-0.3986276654560241	-1.6920715649206903	1.929672704639955	0.4294736410025866	0.7862331728760517	-0.2695866490264881	-0.3918283122574893	-0.653206707030177
-0.9832266833303243	-1.10256402899316	-0.7599819753706217	-0.5065611142653086	-0.4095825054930843	-0.8624867515210519	-0.47045538614658	-0.7715906717736548	-0.2005314730291935	-0.3508599664668583	0.43618057482108014	-0.21839344105231615	0.9997326003767493	-0.839556146004317
1.5924104456263908	0.6766982743378513	1.324310605137479	1.6673954717958144	0.4820280394065451	1.2162553441162822	1.2166687098020028	-0.3503123041158034	0.810269532194733	0.8989745710475698	-0.6641326464969828	0.46319063939612565	0.5794741786150025	0.7709908210843328
1.6429331562788767	0.7972272646221026	0.5997674378803576	-0.006606069030284933	-0.09344092963316986	1.5239391822768444	1.856018883161435	1.026539934207932	-0.0009327946423929378	-0.7758134363319852	-0.5156972161799388	1.7227214567927214	-1.031378154748934	0.3875789350471302
1.908216252683306	2.0706216005016254	1.7036574587678353	1.8484319248845915	2.907920052520197	3.2257553431645665	0.10538704724908773	0.2642567668734928	-0.3671920161646822	-0.7125611840335099	1.7216824712061989	2.3775788775431215	1.0563502857423317	1.7007974832290633
-1.5253281235810512	-2.0855215957298783	-2.662725487925702	-1.7573446638286465	-2.364991221153686	-2.795840112627658	1.2022303680920274	0.25598188898854823	-0.635942548048924	0.4529185453268798	-0.20829836114753741	-1.146061588207763	0.30061632430588153	-2.2992339939841835
2.5978552515296482	1.8102799691310514	1.9133463195587208	1.9010497077209862	1.5413512624157852	1.3680047549629721	1.07868452079571	-0.3026215854444675	-0.07478516881498098	-0.6208906181498128	-0.7246756386220138	-1.013280936272452	0.7860463288523156	1.8346436546272689
-0.31071525622628127	-0.7454268202050417	-0.30595932272391013	-0.49106274441243086	-0.02001144370953334	-0.5107552345918175	-0.3325405978797791	-0.690275907063871	-0.29167312914005733	-0.652119899947332	0.5058408398521576	-0.7769367719379718	-0.6187176380276735	-0.2075177483611844
0.29025714110742246	0.1141288302794213	0.4723982737211337	0.05394309475018115	-0.20659004585020097	-0.13009424533293226	0.16780957117479214	0.4478608440735454	0.35973596823895476	-0.11231901845349229	-0.14239032937059076	-0.47355682495474394	-1.018460353355442	0.04910439450638246
-1.0449270222882059	-0.9914089987421089	0.074971812073657	0.36125120114740883	-1.68678840468277	-0.4883126876917193	0.12884549727983427	0.002495007550791242	1.4572276627275011	1.134632898643992	-0.955126724217519	1.3863862799195645	1.6034972082197128	-1.3136054449165262
0.34380840908163746	1.3348874402540511	0.18659556654779993	0.6629515962553566	0.9939349016625155	0.3378840233889847	-0.03772494879724489	1.5951206604777497	-0.24047931857365595	0.11505678775961131	1.0298021417438674	-0.2512001782541711	0.37614295085478533	0.3025864537964444
1.1218528950255315	0.10817135682820866	1.6123209844127295	1.6180913021474344	1.054992469737436	1.2709058139480554	0.9834543137411631	-0.7067859645622839	1.8217060581249973	1.4755883018415819	0.871267923682113	0.921766939386401	0.0695675780557874	0.5183294199544215
2.2372386972198615	2.6096844249126923	0.45655759910714866	2.1632112765110505	0.6074123058162206	1.1582621267608613	1.1813503129215004	1.7614319718313214	-1.7458275928718225	0.6157190280588102	-1.5651172150860126	-0.7439245573198779	0.5783872762743687	1.4371477865590256
0.9033621645088087	0.6323696340113304	0.3122477218016196	-0.050981217383861854	-0.43214232565537203	0.4001431532996895	1.0862636200616982	0.5278374389883056	-0.014853863777403949	-1.1994890069169106	-1.1893064470379602	0.3105084766604194	1.0267488464615508	0.11031740132603686
0.05393082898256718	0.7936410506423686	0.9071704534588275	0.9278831874110591	-0.3445490068962984	0.9238641295190133	-1.293998640470469	-0.06166167916935667	0.1453330938204409	-0.1718009686356417	-1.9586350721475685	-0.15857957972360406	0.056533321304855826	0.8193313938830113
1.4826205814749498	0.7223150510505862	1.5183429401143085	-0.48939302832337783	1.1071185233761798	1.492901024021931	0.9555286204905494	-0.17330171962893917	1.0649490404673827	-2.5335174450498745	0.4674639500789615	0.7129224796642926	-0.21790470469947845	0.8698770237678455
-0.9843993090029237	0.4434614467174715	0.09918681460327425	0.3436598520121133	0.32215595867887975	-0.24762668016238737	-1.8135272126977566	0.7981300083822829	0.05171549780485772	0.27756375746858947	0.593015238136111	-0.7891233291380538	-0.37628212988813664	0.0398398676657291
0.7495025413391281	0.2652304857152935	2.189664582351365	4.684960512633756	-0.32409286270023174	-1.0518377530116774	1.0695760323846037	-0.32162059266481685	0.5689993997889494	0.06331250432531078	-0.22880147838967752	-1.1225782700347264	3.1833394317191885	-0.17846504502965413
-0.25210601555678336	0.26248380929127146	1.0267836295304655	0.18394818099506227	0.6567695002779381	1.0431626859246594	-1.7335352992328057	-0.06404787431265134	-0.058599178284461116	-0.772882633466583	0.4213055239890942	0.7134951279272115	-1.5137410491697785	0.603660743712818
0.5794294469759779	1.222138002050309	1.8469330165277351	1.5782363809166393	1.0169819946092813	1.5748169311290945	-1.654896183607378	-0.6125349731165138	0.5119210675450648	-0.39678280834569846	-0.9485610387575852	-0.1626576650708024	0.4753636365833776	1.4945862586035417
-0.41305330599472967	-0.9300860883231564	-1.1273914833819791	-0.044490211228779164	-1.072297204573223	-0.641460988898743	0.4918307066242689	-0.4980125066987064	-0.8842200235441282	0.30880678955377716	-0.65601368621602	0.23000178676893565	1.1496888295500791	-0.8612163502139484
1.2201290401500826	2.042302354418557	1.2930468148208751	1.546752597521976	0.6002789690188183	1.174601594326707	0.7034470941415608	2.295910790431498	0.8842686682475303	1.1174914742889253	-0.11002496982218421	0.4178967542006217	-0.3594467223531048	0.7366452246302791
-1.4823558285467053	-0.7480634314149895	-1.8875694084398051	0.12146838852644715	-0.9662749078803184	-1.1321724295790774	-0.7199507455574523	0.4480755511896475	-1.3804636244286212	1.461005168092131	0.10260702660263663	-0.21636955304999583	0.6951605537262289	-1.1559408728740237
-1.9532338041873678	-1.8734415517857304	-2.97475997472521	-1.2097360135702568	-2.5984635016662914	-1.966253788453479	0.3870339822911989	0.517858956881934	-1.282912969873442	1.2882758530403216	-0.6904191341836415	0.07158761181057721	0.11826230790144761	-2.20780938749518
-1.2603747696886556	-1.190178161236563	-0.8472527774964818	0.06490274378992772	0.7701311472311277	-0.01868626795334382	-1.660034078998095	-1.5430831705122938	-0.96621829919468	0.21534085765737024	1.724099247824979	0.08152427411930138	0.016231145331197506	-0.2675744879954262
2.314396607974659	1.0701578270662966	2.2698788490224633	4.235544434380646	2.3083696954130737	2.119042106226163	0.3464858692148267	-1.836987694323723	0.14713914275444662	2.839641735875726	0.2866019825076847	0.09172871981087793	1.0442651913785457	1.963497405384821
1.1732567905211875	0.457461833385444	0.07508806415077529	0.6304539180983427	-0.19651567148339966	1.082116618399096	0.8454645571642863	0.2245565039797515	-1.0949010732220388	0.053652799089724194	-0.9206456293521972	0.7514200102912336	-1.0154220156220601	0.5258123341220051
0.8833699054043455	0.34995935290233504	1.722946395660848	1.2607616972560345	-0.2326390440687156	1.6999228503945034	-1.2910946515608148	-1.2230075368108295	-0.6621867208510649	-0.3686893661667555	-2.4821278424877122	0.5023600341372141	-1.8307665618661322	1.4499171873620593
1.2091755258820762	1.1770426699598606	2.378914600564149	1.643002212900113	2.556790541785386	1.6194287670681162	-0.5738139585643813	-0.37569946163837487	1.4342168065991852	0.04292325410329551	1.920060465072313	-0.08092913843804672	-0.41082975813747125	1.4846282985703796
2.782281240539853	1.5568591270146481	1.6470779338183785	2.2001499797050608	0.26832333231380723	2.905730135743771	1.8359014928145774	0.022130704201823188	0.003197507239909769	0.7406451283421307	-2.128236706532753	1.8360185111240899	-0.37057086150662777	1.6176948767948798
-1.152313162183727	0.7376380220648064	-0.8481983277200391	-0.008952637327455437	-1.5893523983656668	-0.7965381934070164	-0.574148061847104	2.575582932743732	-0.05655127539240669	0.997737766417325	-1.3027322645926307	-0.3032087673818394	0.033930396309534615	-0.8144978168433396
1.3560520234211852	-0.1869861287846083	0.49752849853533315	0.5375793961952733	1.5093778844868297	0.18462046198149995	0.861167735790591	-1.612564145481084	-0.530189770623343	-0.7419635106287267	1.2145133134174908	-1.373451598480565	-0.15226529267352906	0.8110054170387478
0.38636095551535293	0.4009755283289792	1.1610117486152465	0.3021816731304755	0.16693841564126993	1.0700410263902709	-0.08143542762234408	-0.11604390291369707	1.2181545688368982	-0.7248593366797279	-0.48605403033488126	0.9874357597614052	0.7181414361820131	0.3269735828407948
0.1251993707832206	0.582351107484919	0.5247304971155387	0.371083386563628	-0.0717153626696041	1.2115819288584706	-0.15644505496716093	0.5977556364639123	0.5609184706308661	-0.09730267553484337	-0.491672952789048	1.3989582424061104	0.23091182550651493	0.1775153605052687
-1.9358851311605285	-0.389927899868999	-1.398824451197304	-0.5227466580537574	-0.4996666200419518	-0.08735260959493818	-1.6244755681847487	0.926723589619267	-0.6725311318099267	0.3339542120968686	0.7485993375587355	1.2773907850778807	0.44271642778199	-1.0345053391969572
0.23785385406797277	1.0563847486809175	1.4400068880150823	1.3167691622922364	-0.15808543720056445	1.4358858324591282	-1.2970983978076787	0.28763310698136385	0.7657624709591899	0.36939203221220807	-1.7389866501837254	0.48891038549905413	-0.35657609395624923	0.9551201032833491
0.13214660418307078	-0.1471102634741117	-0.5540527531888081	-0.1258135284756145	0.00190875507055005	-1.4624068662217042	0.9226856922609524	0.4640757851044928	-0.21761454632709967	0.16621954775532907	0.7124407561255331	-2.0648188352939205	-0.01025341323826128	-0.42350505188915516
-1.8728304994169962	-1.8948827866815507	-2.282815054772653	-1.7890727188320463	-2.4748863212085177	-1.5082231970487454	-0.2696621803109649	-0.3443388386237255	-0.9085928400648524	-0.5638049210298309	-1.301624918909091	0.20214167222802598	0.5556836050186166	-1.7994162045110387
-0.10434675643666691	0.20023867423412678	-0.6623805563647212	-0.18881035372809546	-0.9006524079902356	0.12799254007315508	0.910677921953418	1.4013926264441292	0.03986450584989221	0.3961424347920632	-0.4309888373244824	1.0860537205728578	0.3534114302257105	-0.7112791876774929
0.22525657008808858	0.44374591560594917	1.7147479129660834	2.5696678383389324	0.40980701544501846	0.7197135397936196	-0.45463056503442506	-0.48793418412080986	0.48131929121121186	0.10365847810963338	0.04362244488113802	1.0304918494614386	2.4228233306272853	0.25194175995297796
-0.9522970725031047	0.19849138777654202	-0.09888319869913359	1.357065388748667	-0.4699044614341331	-0.6900907715415271	-1.317076914120241	0.5763892643386863	0.16264795943677876	2.137532755296463	-0.5331037494571305	-1.0623266631429467	0.43403802362463145	-0.23414977555159608
0.2135538076593685	0.09032543215625241	0.25695440272937725	1.6010046967570446	0.22163955623666307	0.6462049888194032	0.1766014955157433	-0.17782988620405282	-0.011607391321017459	1.5810188599881572	0.14471063617342184	1.0696335249860778	1.2645111956122803	-0.05587887524377197
1.119322407570996	1.2952288683221624	-0.24480535664949155	1.889696741476983	-0.07288027706066036	0.19519165866055765	0.46756672431375107	0.6518018423753665	-1.9286309366330645	1.0464429006908105	-1.569253530753689	-1.0039387862668405	1.0395620558999892	0.6962353517169447
1.0151279507196675	0.8443260757173974	0.4937481534639225	2.500007819283453	0.4869213355581176	1.701803879542606	0.5844060491476306	0.6439748882747202	-0.24371549991405572	3.023900464612829	0.037798021874627746	1.6013858164659092	-0.577117242132421	0.5733645911790496
0.6155118594099529	0.5936647831509991	1.2239300443424321	0.043440799846584555	1.3244833916258596	0.7225841668503556	-0.36959498154086956	-0.2407205602724907	0.6991776810019495	-1.5016473601344429	0.9763073395241313	-0.43530613821479464	-0.26264774446256933	0.7906266682070073
-0.5205752403559302	-1.533286526653696	-0.3635466896515272	-0.8251138779294445	-1.2718267984271587	-0.8190527103430825	-0.3014668739641877	-2.181007176862445	-0.4718863278924597	-1.9780169528903255	-1.5821762338884364	-0.5238057914948672	1.485564121760167	-0.5217950448882626
1.2661044050471006	0.09962120001806685	1.3280567616502212	0.7511513741371454	1.7152567141668251	-0.4386886662274986	1.410359763240839	-0.7177186188257784	1.1144105230953756	-0.5657004545196642	2.126401101434651	-1.1740857819174482	1.4464620343137435	0.24095996445078519
1.3435884758578505	0.42671443595107805	0.4989768385221991	0.8404254612146853	1.0954973565093353	0.7447227146546374	-0.04446252338429637	-0.6894668053532155	-2.052467141305246	-0.6188286280869358	0.20092370169921672	-0.6831028154446326	-1.6680205305097313	1.1739986252649537
-2.076153179826652	-1.4688648738698207	-2.2577815604140357	-1.1496535287146417	-1.8789083905164459	-2.582764005193792	-1.0267990159095404	-0.028747534989742255	-1.271115581550795	0.15093753716999087	-0.7103479121896743	-2.0951379956752687	0.3196650145920524	-1.5155493557943858
-1.588639278341438	-1.404763128490544	0.6104224600727641	-1.6157118023827963	-1.011618878869121	-1.9203131329993604	-0.3224090311806259	1.0194118550084383	2.3687048325146307	-0.045563458781570955	1.3084348554278067	-0.36796081163060274	-2.0056035221674566	-1.6152895370621159
-0.60053862736643	-0.6246137262654217	-0.2198651769468006	0.1419862988595943	-0.8430233320718462	-0.3666208349437435	-0.30110617889502667	-0.35552524289516674	0.39184103479666266	0.5694989409075151	-0.7176941225528277	-0.13435578963282085	0.3221126381172137	-0.4757211081517644
0.0241731191243455	0.5067146752772161	1.3147014730584416	1.740887041425536	1.9193723927758035	0.878201008830331	-1.7431635385991786	-1.1069612199100052	0.07372948063637613	0.09995569774717653	1.3761131199614727	-0.10107138004300087	1.3647900827755732	0.8979333906681047
-1.5719235765747865	-0.38047350024296844	0.03932299912912707	-1.1524176965294508	-1.520477415427052	-2.222417125078706	-0.3455605501083419	1.6115633590892013	2.3943244944612774	-0.05239034374075668	-0.2826089754219271	-1.5971396285727228	0.47355967579151603	-1.4421234508547924
-0.6360283471172485	-0.5123073364665618	-0.8237925900893242	-0.924228151912759	-1.6857050618762288	-0.12366901410622033	-0.09714430669964978	-0.018716484514438733	-0.5943790951914082	-1.3730225929562339	-1.895746343804426	0.8747415781873442	1.1477357207357772	-0.7306245899050541
-0.562655236146465	-1.6979821618157316	0.4864938538226939	-0.5431912743843849	-1.0624827930522656	-0.03721665349323333	-0.4082933312700329	-1.3578277519319566	0.6047592712491843	-0.08795038478492004	-0.5735678417305227	0.8858589418538271	-1.7988299216446408	-0.5235195263276297
0.19292132326946543	0.9225800842860047	0.41334280978746796	2.0487670084159375	1.1314134601282753	0.7346238145406514	-1.528754754262029	-0.06170213714094031	-1.1028734406743348	1.4574402297931555	0.28256831481635863	-0.8172510642519061	-0.4095754713642514	1.041516460843419
2.05997309566302	3.1339413530185567	2.380449172244476	2.8796646165806368	3.1465987120167602	1.4277026492872633	-0.43931200257693664	1.1812712763294704	-0.2445010951698828	-0.09930281268746204	1.3328509203322325	-1.271156198214779	1.3716973159461128	2.150839124031652
-0.22412822745080904	-1.0707081968721734	0.06579940420945676	0.31911624652110926	-0.674956690257627	0.30331785737470396	-0.3010439649739717	-1.0092975925878245	-0.09119081233083147	0.7870672054209035	-0.4576961924672272	0.7584692253334465	-1.2827556379485026	-0.20857851372977834
0.6877453750317073	-0.7903042321975496	-0.38353970879324717	-0.07620727199836833	-0.6988631930328285	0.4279666837758208	0.9142944350855183	-1.305050629173276	-0.8122882436083187	-0.47139012228095595	-1.1561111617456266	0.28555368614778737	-0.39751627301494685	0.0722293999094053
1.3729087971130012	1.3895454778996699	1.0229708998943723	1.696293433281657	1.4348558125214474	1.5883839365557753	-0.12061757163686876	-0.09602337856955614	-0.666022064768185	0.07828984009024309	-0.020342305669555107	-0.04671631172817755	0.14345663858458987	1.4184681773244854
1.0171037393482312	1.1402876326928457	1.4148117035393732	1.8281218363794738	0.14416127824112068	-0.12069386377281255	1.18491737650422	1.1452982728145573	1.1700738920832183	0.965816735415297	-0.26180590888005395	-0.31735647143474743	1.7443044227304885	0.10424778445801369
0.0761380750378392	1.4785497565545334	-0.028568069263451415	0.5348007270222521	-0.298065460165442	0.6512883118207387	-0.004367226217132291	2.3228671645763455	-0.1237536187103505	0.4036018451323164	-0.6371041059576713	0.7115901053578773	0.26703386346903457	0.03142268511491907
-1.242717513895438	-0.5786790854822756	-1.388782444884569	0.3160494918694013	-0.677238917604327	-0.3756504682932952	-1.4918317466801136	-0.20138250712172603	-1.6781928561376616	0.9434341808164731	-0.367049898099403	-0.27995446390455725	-0.2936713740814514	-0.39911530639294973
-0.25348646103864025	0.09555906175678819	-0.5803527415088369	-0.3039366307386572	0.10658731543335459	0.07518764300333393	-0.3891336700061321	0.7974686991514206	-1.0794251038246447	-0.3418849099996935	0.7495715000378976	0.24634828087410618	-1.081493721960372	-0.16662341334198968
-1.6226537634879221	-0.8771332516707251	-0.7226685251887319	0.9530767680358835	-0.342534576836765	0.2523421516550777	-1.9113177621799629	-0.5088795548354825	-0.35743522476044864	2.198265915849053	0.3812144980480346	0.9663614180802567	-0.25365153896536563	-0.5210752109763624
-0.4068896904114153	-0.5454130493118156	-1.2182861106726932	-0.27830829298743165	-0.9026486223482845	-1.3264258851667126	0.1184855420655473	-0.18838689930809874	-1.2639390955130156	-0.23319334651769308	-0.7525341820834863	-1.4354101062969948	0.835098913472369	-0.5994006924214301
-0.11950394952665169	-1.225690568580013	-0.8017734898317741	-0.30637039770609276	-0.5603300993173302	-0.5231945007026118	0.06399492137401482	-1.363963266135858	-1.0624225246750536	-0.23237148906009203	-0.2744466325639435	-0.6826318176544844	-0.710356628997743	-0.26524128309894945
-1.7298918668231755	-2.3874583737594453	-1.906704031678315	-2.2316724489638995	-1.9723601904465522	-2.2028788123590157	-0.4824659562758021	-0.8537322852712057	-1.0838762153782708	-1.125266853256206	-0.28119361120882413	-1.0689126233794264	-1.3287163532726574	-1.6094757319421902
-0.1307059509067358	-0.0168690064968883	0.8282254505245559	-0.1812798498838436	-0.1159720589375505	1.0792085757086853	-0.7799924944896633	-0.13495759058594944	0.8056333184116883	-0.822856795964428	-0.326281606640138	1.1942816720453815	-0.7859625026081857	0.2212980483763185
0.7820000963053951	0.9560736331339037	1.0789266241421747	1.730613593418841	0.9043667261955493	0.5763646950103614	0.07247511025318076	0.14714446496703343	0.029667498489319044	0.3163543794079366	0.26215266445356605	0.05938851117038121	1.603039371225931	0.5471790799084975
-1.2182139042335303	0.32118103142448196	0.2787403500393353	0.7140189684968232	0.3022451548148084	0.15772654980934378	-2.8277690090178216	-0.4162590176336606	-0.6126259338940043	-0.5440118881252425	-0.3376705309394967	-0.34990072874627887	1.2917684900621507	0.3125827439922482
-1.2707382266598661	-1.051957004093261	-0.9072222280969553	-1.3700810515808324	-1.3147548451463043	-1.133070962185198	-0.2006250901682902	0.14762244271954797	0.46439457889441516	-0.7385465152781825	-0.288063326833637	-0.1852912803859859	0.34716848670209904	-1.2099641670654095
0.46976612602724654	-1.900605419983875	0.21688974151768992	-1.238554794443738	-0.9865951450831014	-0.6100873906974204	1.339773937456179	-1.5563265935676	-0.10930545887603525	-1.1788071408087297	-0.4199407525453201	0.0649390699072659	-2.0488060741125698	-0.5570482490208011
1.1728350313191667	-0.221850177646152	0.9526763454809328	2.4964540734268983	1.5510820061819395	1.428721394095841	0.27448859932517006	-1.8856947687177694	-0.037849325198173814	2.3010532532724257	1.068207992028368	0.4562177288509977	-0.2609837613751277	0.9617634358595352
-1.5135286505338243	-0.8198586134724699	-1.2026397586487056	-1.7197345711065735	-1.5278872738440212	-1.7743889152205514	-0.7580868508435613	0.5000428137240283	-0.19923044871144255	-1.3370689345858024	-0.6802268181547473	-1.472891587440811	-0.15872153557116553	-1.0881399945926538
1.8789951426903382	0.7210099667857679	2.242842801350397	0.8003887451526114	0.012794516688694024	1.3084206301080599	1.1324496538823041	-0.8130092671305557	1.797803598892651	-1.0352269819538316	-1.9912631072681057	-0.036454474206501504	0.3365204148722924	1.1415114440896428
0.3926381089207806	0.2592729415261458	-0.5235210062267471	1.0105815325894354	0.27694554269987637	0.39227881529412634	0.03243630647459309	-0.2635882571812997	-1.5190847877367109	0.5050134831066433	-0.20449602983544166	0.0041224997039933575	0.8201872153940082	0.2533884527561239
-1.765185850557252	-1.2959158896442755	-0.6642170750580829	0.03586886587052063	-0.5584978736855826	-0.6687287846345882	-1.760638211469838	-0.9798264747278201	0.10060826734347478	0.9050549078817105	0.24924555349573815	-0.23609489067389808	0.09111144951578956	-0.7262422947107414
0.7756415165468571	-0.5813746105084412	-1.105526599941325	-0.017849950062558705	-0.1178557256508698	0.7069931367833644	1.1639160763356067	-0.26846846355753656	-2.461355904341932	0.08297736787748788	0.32022736423418263	1.3552127502702744	-1.5513172292916488	-0.11003008651558947
-0.8981295335874321	-0.3946304790808032	-0.8267999998204834	-0.8126858193836471	-0.9039442903729311	-2.4577772977691663	0.3068927517282278	1.1313091783260028	0.484461474513617	0.0811958338841575	0.2843969779475024	-2.5136410727847376	0.32767615446852527	-1.1389512169701097
0.18764528017800472	-0.34438835611055196	0.28970134365562894	0.917699559712513	-0.13464996795849277	-0.41468962093698325	0.3619323356121693	-0.5626769833872401	0.5764502361308054	1.1450620929774935	-0.2037417916712564	-0.7779529501718287	0.55537905991228	-0.11785797806066389
0.533455979067037	1.5528106723533313	1.1569268583404795	2.3051744265863263	1.7497779955672168	-0.429960120538459	-0.10172972534930344	1.5968695873658583	0.9513346813668966	2.5171359270228866	1.9251534620503519	-2.0258057665039426	0.04482349804430304	0.5857242203249559
1.596770653776019	1.1607218051873036	0.7840746998196638	1.4824291191469476	1.1068551378422016	1.4686758367159949	1.0650134609518407	0.7910586165167681	-0.3004521896383733	0.9142311729164484	0.6755981655662254	0.8072324345213191	-0.7811310985325525	0.8423128549837533
-0.6520588682387574	-1.6012470835883192	-1.732832323416894	-2.917665977944658	-2.3263425252505274	-1.955362296584466	2.508764160101375	0.926749177614587	0.7121980523075863	-1.6006507731460087	-0.28174305639958647	0.008086302138529065	0.014482567997679769	-2.1601931037566073
-0.02618576477240759	-0.3519718205405763	-0.27822687103980204	0.4850880137230122	0.16204398740867093	0.4135749239177281	0.09968881975268064	-0.23724324919392284	-0.2615695843006881	0.8080568031923209	0.6174336053914697	0.6129408134448531	-0.3316872926912896	-0.14328841248596466
1.0408637019432434	0.13121943018189047	-0.42191395744060833	2.112455056050295	-0.8575714675566577	0.3259896575297353	2.0764863655894326	0.39071966032843986	-0.702114136488192	2.8343239384938506	-1.1263242870369738	1.1077670150941765	1.3734039456845848	-0.3778931551520904
-0.8036219872834649	-0.6280401797505156	0.6199394630886164	0.0630495785474173	-1.1719856974857532	0.11594121734047669	-1.534708557817054	-1.0226050324568627	0.8971505070356024	-0.22282367002281742	-1.9316459943232036	-0.21346815390420606	-0.35476990805611824	0.056476821334825636
0.3259258955065062	1.6125198023371947	0.9862866069574947	1.6362637583346675	0.6450736989791626	0.3930522052493751	-0.24186967059523368	1.7178002273464332	0.4565270125209894	0.8195806770138587	0.2578427687064842	0.12857369558526346	1.4500808742301	0.29182349108331485
-1.662428383297824	-2.3461704871329614	-1.8297757894679072	-2.303877375979305	-2.816619375088741	-2.8936985911648225	1.0562904325242546	0.5577068632975785	0.5885622585017272	0.13814983301182437	-0.3064659137178306	-0.8744827674897165	-1.1551154952790526	-2.449771506055698
-0.008383875359536552	-0.47379776042308974	-0.7354568924938881	-0.4353949812321052	0.26998915579068405	-0.486064046491615	1.6053797984102167	0.8296851695859616	0.39537280466029795	0.5603516218472943	2.069330038630073	0.477708727724664	0.005387591721559503	-0.9726863805189786
1.2323552225619272	1.7411027783697044	2.52481365321545	4.1978495221945815	1.3657176327158151	1.5743803030376444	0.17938068287012643	0.5046502040853054	-0.08842508562256951	-0.7189347511367054	0.7914778231527076	1.5328849167390362	2.9388071353332457	0.8505512288518722
0.6513552096191769	-1.1632049670475544	0.7938228901489689	0.6125013602436675	-0.05161038227383856	0.6980204259449091	0.97626717005066	-2.0521847342190402	1.2558850124950416	0.5690781222656011	-0.19926899122817796	0.7768043392891721	0.16693837531115707	0.034718198421638244
0.5805418354362085	1.5158732156045764	0.30547675927618234	1.0769883343865463	2.0021596750451764	-0.24896971193922546	-0.7282269516573783	0.7014084645638576	-1.3760352898774872	-0.7038065277787116	1.592155059140759	-1.9889912771422864	1.1560098945001243	0.8638261579662371
-0.7070452661368127	-0.6837387270171803	-0.8355682112458688	0.01739849698964302	-1.9342709413905739	-0.17219929185289792	-0.8078215241214873	-0.2578236854993108	-1.0757531469455959	0.4763002797071187	-2.380245780363487	0.08793881037802294	-0.8945038412264819	-0.3501437474722975
0.6556457931077364	1.8308116006335853	0.5948849876489479	1.9175449933616862	1.7942749953381631	1.6226441468754735	-1.6759070748315243	0.5326772990751829	-1.7186012650584392	0.31958939925430385	0.46804499068057703	-0.2562115803483298	-0.4078560609907721	1.5927764333866299
0.8416335635888549	0.5196464426976855	1.0454319991312544	1.005459822602865	0.5627975245146586	-0.4284584643529109	-0.12697139833739082	-0.7477612956085082	0.16172627515701035	-0.452111920594572	-0.638459128294559	-2.2423179925766767	0.8878982725809548	0.7907235655465994
0.555642048476239	0.40798848548914246	1.8743733230633068	-0.6016287553403279	0.6877694172739568	0.44143329978715784	-0.7130644679053254	-1.0016241325529034	1.522795896532714	-3.0898109328465724	-0.5239350731504503	-1.0245965602932152	0.5930811506910505	0.8903467348826744
1.1288719085768588	0.3215502508441623	-0.6459878982106247	0.6160945044925983	-0.05056359514988154	-0.10094899487350747	2.1703035742713963	0.8095175706762094	-0.7289282474834704	0.946279679786865	0.19138127093118487	-0.0983481929084555	0.33372700398109156	-0.23090569235778166
2.8478973155011946	1.7464164282202195	2.6685478549820854	3.8345986992705616	0.7996926570633097	1.3200972879830706	2.142915088080494	-0.016997696236101978	0.7439976100632731	1.4280395602669265	-1.179837452248806	0.14417368033724406	2.1055127576295383	1.3355124944359729
1.2080081462627494	-0.4521504980358052	2.1233932131269766	0.8262587028482741	0.7848281778396919	-0.34128164929357574	0.7703160554287236	-1.3602234728308868	2.112899965577627	0.28255675149627496	0.6231728153744751	-1.6948117487032508	-1.1457060006539341	0.5931247857935138
1.1712326715296224	-0.39207755504131764	0.4913583511978744	0.35487844053866474	-0.07439301040908175	-0.25356907256916533	1.0537737970031347	-0.87122159053771	-0.3207614254482503	-0.1352861905907816	-0.43905719635081	-1.161910912001999	-1.2366056074790215	0.3779765207771127
-0.6727348655449272	-2.08124465570706	-0.006901499049113635	-0.16391749450244397	-0.9549905898632366	-0.05699501637702592	-0.06291207362899139	-2.231060843626056	1.1034121921619915	0.6187038050873928	-0.35526939281536163	0.7274857007744983	-0.2863184316328781	-0.6853444632048507
1.3544096421899638	1.2242511276616936	0.9999929140004107	1.8841187186221995	1.5732206065446805	1.405053745716693	0.5796036722744641	0.6329390396349006	0.04569322196156069	1.3709401981966993	1.2097516538876132	0.4853326666419856	-0.44363466697319115	0.9332146372753914
-1.486970704970728	-0.6213068040154912	-0.7287198753061159	-0.8275500215722837	-2.1528396105145644	-1.0260066082032304	-1.2048019614086416	0.35473958343860373	0.10373941135024294	-0.32756591265582335	-2.1981527435343677	-0.7084168684812628	-0.1825944328896617	-0.7976316675007211
-0.5780008838888923	1.0169998928651036	0.3352372384072018	-0.234080866529018	-0.03577415863715931	-0.32956314636021267	-0.8576078063589863	1.7998448707522996	0.6865623051070916	-0.6195719889273488	0.045244434274736525	-0.751995587085386	0.0745185965919132	-0.07781074890465876
2.8757732750893226	1.822511609590918	3.071242068241252	3.320349295654962	2.4960999743873944	2.865619969049556	1.0316148068953417	0.010194396384280211	1.0359596246774911	1.9705871643917656	1.0085147833466277	1.225719642905062	-1.3483388781205783	2.0860627473844655
0.963031354876681	-0.3942171455780987	0.7834717992992463	1.020225366130632	-0.02097551630445433	-0.4214514361938232	0.9402734153135979	-0.5587200175229133	0.2717229241946264	1.2473679833829006	-0.07754515036778904	-1.1274774961384983	-1.409742364622544	0.2229633378601581
0.48428137111214486	1.7348019747742691	2.116803768664458	1.953022556309118	1.283346421045775	0.6033124557521768	-0.8903932575757111	0.9236830888012508	1.025485089202431	-0.23718824722448958	0.4725547065101122	-0.24586997220456697	1.8618380844459463	0.8082245046043293
-1.528942806642722	-0.06814458074218316	0.475843958480968	-0.8193216189947659	-0.0031223425676052963	0.5211849240153289	-2.382141198795236	0.5713997749489961	0.8989715071528932	-1.118008410673532	0.6396445789226906	1.04572208755394	-0.909690568707922	-0.22904633196999638
0.45669168885781175	0.9166483880719196	-0.2998335284918452	1.3662789274076597	1.0228092770935593	1.8857453627851792	-0.8843917166997264	-0.14064695895536683	-2.087062711387724	0.24188298645256204	0.04029025895056809	1.3088903865253292	0.41730976793933594	0.9175746098572726
0.6132989979808856	-1.600375264140891	-0.8070367368910663	-1.4241209925222533	-0.22727589759290234	0.03655148748603643	2.0292896764929185	-0.8773042225812568	-0.7415507431208044	-1.1455239631010412	1.2582443354693378	1.3274018545403112	-1.4517766772527452	-0.783637395141588
-1.3993451138134736	-0.5044920879017089	-1.566201795587521	-0.5650293548328793	-2.4036009249324337	-1.1058557219735157	-0.2709887548128269	1.2203879549511234	-0.5437119426215795	0.7861134300724835	-1.9447931895497885	-0.10966533576252999	0.016521816118815816	-1.2400292240961461
9.240812924968256e-05	0.6952855385470237	-0.29746192459597254	0.3973710159444057	-0.5380810888561511	-0.18630591335452087	0.4079716468822484	1.5184223012810132	-0.05919266708764614	0.6035990103973593	-0.5230369966950392	-0.005870522136710676	0.6382302043368124	-0.3434138830889467
0.13387064847145372	0.5840626498790064	-1.123791785054876	0.20229035497657788	-1.0238802480303113	0.3813617212600958	-0.00582469709000348	0.7340048089444732	-2.0463699240667603	-0.24917487684706724	-1.944782616008591	0.1658805755377416	0.2722896041804664	0.08920184367622919
0.2016467154672143	0.07102374906212483	0.857576117385177	0.5269753795051206	0.29060208068606413	0.9028200828975024	-0.6588002985542138	-0.6927712887045908	0.4914974287195643	-0.2792517268087755	-0.32820877935392484	0.2765967660669382	-0.29369747973821586	0.5454260182325225
1.697605088207321	2.371468349139432	2.8613450505252973	1.5135037328728693	2.197441200381755	1.4426929306489649	-0.6493425246490255	1.7493483159810537	-0.4672745739079578	-0.5589730253871531	0.7905227202151379	-0.3730629203685679	-2.557654685636748	1.8333902966781495
1.3349032271804635	1.337176406167107	0.9396326930838553	-0.0033949135201464253	-0.4728878380531213	0.8522702624922398	1.3395550550602577	1.4016790359189415	0.7066463709136378	-1.1672327537220595	-1.615134369375988	0.23170329948543544	-0.08938903077649246	0.5140467907710405
0.22706140475410436	-0.8257184846762546	-0.5089365243149796	-0.13060605947754994	-0.31666097954565153	-0.903947698949724	0.8084568367425035	-0.8140849782527916	-0.3696910498533203	0.004390399526911168	0.033848053112397886	-1.3398487933466259	-0.20762137941696046	-0.2957432218411877
-1.3336858497392894	-1.251115660348185	-0.9907923414053429	-1.0770260255866886	-0.3693678277627068	-1.2858876250642104	-0.8169890231998608	-0.7576846213307042	-0.28137509968562685	-0.9642041121131494	0.7448320730454274	-0.7521421905543157	0.8502685109726225	-0.966558589744287
1.1708499500106495	0.5411412256111212	0.37735442511359796	-0.19932214885158195	0.1063144809943674	0.41151905357717267	1.785874737697161	0.7180895419965244	0.5226896470812216	-0.8750526405659538	-0.0038582819439944758	0.3139755033709057	0.3686010568600639	0.03656728904119385
0.7554465002184294	-1.1591753059835166	0.37747263965766	0.16265625335971706	-1.3167318979388458	-0.1893407493662278	1.5649580667026157	-1.049208757653726	0.8199697059671691	0.6925727930757726	-1.3685691842543817	0.05248128142994586	-1.0250260120218273	-0.3246448489869157
1.7661706673649793	2.2380661935424664	2.3641546666901316	2.1801219488976873	2.164779182946435	2.07983612060956	-0.809569653143959	-0.035149209563295675	0.24415872014355816	-0.48096143749951453	-0.1558913914535944	-0.5199829205744213	0.29379966872537966	2.200395785535368
-0.399754552503944	-0.9556546699859566	0.21409906444384014	-1.4058804731206265	-0.23544022940473808	-0.8848190053207469	-0.02051505913906774	-0.2364270128138996	0.7174527472265565	-1.5107872428780131	0.8519777542622452	-0.6408574645869616	-1.2992024321981157	-0.5539579758579937
2.4219918955082287	1.3665395953393844	1.5869194494560637	2.41296502944529	1.7200692757466227	1.3540268528220483	1.5575063598857575	-0.49585246450325227	-0.7675548040900616	-0.4896431433647579	0.44386813565164424	0.27085020714356384	1.9720755039548157	1.2696359732503726
1.0255660071155879	1.6632619467513399	2.10176480414577	1.5464738336467514	0.2881139830383338	1.062233853427929	-0.20801197324943374	0.730939023871326	1.4145883385726556	-0.11596894353554323	-1.4865873256331548	-0.039022700978708004	1.1257526211436626	0.9995480081998116
0.8975747053991178	1.8747558096332884	0.5912325451474889	1.6569941479704537	0.8920855561326317	1.1212694331208792	-0.45745608947911964	1.0430285707110605	-1.1536115640159506	0.010803249778896126	-0.5157062134317473	0.034292698080048624	1.1498492761802819	1.0189688119705955
-1.1509296120307975	0.8129757389088577	-0.038109113367607306	-0.2474231589170447	-0.5336712543245901	-1.331508726789766	-1.1306203497851637	1.9955149303164847	0.4710241632955804	-0.5216682852006421	-0.1477140446273993	-1.2646689178811172	1.2536896176015617	-0.6350711428013456
0.588118844237537	1.0103707757807678	1.5914142719614341	2.2442989448277952	0.07582171738856303	0.712143566148235	-0.5607742598637727	-0.07039657914649539	0.5831948937030272	0.8777793294405031	-1.43026161226447	-0.029104112269330008	1.5929057884167153	0.7340275655853222
-0.9426547954303045	0.6237466590444677	-0.8789912676719775	0.293328583966949	-0.7624485869888481	0.2035418310755963	-0.8463520883198529	1.6534080202820702	-0.8690612082944655	0.4994752901210073	-0.5958730244346611	1.137898311757587	1.051106207683583	-0.578519394661491
-1.5154211221499394	0.19050609743130897	-0.9354789852484248	-0.949485354417866	-0.7309842115978129	0.1078161731418944	-1.3719920354897885	1.5057405415410112	-0.38929986976410447	-0.728029053313124	-0.030084653037572646	1.0175672110916791	-0.05244530997799055	-0.7024491654976996
-1.7886981081961897	-1.0117072558971842	0.4036163246078145	-0.5232349411965465	-1.8795503753753064	-0.7686589259167063	-1.757455169839903	0.34363795862657087	1.4505722117474429	0.5830053538575422	-1.270719415562536	0.2251382526236266	-1.5014532578010353	-0.9175993795129197
-0.6595991378298885	0.6752201871167715	-0.8544149476537908	0.7175530669646792	0.041885683889475986	0.26583892405755655	-1.298248045261681	0.888015342660042	-1.5792423554542598	0.5616846886011547	-0.15793865664470907	0.10995056057287042	0.559978500232116	0.03041528147432306
-0.5575301120752358	-1.4155510678232859	-0.5080182106725595	-0.6101840886211111	-1.563009921445527	-0.7706629221159649	0.3187871243681058	-1.2406763737768927	0.2113253873410551	-0.5728628797933311	-1.4059732681336115	0.08577935048170968	1.1570076121323019	-0.9025467659836108
-1.2242320077149698	-0.9200084258160472	-1.0391464333183345	-0.8439731792124467	-1.5690800141229633	-1.0916584675880523	-0.32279558627903715	0.03688547110793516	-0.2685561415991245	-0.5876728374445171	-0.9433241561582865	0.06587340478983712	1.2554037335158876	-1.1932204551839858
-0.35564398990780377	-0.06475201896909555	1.604532227931999	1.7278903473207807	-0.09963444177779146	0.9329882723872625	-1.5891564146244634	-1.112690289272902	1.7304044298388968	1.5312164723462967	-1.1700533179508215	0.30679891361599254	0.2408917655301636	0.554683801488613
-2.031142731330146	-1.6308614879179741	-0.9016579490424059	-1.6636598098277156	-1.5656575186251585	-0.4395075394616421	-1.2639260481993455	-0.6539005798841194	0.6307983638261465	-1.148093296410728	-0.5262587627103498	1.3126792094304485	0.7047458503780812	-1.3794703100631187
0.6851838135883545	1.9134063184688894	1.0932497708272193	0.6095212913894713	1.0262786215043656	0.4238799915505318	-1.0996721949867223	1.7612469739952425	-0.8799619828204287	-0.9909781970436532	0.10952898603089664	-1.244887564691896	-1.5181288690860808	1.16028390788896
0.9013778785361498	0.17369476993631247	0.7753974443767073	0.5843827074964004	-0.5705594805927212	0.6320481977647311	0.9260520530955291	0.22607200465817118	0.6609736740371839	0.4754661117786297	-1.0529642836464206	0.4829514054444877	-0.8977869523160301	0.21760895760461582
0.12469419364630085	0.897237841229073	1.8154424722850429	1.9673902126011673	1.5431789893635321	1.0842094682182162	-2.2154735256358378	-0.4532909477682336	0.5767433464287757	0.9095504460802912	0.5933168612817602	-0.6426996702461342	-0.8232234401977703	1.3338570979295672
0.5294928330589602	0.27554049878869535	0.30183083194753735	1.109120663332659	0.011278323747872299	0.5885717361583921	-0.01155910632270192	-0.25676541049975266	-0.33454795494174605	0.786938450031565	-0.6984710397654968	-0.14971604986440917	-0.284091384419055	0.48641802197235795
-0.13576787822537956	-1.183112923795405	-1.0405332156217022	-0.7795419857062516	0.3399604612927505	-0.23020234673579265	0.6733621669455008	-1.0722480618236008	-0.8298217472110209	-0.7329988327061752	1.4662077526491415	0.1875028501841238	0.01459336939966012	-0.5426827605811766
-0.979126279046374	-0.27552867439774886	-0.5328050483967736	-0.28337767048570195	-0.6330022435006016	-0.836008178702713	-0.9198167469698998	0.5481695700995853	-0.1228843609018333	0.16776219136628784	-0.054012145562149255	-0.8431106719829292	-0.48832177098813945	-0.5067660622598722
-0.31057244713841914	0.21160567161112132	0.643174447253679	-0.2567818800115108	0.2259684938327876	0.41408171560370866	-0.8174989406098482	0.3688148929173824	0.8207849909501006	-0.7841030689982756	0.38479525030982664	0.24272761326070993	-0.5256381350723236	0.09544436287515659
2.689640027077176	1.277864858297034	2.50857137716498	3.144410668442146	2.3944139306506935	2.153447913521865	0.7325242021347562	-1.6214993902948989	0.45479260951101175	1.1549227252264957	0.2394464419574993	-0.4670451781147836	0.08208063586141429	2.2343483653016905
0.2729413399047319	-1.0769037426508101	-1.2087703071103317	0.8244283998011775	-1.0781586082657364	-0.08151515952579685	1.0865855556330986	-1.2949044173570965	-1.5809585590613082	1.1900238515487784	-1.213923405459498	0.6239923562621563	1.1699474627275086	-0.5339505847820539
-0.2066662969495161	-0.8467903031393296	-1.3698972545763004	-0.3994075819905945	-0.4947921482970067	0.11159155093160292	-0.1130518368155415	-1.25859210012375	-2.088541248770624	-1.010657896897081	-0.6387287232755817	0.40355680079410017	0.8525800458842897	-0.26215105224193763
0.7220251255173101	0.057838843299716565	-0.4114399839377544	0.9166304019689357	0.17412999498859708	-0.6364538385719736	1.0688527073286576	0.021627464896788535	-0.7938364005149187	1.1182565376645142	0.21540336217709954	-1.4979979884827748	-0.09160583165463021	0.06318353069256949
3.006623000473925	1.8302183135719112	2.509096611057158	1.0642903979881644	1.32159475076411	1.181969180369844	2.242498463156024	0.5612330727079714	1.4689096802320973	-1.0790594124602035	-0.29181919607734536	-0.9711766365721362	-0.45987585908483847	1.585453641764096
-1.3713845215392322	-1.7624482754991417	-0.7715931681546233	-0.42796564317638547	-0.46020945681043507	-2.2555302185843855	-0.6707969464830051	-1.3582202237438485	0.37609711606038626	0.4747754056773138	0.8206285742799614	-2.2877514494236917	0.5363801774306813	-1.054792176738969
0.7673746477677205	1.060272822399896	0.2274770886149282	1.2369939542138795	0.4536704867657147	0.33016286951043783	-0.28613447079335186	0.4048957700402846	-1.1273250605217073	0.3501396977234304	-0.6080270337660053	-1.2364537166416032	-0.3262468291988394	0.8825847262154932
-0.3556205089115359	-1.0376704531784235	-0.38202740080110953	-0.8055134163977911	-1.2594052823713482	0.10340651040448323	-0.17250975540131916	-0.760575074269833	-0.30351711707631507	-0.823069371979382	-1.1783145292554609	0.6295301611328342	-0.9686869613045579	-0.38758801635561213
-0.5819757371914567	0.296697021113138	0.8037541254825662	1.3071402398575702	-0.5041747821376122	-1.0126499276775653	-0.5222528854884807	0.6249613958747615	0.726474681601573	0.34576234470022704	-0.3099924940050882	-0.7045561166021556	2.075038305777579	-0.4932874775672347
1.4594881107252475	0.12268234734721395	1.7198338982562809	0.8427985887015927	1.5132489472582975	0.8202887424555847	0.23196449989501805	-1.1653957561011292	0.17326877193520493	-0.5537231853372764	0.9674338883101415	-0.5263169528597351	-1.5542064575977588	1.1327610925274432
0.05764429377207242	-0.5412713683824752	0.09088756816058244	-0.14941458584642237	0.1141743143933086	-0.7386262784103559	0.5227041836398553	0.44053414237696864	-0.0951882694555064	0.45509977799268664	1.2814852096582376	-0.41225860975627604	-1.7400807838586343	-0.45757569703692963
0.6963295608287862	-0.26746388141575617	0.11532840202023346	-0.1653299725822573	-0.37975734110653947	-0.07412806949711483	0.9595323820916408	-0.03319681233336036	-0.16437338492647666	-0.3404229693573256	-0.2898073842136075	-0.22880734757776183	-1.0992157874906365	-0.027702636517612605
1.2113505098827935	0.30998854634157713	0.5087658351610109	0.5674262748695775	0.4836316548382598	0.9728750135029369	0.6521451259766925	-0.4723909074147383	-0.49025685901164257	-0.43227930280533844	-0.1971927592438719	0.15184604390381135	-0.6390716829453191	0.7212374273794839
-0.47654127710879474	0.19911838685638397	-1.3135690173804495	0.47219733374617034	-0.27253479901572875	0.18042266499632897	-0.5664019591862015	0.559539361553962	-1.9515563384634433	0.681174528097167	-0.226547607576817	0.20558062576760636	0.03111826771770142	-0.1428288836195335
-0.3041724283295345	0.32820824687459293	-0.10042256461055654	0.5373449886481866	0.3918569837757317	0.07006750769921091	-0.46454852607772984	1.304189554920741	-0.41642385932777626	1.1266426723004548	1.296172022636471	0.3513615906880242	-1.307950824917482	-0.1927153210943552
0.7326902972179268	1.0862432592937192	-0.027184582171048716	-0.5400604523700326	-0.049960888381874395	-0.15675863522350136	1.246462719818742	1.7994746358885376	0.026521995191764704	-1.303382277906466	-0.08550830089751513	-0.3773622188922218	0.5414573849450058	-0.10173299922840438
0.2333231464658921	-0.34950286645096773	0.2418482568298132	0.6442147572472878	0.6408766267443083	1.3515186773177217	-0.35396263462787225	-1.4883479810723275	-0.6538250325352001	-0.6571501343623016	0.2840870610746827	1.7161579909422462	1.3385623237377902	0.2757934574448707
-0.9278871349945359	-1.6821868192190574	-1.7961809539772289	-1.3087548910188371	-1.6683185174503197	-1.0325279173992186	0.5417604880191903	-0.8828932016096214	-1.2372028898418355	-1.107789748715968	-0.731886194613443	0.5847447153960679	1.3619503413223892	-1.4248409665177624
-0.5043188988745173	-1.555871808313852	-1.4419362802282287	-0.5988187393856882	-0.7237088421312523	-0.2477706060671393	0.8373276175670749	-0.5109737627296037	-0.7088506969249015	0.6871175144096677	0.8582329100196622	1.1822552545015046	-0.6888264982805569	-1.1115222510199785
0.13384626841241543	1.5965192366961096	2.230174340750708	1.6828602918536972	1.0736020983419168	0.29599178784780555	-0.961381633360989	1.1536577261006906	1.4403023819328136	-0.7232593267804132	0.6941327336018212	-0.14592794044500526	2.099481651278508	0.4844282707799938
0.8486102873685702	1.3576843002252161	0.8513569930620795	0.7641282408042404	-0.1858830890625125	0.5290872128060612	0.9246538150480461	1.7406573811607144	0.9800882019134406	0.36664852766809897	-0.824747237475518	0.23796709392982526	0.5084262640676648	0.21160461871525463
0.6125541284645406	1.3223251891043315	0.1509736117610213	1.296594013022214	0.5705851092758534	0.6302675073846444	-0.09530326970594855	1.0523085404323322	-0.816989511504375	0.61891122687571	-0.1922652809401253	-0.21019350721810118	0.5337085907977558	0.5841983466853811
-0.49346535591560675	0.19060799890356622	0.9983213673362298	0.5420108327090287	-0.7476776791484152	1.6518384179549244	-1.6085270416211046	-0.47943822807363556	0.9339241584617273	-0.24145728517474915	-2.0420352561166473	1.728850313235271	0.27981897775414594	0.42230714019691834
0.10508114319527338	0.40541357753284646	-0.2071037888212546	0.5627545387799892	0.6481243383613127	-0.4449125648055489	-0.11759634761556806	0.36564060339889404	-0.5786224844028941	0.27040640229670637	0.7726884352588282	-1.2444970152570587	0.35786474176032523	0.11445626714144501
-0.20275203472700032	0.10641286644412828	-0.7960805917354653	-0.3692805679077931	0.051396271148287376	-0.7058503794090651	0.12951755278563507	1.1280506883577937	-0.8913104748615227	-0.08867635501171926	1.0045700661990202	-0.7282095111584129	-0.8400060442997939	-0.40241633771058916
-0.46477227016280165	-1.0740795206038583	-1.0565326883956585	0.3311859412359788	-1.3274389060705012	-0.8079839894984773	0.3486979975293929	0.19127384046564755	-1.1851837200112527	1.9291390170656812	-0.43581415701822274	0.1111632745724318	-1.6135531321619758	-0.8661331984508515
-0.30340766482626774	1.4052310736212337	0.9997761221518977	0.9337905364236909	-0.27414053800336047	0.39076501748151243	-0.5484791559664511	2.2224326823659686	1.5913632743910426	0.9443610117192076	-0.54468002847636	0.589453321216536	0.8404900388823405	-0.09632654357481552
-1.6815372366479524	-0.47740468695518523	-1.7178917599173058	-0.048916150341173026	-0.9798772154212552	-0.38185503424413564	-1.4220342518740863	0.7542843846680696	-1.4272862849817478	1.1240040279247603	-0.08425446831394255	0.5023758293847329	-0.26959511701858474	-0.87605629435231
1.069396536602063	-0.725448837544701	1.10207494431157	-0.8395956778284956	-0.356956492960223	-0.6651733022587945	2.075131885035169	0.28807249593238593	0.6299432143759051	-0.7299009970504319	0.3321720357708685	-0.1647823623215814	-2.3917134633208037	-0.4199496424399718
1.7485261684178162	3.1270425464515816	2.6578375069731024	2.1797595209947267	2.629540067097518	2.9209534723252966	-0.765914827395929	1.4616986072466929	0.7341276391871707	-0.5900219050143248	0.6595161427730761	1.1494616870455914	0.7944277615751824	2.0911378297885292
0.5037746728708964	1.4988946123752984	-1.243664305650095	0.2768979509029624	-0.3384061161493135	0.339137491032155	1.180628206006372	2.7127676853541263	-1.9113535035617253	0.013867643363110358	-0.2722827328159363	1.0206255616853361	1.1399757625258853	-0.35676115134235437
-0.9722390827020209	-0.3561257452552611	-1.5393147979749187	0.1749271602864233	-1.0319887330129964	-1.0877489043514228	0.07998181991171378	1.0113181529568867	-0.9475521595524157	1.3463865893797529	-0.06832840839605064	-0.07984352992255087	0.9589833046305921	-1.1547132979555115
-0.5583495609858118	-0.5331523759846096	0.5875457820966307	0.4491147750457075	-0.37770213592771384	-0.416666233495517	-1.00647287527831	-0.6154785780028439	0.9426498794392651	0.6408034375589989	-0.36737646609718655	-0.8943682274910395	-0.5858662063439835	-0.04669198791410658
-0.9394360565734954	-1.9432261495216365	-1.7023319289452936	-1.4524320151909835	-1.552898125287931	-1.5117549337627987	1.2330125175176903	-0.4777157337676042	0.006129236864752795	-0.05517153957181828	0.18214256918990324	0.14268891671174846	0.554186631050878	-1.7674340354712497
0.1381379610122168	-0.6845723612795332	0.4133055065814536	-0.27467630291441064	-0.6321868901907575	-0.40681085966079467	0.6254283268674576	-0.7473600081914031	1.1127961015408714	-0.39930458259587376	-0.6599930815967914	-0.5822632926557253	0.10135101893004834	-0.25642656015070103
-0.6960837855193912	1.2793704304277975	1.3080163467361023	0.1393446808919494	-0.04398068167099339	-0.006078604252722386	-1.6075421792931295	1.5885648744359442	1.647918207282692	-0.8641257724570598	-0.5695328570318625	-0.4226791176664087	0.9638637547828897	0.13345875480965302
0.40720035568608054	-0.47642393675451633	-0.17932331114423533	1.1234676855131864	0.35215531203040595	0.19989794073648282	0.02115284774963705	-1.2018972824632317	-0.8977933300452491	1.1070073697436642	0.17534537980208764	-0.5165251705894147	-0.40729888724579455	0.3261742101725816
0.5590060932641203	0.6514848084280792	0.8383270538859847	0.5671078632638583	-0.15837418503378708	1.0516386969700668	-0.2903485998663187	0.4145177588998213	0.08623972687008612	-0.17637819389943443	-0.9840207839627125	0.5695135499423355	-0.9727679122586603	0.5973277355399185
0.6467842822311844	0.5292187239839641	0.36106048638627264	1.0426260431567633	-0.13481619596703198	0.7905799625397237	-0.03676321704709025	-0.11941258501614639	-0.46909756364980665	0.39800895777627543	-1.2264447869675497	-0.07092273552142667	-0.17695180619636713	0.6362566362329253
-0.5443615201089894	0.5965294822608339	-1.0242195865694892	-0.5474607042357462	-0.1366605090956708	-0.6688488231244247	0.007454742609423216	1.9089121054356517	-0.7880809372738432	-0.33109953850592194	0.6869289066989313	-0.529046027656479	0.012933491218223103	-0.5514044792442018
0.778316355117894	0.570488777934414	-0.9530916001584782	1.6778789478693028	0.2796652028637363	0.7196500086556098	0.2301420335058884	-0.12305544564384999	-2.605885345245066	1.380884390982794	-0.6072019060732325	-0.12799230572627773	0.21612008112727182	0.6010980290952697
-1.0358845119952962	-0.7857539106004297	-0.051134832360967844	-0.4621839306096434	0.7836328163758657	0.5544924959963429	-1.5997854184686737	-1.185699230925579	0.07764627265020814	-0.9829391693412697	1.4300825685781107	0.7628304345717452	0.1352276319813305	-0.10137989844134836
0.3740899069964294	2.5731151363122997	3.4155561373118477	2.7386643466322536	1.9753823287418943	1.1899529291815791	-2.2586629253224197	1.1033592361341875	1.82921990518513	-0.4417257159830935	0.4761525291101809	-0.3892210489788555	2.011496939409708	1.5088002067498454
1.8621858826066089	1.3276295624729617	2.4857482824089336	2.0714582820654224	0.9728727470520385	1.9157432000322019	1.010041612319344	0.1096588096435651	2.1035819491810397	1.0039796907870755	-0.48065754764988	0.8533228585094846	0.2574630315448033	1.210341670377862
3.1780906480263114	1.302910815938263	3.0949124434038824	2.3882886051213186	1.0051757567574824	1.7727842055403682	2.1920313398110363	-1.0773873100084979	1.8111212990305974	-0.005237961077936007	-1.4760145000513907	0.009434907066258338	1.2378904459408666	1.7017651127551883
-0.5783660632557456	-0.20751773090900327	-0.15587146745881653	-0.449074443754184	-1.1974745011124375	0.6335075530897041	0.15326099282307573	0.7369684609482909	0.9061650285623486	-0.05418834945887022	-0.9050156625959949	2.0254011572977606	0.5253301087396195	-0.7547648292259017
-2.9741080404379083	-1.156880862195763	-0.040191589149429	-1.482272569630994	-0.5420135753670287	-1.5838136313265447	-3.1914811457913808	0.34174335802766936	1.6500637996713592	-0.6324591788773366	1.3299225944220758	-0.8756411212298048	-0.8814792941990117	-1.185631018172562
-0.587121850618188	0.904895781109074	0.5940705151154306	0.26705097843656417	-0.2961873247596293	0.11013739088554912	-0.9238901391171938	1.553768053226476	1.0984392332666795	0.14589641948883827	-0.447158412856261	-0.009932985296358342	0.25128303252256234	-0.07762165733132399
0.3933426318180287	0.35101191265965315	1.3022837678980919	1.1875682341170277	0.6061390798043438	0.3760511480746714	-0.4469038652836569	0.2948581659885845	0.6105564111605899	1.110911288742142	0.5479597146267523	-0.1869987775435094	-1.5147616585284167	0.47704934477218586
0.3500101944209806	-0.34384948402753623	0.08824172229655661	0.06774576236028451	-0.4156251609930779	-0.9354854286543827	0.24016804652140378	-0.8667333172967185	-0.17370942691992747	-0.5150050309476351	-0.9863835003353341	-2.2103929206795954	-0.07565993476191407	0.19132249330287768
-1.2976977913700531	-0.6123364171222223	-1.077226061741256	-1.3004290297433383	-0.9071042087913724	-0.680216553990757	-0.41635175152215076	0.7218865325787592	-0.007300852947224036	-0.7629866914292365	0.2308501559630451	0.33443325961380227	0.16367585058045098	-1.0782035067855682
1.6700100381041103	2.106616612518888	2.2746417866915154	2.301885070228514	1.123526417549537	1.3465327666727867	-0.15148585334552728	0.7630537528254864	0.9136313556869259	0.7416484737774833	-0.8769082578036927	-0.9219619994160707	-0.2989950326997147	1.708583367363539
0.566845049007291	0.401378102746931	1.0517398294508407	0.4015689781621584	2.633025215409529	0.6433262412839914	-1.1274991569358475	-0.8348879569374161	-0.4256592950999834	-1.2922233297202192	2.830443017424347	-0.9454931657961346	-1.0080194455003724	1.103914766009455
-3.085675596620754	-2.396831841116222	-1.644554385654636	-2.1993460951349784	-1.6031105027906398	-2.465174430025234	-1.3247179945950986	-0.17772665163279158	1.1013657329746729	-0.18309004454590472	1.1451736974016329	-0.596245789101493	0.08273494816180053	-2.306742839768907
0.7800021445769154	1.23078834509035	0.959978625328447	0.3753970908612774	0.04523295099796354	-0.5212198765272714	0.3982197466348547	1.0764394896098914	0.6751810534252205	-0.8309385626949446	-0.87031134070271	-1.8000722170184482	0.8157953605493558	0.4217655792145441
1.309956378674305	1.2067717645601617	1.2290568271690612	1.6271557835069712	0.3455238273175558	0.8984243652939106	0.847291230077625	0.6095234501780584	0.7063733985117404	0.848362516873336	-0.8016215520361218	0.11084133230258784	0.7662244692800636	0.6878128005973139
-0.035039612016665056	-0.15204534986938945	-1.0735779700930785	0.3628799875037263	-0.4119634107523623	-1.0133079484994163	0.2626037828441373	-0.14890290179041227	-2.0107684689576555	-0.41912780078397344	-0.37916028216007375	-1.0358611277470458	1.608121654144203	-0.3843279396239827
1.221865378027633	2.2882721728333633	0.8321252113818549	1.7557714528713366	1.1483454949730083	1.8320282874987988	0.16338120834769257	1.809294019855631	-0.683108767358055	0.23913650671907832	-0.00786873729087559	1.307676273588653	1.1681867660942682	0.9690584077011309
-1.8080746625904265	-0.7358938707827078	-0.18697586026088064	-0.7482407693403478	-1.4323119210598225	-1.5739527193586038	-1.7819745664466606	0.47443465275892005	0.8977827367417396	0.03497391451794793	-0.7151675257331185	-1.4224576138719456	-0.8132196315394762	-0.8579107361301647
0.2031643883685385	0.20449163087377242	0.24033421108612385	1.3950845445834894	-0.05421767073724998	0.6677734991894606	-0.6123299987356599	-0.44478842765355475	-0.4956315002139107	1.1956406872963168	-0.8769745399406048	-0.08212108062388872	-0.26272021000024975	0.5239087294659552
2.2034472107173144	-0.16966846870880603	1.9278459328679665	1.133065165033035	0.46745852233765023	1.3321196105201771	1.8356775001292267	-1.6313298198456923	1.3407283659740832	0.11416586434267506	-0.6023117647833743	0.3683564754026769	-0.8495915865270266	0.9790477405040146
0.1827158433016443	0.592407136415717	0.20148924862789352	1.0577541987344996	0.4474804001320847	1.0109462388736254	-0.6455525602300114	0.019035266458330903	-0.5549552211154241	0.43564276026883897	-0.2197557603488417	0.5283229812966377	0.36815909670307906	0.5073541572001026
-1.7571198560602515	-0.6933200025970627	-1.739089610905816	-2.777418964222404	-1.6136015041352927	-2.1712335279074977	0.45735717785469526	2.129830005123058	0.3903674378092606	-1.9104240449450285	0.647266155748388	-0.1866059297001402	0.9894278909069489	-2.169103583852287
-0.1521502422655654	-0.059149137126218054	0.09698153216386318	-0.9513978086676141	-0.9241571982796629	-1.2990568727381837	0.9696843263482158	1.1244136685757793	1.397732255983208	-0.6962845672087581	-0.3172626097823378	-1.2614920318744072	0.040981934747530376	-0.7419937252211917
-1.4348775937766844	0.15290164287868824	-0.3350289615651222	-0.5008241719789679	-1.0985029802232327	0.6878092995356857	-0.979251800281918	1.6191596094586211	0.8831294679248491	0.1120437515769195	-0.4525229059419103	2.454398448655697	0.6357843966818854	-0.9457510021328615
-0.11945468277511967	0.06800755652173845	-0.4514521573418489	0.48323231336907285	-0.017148650999558895	0.7197276385038736	-0.565659138995574	-0.17131327192712353	-1.084604755747028	0.18483427831835883	-0.31335281135721593	0.5420332361720793	-0.12655876192243637	0.19610727206249984
-1.811711502503568	-3.5358353844209782	-2.247471825155496	-3.0977108882269375	-1.6151492099623348	-1.2348187311790413	0.8891162779627775	-1.6525861236147714	0.20742369406125835	-1.298652849000934	1.5392345693036262	1.7142339778495765	-0.554413743887722	-2.433400961474571
0.4756141421702089	0.12770567473478098	0.2956343197405135	0.8218636749873144	0.6545986986657791	0.6386840866701964	0.3032643373783766	-0.37581125168665397	-0.08990258606457888	0.2187568063655153	0.5524113271422548	0.6177749019399272	0.9815778526494315	0.15687685521688702
-1.788553447909514	-1.7784611993856938	-0.3526864287756375	-1.3954417616932424	-1.634834027792966	-0.935785525338859	-0.2963114432222179	-0.20987507494032911	2.126891914668275	0.09331197725427891	0.029435330680896123	0.8274603501674774	-0.10710203773704237	-1.6311157468740878
-0.28349382850246196	-0.9748167460833829	0.010564443981716132	0.8215879821914982	-0.925432797545993	-0.35415148329426793	-0.948313114579879	-1.4982239555469556	-0.6008253731175079	1.0233999399791998	-1.4812807835402004	-0.9807444968619747	-1.0762963563483714	0.13937689851446478
0.1185086219244203	-0.09625243997634887	0.6243244444787197	-0.34180204706686756	-0.4643050116439758	-0.33330323230740494	0.45405553211990146	0.0713231055857886	1.3542879390393747	-0.7082479778706923	-0.5375108056225592	-0.480182017339881	0.43683417130611846	-0.22641313758904574
0.8700796228661827	1.0332049855167158	1.2315569786149192	0.6736034422542337	1.0392948044317158	0.9511507871023795	-0.5698966430064782	0.5523197782580511	-0.4992256499134753	-0.6467863056852154	0.3634376402058089	-0.10803696685467748	-1.596758510178412	1.0211648205975676
0.5438702745861888	1.3339601933604053	1.7098525465255219	0.940148664941322	0.3429196699566813	0.1687171021588405	-0.13837467333704356	1.0767579826242812	1.7044427846769208	-0.15029588793347554	-0.5226838977304042	-0.7142933261793146	0.9963943590207947	0.4886265319816776
-1.7749621449479969	0.31731178810212146	-2.2840524174581898	-0.44112672634042094	-2.4529978597762	-0.7333739864785548	-0.747784599977032	3.334119483139131	-1.73050053245412	1.6009965806944555	-1.3457993429944881	1.0666390482569708	-1.061101860538958	-1.4709395296735654
0.43877384261477315	0.3194395289776258	1.5964380641865343	-0.23620014241839027	1.7115849210463239	0.40729657739733394	-0.38413402056883916	0.10008379837096394	1.3002614647498383	-1.3362438980251756	2.3218101099447765	-0.2751219422390487	-1.241970056260417	0.5077832612071308
-0.789414174001554	-0.5070306319187868	-1.2821105751999624	-0.8344443472714129	-1.284832480038842	-1.035985555719721	0.6312088486901515	1.0462597970509626	-0.17470714378804755	0.0647842991148598	-0.23197578856819906	0.1395801889954899	0.693652023256026	-1.2735169148005696
-1.0696970442602067	-0.18296094939454755	-1.8632359375566758	-0.5168801444958587	-0.8368612161469384	-1.503761765791574	-1.035444448392988	1.0670594308332375	-2.526638960346647	0.028065454314521253	-0.09638332617773315	-1.6528905354605927	-1.121641215783877	-0.5988683647377145
1.8880967577079213	1.3117154791662045	1.521040054467363	2.6476596182861023	0.003952840433000704	0.6305938841696718	1.5480607353596882	0.2968441167189929	0.02302172996505781	0.8197048273724803	-1.5399582925956319	-0.061516484366624095	1.9553659459969506	0.7425358199354185
-0.2643266029443899	0.31467727138660306	0.3263563174605927	1.02627906380226	-0.07329923839101826	0.5219549491831774	-0.6670727132422867	0.29368190585875814	0.3598133569392306	1.1413521663683508	-0.3526809770171788	0.3666351389229611	0.16833619864608296	0.10480088814213163
-0.23589198582653056	-0.8603403031731622	-0.7481281285412849	-0.6804098657808122	-0.009945111626227188	0.5230718654137967	0.2895710106943792	-0.6622951409595054	-0.5274804494041819	-0.6987629364531955	0.754885371918391	1.267323730484816	-0.137665114690632	-0.43543019565933266
-2.4194104205316154	-2.8143663549904585	-2.2801283879817507	-1.57158635002299	-1.3054921603262506	-1.4924648008389545	-1.5588756993863937	-1.9692577226354875	-1.2680416369720395	-0.2551923728787592	0.541894254909156	-0.2072902053694054	-0.4041800584248666	-1.5519757097241926
0.38844140720351034	-0.5869165651248357	0.4233022153147473	-0.5401458673663082	-0.7205729419505119	0.360212746015234	1.3516444280461848	0.09745935808144869	1.4408830992002244	-0.2117012575704292	-0.13874811312326876	1.1970353974682277	-0.6273077125796612	-0.5199306374577727
-0.38617075626249325	0.2395326108915907	-0.7180459007953391	-0.0016964514143270673	0.11460203305445377	1.4124110613824872	-0.36474967727236407	0.6598784687439732	-0.8585662032925937	-0.10110751282541604	0.45440934544313	2.426296351651267	0.3679338889985341	-0.2299812481545
0.623788302073881	0.3201367406949102	0.18771439078557728	-0.02729480902240089	0.42389485594865967	0.8663032902874069	-0.5931229286861502	-0.674085329806918	-1.3143277784167653	-1.6568068330479164	-0.5220508881305617	-0.25533863703257437	-0.7282571376885529	0.8702393661167717
0.9883242265823111	1.132364761961194	1.234986717582698	1.2589500924246935	1.032863772411981	1.3709327259079247	0.10002690321721883	1.1503504223238612	0.057555433819037535	0.7842658817278958	0.8137909629968137	1.0243771893962414	-1.510346921210862	0.7442238928090497
0.23859545577110605	0.40981639987678264	-0.2397408163487702	-0.22922717563208128	-0.6224288876660002	1.0469733685207714	0.43775456590055317	0.6187275797892452	-0.46812959668450366	-1.0264098772784773	-1.0468810909729378	1.8416528437807749	1.0126260316190372	-0.1639453543205719
0.8326853220776169	-0.3363928334599569	-0.1346110076631081	-0.16180779498053668	-0.7096771866560552	0.2790594472549916	1.1210562037232055	-0.2520510368041233	-0.6045637297655649	-0.42169821732070234	-0.9304720153052899	0.25914979283355954	-1.0219879131808403	0.019235371258685106
2.0457027407591166	1.3821628664910577	2.15597072526875	1.843459360365325	2.4963000463748757	1.207723306859086	0.7713873796093913	-0.40578152860511585	0.936510873926352	-0.113602446717706	1.4790254182321136	-0.6600309674238329	0.8035820915239517	1.464915365349337
1.3271982401210605	1.4981974524992063	-0.1414678996330615	1.4814570641176856	0.652821112094907	0.8603779609405788	1.5696963534696864	1.787811594676143	-0.8866087933297366	1.2952040661979765	0.40382605218828427	0.7442592495094218	0.7737414900162188	0.2707621976902767
-1.1729604696539306	-0.8237415697173783	-0.19868869811986878	-0.9281981915946691	0.27397093232944836	-0.7537312423811053	-0.14157163755254187	0.8883144763406975	1.4743699858692005	0.3029199082006258	2.693058108321441	0.5088611690682299	-0.7716516147915825	-1.2023999325634804
0.372851159845347	1.0741125072616386	-0.5887325486196188	-0.3158088649812165	1.036115870947222	-0.20697876314080865	1.0158538583881487	2.1842312810327824	-0.5715684082019646	-0.4660486853737465	2.1209101904412457	-0.26743263594476174	0.04925196805981026	-0.24627665496999293
0.31692253174249324	-0.308550035157356	0.07906936073997856	0.19963679152254193	-0.3940745542502621	0.08049869868878334	0.0045204755269002955	-0.526575997564316	-0.44579681414276334	-0.11411505506606756	-0.7073686212309906	-0.3849940717140915	-0.8949048100935114	0.18637652539993582
0.2806460934962878	-1.312314912758458	0.7306686103894746	-0.28718832624699386	0.9130057851573181	-0.9398638708071412	0.24489725018515138	-1.2413959488766897	-0.383652233500544	-0.3357029080342567	1.9442450920171082	-1.1660094048382699	-2.3092145645377866	-0.10563443052488686
0.7367530536218925	0.5720410923877185	0.5433602467340224	0.07462856505290116	1.218211400983505	0.13345650631346384	0.13801658435540354	-0.017867885576789037	-0.13903265234050372	-1.1856257803541759	1.058727871111774	-1.1383258976738768	-0.18563114866717	0.619888053467226
-0.6442394633696784	1.1247849758418171	-1.3168239958367134	-0.3622745515698162	-1.3940400581782364	-0.6257011376338026	-0.0792847477688254	2.868537993299821	-1.182414951857771	0.056187986981358747	-1.3294925395819892	-0.36215871211578354	0.058622636420803675	-0.608062347422236
0.4069349859964887	0.03674797620742515	-0.23764156520826696	0.5219697300950953	1.0147479524308725	0.9677075359811664	0.054305002324507336	-0.5702716694495475	-0.9687386474259733	-0.10434749105432166	1.0603935135384808	0.7330204088575136	0.22897744217350335	0.333115489442453
-1.0812896802900689	-0.7558710923125417	-1.7926444631684892	-0.6371465017007362	-1.2542470199306601	-1.6188966566403806	-0.24416228109120908	0.9104520655690956	-1.5837604758273711	0.6314832091800884	0.010865978208773714	-1.0456609178056937	-1.0964870090012202	-1.082844929853755
0.27504197170984634	-0.19671873406105894	0.9789466933441221	0.12966051900845332	0.29700620580363796	1.0759095631938933	0.15600594431080517	-0.32083011643081155	1.3794007542079285	-0.1475270715694784	0.4946114736517988	1.338669035396864	-0.5137231008069636	0.09852395595882071
0.8219109578861503	0.19191427533802247	0.7745278399277432	1.370685438232763	1.145955892577907	1.168952077182312	0.10212151967089625	-0.5142832043503418	0.023917455646232037	1.0438669318011493	1.053498690577742	0.6208177774378354	-0.7443736749702167	0.6493589329422709
-0.7568341490401082	0.0012736559673826586	-0.3085784072435719	2.172201714015669	-0.29115152782852793	-1.4487148904958356	-0.18074557267001443	0.6414434397879527	-1.2711650262803635	0.6100966028561949	0.8531078578781943	-0.619484278236123	2.60679023211856	-0.904950454329101
0.027415315400247997	-0.6812694611674581	0.1309207209214009	-0.20166821013008843	-0.7449254299460868	-0.6861959798011741	0.49604460068293144	-0.5125932276173009	0.7243082355138166	-0.05809561887360316	-0.6198344738082107	-0.9332198477573452	-0.27475578155373764	-0.3187623682863301
1.4422839317410079	0.24134823920544946	0.2127414868323591	1.5297231328908714	-0.1578616655701771	0.49097159043003935	1.962388741288668	-0.21582831169700872	-0.4557909992927692	1.0368509978855045	-0.7404031371989753	0.616388988147326	1.409315292361142	0.08898216775142628
0.36013134548152753	-0.8028697514505382	0.2751010675621158	0.9860488899951185	0.8383356162371272	0.7770877642485153	0.4826323193521617	-1.788379136841965	-0.8085760889159402	-0.934933116945644	1.3812156240154077	1.7398980008582043	2.1433030613022037	-0.15850288160579987
1.4930695747547535	1.6432328880350449	1.474727421346036	1.8928395464826635	1.6905397742523813	0.9788299568338427	-0.13199484071726902	0.21121963093196347	-0.12460262290618704	0.29059441564841865	0.2898981797703949	-1.2740469712891747	-0.1441579216848975	1.5453326938128462
-1.0460949228466123	-0.7869308545754357	0.20229913571629127	-0.31881367442105774	0.08799826306052283	-0.5851045515338995	-1.1045856872681885	-0.49837400547064753	1.0320547660024628	-0.06325579521965903	0.9586556407086002	-0.5751335475992332	-0.2777297969341945	-0.4323604919062082
-2.3757294526558668	-3.908411947053815	-2.1392671002783885	-1.9840244487209775	-3.3559045627422206	-2.7473637932603783	0.0469750088606415	-1.8499207651828924	0.23086362621524678	0.8595052413553013	-1.0161164265684266	-0.4353744767898361	-1.1891924282575728	-2.560621002292565
-0.3126989226125382	0.24057187945997827	-0.26831401039149594	-0.41351722633109317	-1.584654553445319	-1.4597803367390147	-0.10057165388473348	1.9979723815212407	-1.4311138866920152	0.09957994792013952	-1.5773457926676837	-1.382907524342359	-2.327159237712371	-0.49277970191029186
-1.8521246788667094	-1.3948718729768421	-1.0771630675787474	-1.353996880328169	-1.6251083276167346	-0.3098728855865147	-1.711190077018711	-0.9918961331567183	-0.3821000500343574	-1.3299674689396528	-1.364087144927677	0.7390761578372226	0.5956858277039573	-0.9188713586236027
0.785817253423603	1.4672970896995123	0.06633302707819166	2.6659938748879273	0.2415678787766583	1.1484582937328056	-0.3569765430512997	1.1147755723808606	-1.5127317676667138	2.735257219250163	-0.9378097965300467	0.11399099637866399	-0.5619330049660002	0.9108183472641961
0.9045104808728716	0.44623209047109197	1.1181475344021559	1.1661314398788531	0.011604856453401258	1.6217628451420385	0.3081030606370836	-0.5669977735430133	0.5341053812770261	0.028164144747726803	-1.229944015318443	1.5784896211417243	1.0534146322561422	0.5757478281456715
0.5454001699476225	1.5827820262263015	0.9060491852397672	2.8478798661184177	0.7985615682535712	-1.3440602294399064	0.3198247157888834	1.7576837572808734	0.004767849229761877	2.157605942329077	0.7945529765924304	-2.3420029715623976	1.9577666202862043	0.1366184478005367
0.0715811892576863	0.5791649006545663	0.8408249649055728	-0.0015043798882558024	0.9315710485028319	1.8441556886840564	-1.0619062016994236	-0.12731818590756316	0.2567567070732841	-1.4314340072695428	0.4598819219690719	1.60505382022311	-0.13724064709691192	0.6830039416184865
-0.5994776245821795	0.0646415959384502	0.9415849685363636	0.3538308364560375	-0.6261189349517682	-0.15221693734417646	-1.3784077540911008	0.4356804751319459	0.9099619776552221	0.3953812425988486	-0.8258322941365359	-0.4481521476316238	-1.2921697339871965	0.06166725765672199
-0.9124299032317766	-1.036903184016293	0.27440861408882755	-0.5704375584285754	-0.06843655067520882	-0.2960336058800588	-0.006478527865477049	-0.28148872850262563	1.9615379570825384	0.029445230421700982	1.3580372118036819	0.9753864567776198	0.7783503795041604	-1.0236800228155496
1.9129731348702927	1.4462220763538582	1.787542566503255	1.5988088585648352	0.5033415494378378	0.80129580556616	1.1783013473259032	0.6906533141740112	1.0232004864591893	0.578796765205018	-0.8868602132066348	-0.8397569252231658	-0.4792655073530612	1.1276831893200638
0.5606005637887832	1.759391872255128	0.3405560550169424	1.5670456637207728	0.9580744386707255	1.4852560580278495	-0.5405516492189831	1.4293599119393754	-0.852366285125889	0.7324404582255966	0.09947725359201595	0.8311624006922925	0.4683850509273676	0.8080989149060293
1.3088175529157335	-0.3572755898686113	0.10620222265540241	0.5132489885143494	0.3036618501158982	0.7355779364538545	1.6055079972276747	-1.1720589111436437	-0.378367938414183	-0.05531476684027904	-0.07047877071474425	0.33959425096386936	0.06835646138082116	0.33228846454141064
0.47577209420839184	-0.7837682469432169	0.6463609701033961	-0.7488980386142772	-1.0995108057269027	-0.011001789694712771	1.6524266882726106	0.12692774462122292	1.8249585873696905	-0.27488386398457854	-0.4550729650393466	0.9004790635794651	-1.0187341956338711	-0.6561780545891763
-0.5698245693474329	-0.4455317242938106	-1.9388420288561308	-0.7816460762967165	0.03272659166757841	-1.0379886063399102	0.21571604406031145	0.3303849886033916	-2.13975354411485	-0.7699554320641304	1.1716705127718614	-0.5401250685242552	0.9402999833558053	-0.8318227141270066
0.43487972163205346	-1.4605489231001816	0.2100928257739027	0.16534717519188746	-0.1796558585693117	-1.5548092166673237	1.691760156042264	-1.6145245267985955	1.0633292665641387	0.34456523863424166	0.6217233208422195	-1.4569788165117303	1.2547498686864538	-0.7427841807583151
-0.5136024759478364	-0.863928765813831	-0.3523048478236173	-0.48091761569584146	-0.9776034309625674	-0.5860432553055073	0.4995858053623	-0.25716048793053126	0.4149472415628344	-0.4935871865220874	-0.3112318317792873	0.6092649131098486	1.3898294226822197	-0.9875983575919564
-0.6188100287915206	-0.28249530752887003	0.7035902106413432	-0.17390232818776533	0.02016122922040567	0.7108235006099324	-0.879411981996675	-0.24205568638931865	1.3572379515380126	-0.39665145935220486	0.2622794865655938	1.0429789128609774	-0.11850357886520949	-0.11356117992223697
0.6607842902203931	-1.4054149591245566	1.01081811014375	0.3450924476954744	-0.9911162385273389	0.21396632427531348	1.6564560467610139	-1.6215551860216677	2.294642703192879	0.9520228461541355	-0.9320674918571195	0.6678104205377271	-0.26326383295548056	-0.37982908092045986
-0.7818804033331449	-0.32988070177302015	-0.6803128886535441	-0.020573256369909032	-0.6358415956526539	0.46308572263611664	-0.6994333470108736	0.5026934132107834	-0.5385878975891367	0.6065824430543636	-0.03218908380085616	1.3279855561156282	-0.7734531785649366	-0.47680611398650286
-0.00019396880901950686	-0.17581536932335673	0.37064974806405626	-0.9325428669350463	-0.176708648239301	0.3706207994051646	-0.08233536734318313	-0.02430621542686511	0.5744554010808313	-1.6668208315280784	-0.03695483363052377	0.4129137131819229	-0.5890549744682203	-0.04342064517359361
1.1791714902739234	0.9680425485304779	0.6318981535847925	1.473875465303645	0.4032895962961705	-0.6269301052480192	1.315522420267243	0.7597952963899078	-0.08188645488982015	0.5538408827824334	0.0006750555561704895	-1.391357680564902	1.5460990771006144	0.20294555527641028
-0.0763265156684726	0.3528130025721695	1.3205370083900163	0.7279332203695528	0.23711909488738422	-0.20562572815434912	-0.3053400341656908	0.29341343205120285	1.8761395579442772	0.2947962195041966	0.16721825473331486	-0.4322471258333432	1.0834737795394163	-0.039929812566435456
-1.293400865009498	-0.9701678417037931	-0.8468860888040045	-0.40480357596146876	-0.8585217758293878	-0.2780558746008121	-0.7595751976126713	-0.23186364681758945	0.04073241752360036	0.3627540701775633	-0.04457857522996301	0.6944248229976822	0.27949927103210365	-0.8869495078196602
0.694805128630231	1.0732154758857853	1.1214871907028063	1.5770098742395495	1.1251475415197074	0.3219386403557769	-0.1715266068055557	0.3714185274663246	0.478987930576449	0.6859696845528703	0.49822379379544196	-0.7815580384456443	0.9106706280643069	0.6682302337931291
0.16792093231002148	-1.4740836869955753	-0.3074613217402816	-0.12900369804772527	-0.45230136189458	-0.22220023797728838	1.252337165862563	-1.2179309274746943	0.5172414547424755	0.6629021468861218	0.48045363497567156	0.42090476414383643	-0.4368002346418151	-0.6559650835823959
-0.22491047759707794	-0.5664136751651265	0.07436823392237935	-0.41260077874190065	-0.653799461859351	-0.6029159787170978	0.32725916228886803	0.3792193940894877	0.6615952701421063	0.1547025549433139	0.16129669872409427	-0.19999505268301776	-1.1145531633488175	-0.5710346789490556
0.43589280855825085	0.43193128228966055	-0.679348232315887	0.8400619674174288	0.004096222696872653	-0.07563080858442789	0.3962539195025182	0.9283049356262736	-1.5401341623729403	1.1631947843964234	0.1698903529235164	-0.42811594719400387	-0.9487648949950103	0.06470129991289851
0.55005087045722	1.7853066941079656	1.0393037982462958	1.0057909510048648	0.8722406692415993	0.8639611653960293	-0.8164479957232214	1.2152377494743587	0.054670254508934396	-0.45843548762289865	-0.3012258468351735	-0.46621118230371555	0.45891465482773336	0.9643811134578038
-0.459310166727007	-1.3545521651151533	-1.730340059525176	-1.3649564823522482	-1.7045792746156303	-1.6040019361567355	1.2397511769540464	0.2723042350141924	-0.9437704276817013	-0.18474627273694716	-0.35267394933510904	-0.6521211742511847	-0.9210153116830117	-1.3337316437870663
-0.4582094539440713	1.6770690683831335	1.2271447472065478	1.753558865992109	0.8080628336432087	-0.4894677865346506	-2.2839687684048506	1.1810168403864854	0.44742823862670367	0.7640599013188845	-0.22200882046594525	-2.308017526353907	0.9484910248783319	0.778760759175576
-2.225511068447512	-0.7144037876216884	-1.6063432290495718	-0.8694006574109068	-2.474674032105268	-1.6191452381348101	-1.3929371422924768	1.2275756334567816	-0.32028609503316235	0.6319300000854354	-1.7064298889974154	-0.6623717924895969	-0.15870173700273146	-1.4192088202952111
2.1627127990625774	1.3747593528959345	2.019849553769662	1.1478915979286965	1.2400894613464275	2.649163277477906	0.7510566701479912	0.31502391057072004	-0.07473484173717065	-0.6784969659822927	-0.1289991363698518	1.915398326801634	-1.6551629314955068	1.516777592852604
-0.17380188021243975	0.7761132211617019	1.2510666893778521	1.049037771768212	0.2608838256100954	1.5248017296976646	-1.0615609960092174	0.5631350678280682	1.3323204021174475	0.6840237743300103	-0.2955946229485499	1.45720999366572	-0.06321517931658546	0.4508752163281781
0.13410693083999736	-1.7704118075993116	-0.6580528041800999	-1.535837444070219	-1.8729691487610918	-0.8764523418011059	2.3361835103405935	-0.04915425165951801	0.6016054618994298	-0.22344483867168727	-0.37681725258548915	0.9172459797551288	-1.464565060368125	-1.4480062445299757
1.4359274614886273	1.1945641478690514	2.4605015721022374	3.151594560946779	2.04951492232099	2.4194050105481657	-0.8352286209215597	-1.300303752160501	0.8728544100729322	1.5074586211556917	0.14699073930962375	0.7446157495006297	0.7453826286957403	1.825669873426204
-0.00030173870094374333	0.21212639963123675	0.3285101796484631	1.0622335024520664	-0.8155168010468381	0.8234893489792987	-0.6841947751851747	-0.27366028173859147	-0.11101498987377384	0.8086396884636479	-1.9864348932769795	0.3843573637378339	-0.086500660265339	0.3936227007274594
-1.0159179886943646	-2.0143643033432346	-2.550392574088621	-2.7161678470982817	-2.3215998039530326	-2.369635629835621	1.9005582200806408	0.5740224265794293	-0.6139863642346763	-0.9734138971355878	0.05211013127556279	-0.48793459397758937	-0.5648403724105243	-2.2458096848087874
0.32692985217253445	1.586852884593885	0.2884282071894164	1.7644153581666937	-0.02646501584676786	0.7938809955722259	-1.2812465860831377	0.7441017013898543	-1.3718864878645443	0.5542701544179943	-1.9145750956544592	-0.5285115593554821	0.8253324157547994	0.9753253806090124
-0.27015688501374036	-0.7365881741833281	-1.3996402220112503	-1.4540401326963721	-1.5408768518331564	-2.3709275481113377	1.8590988329225426	1.0419651351447647	0.018536983429336282	-0.5534365034896845	-0.2883468083681731	-1.7721148706533452	0.5708817043155281	-1.4759435961332925
1.3372116023515788	1.1430240817971447	0.05224412360831465	0.8159715202668565	1.4222643287455954	1.4320751309685014	0.32533383999117427	0.28852383718750146	-1.761765534340943	-0.6219559057988577	0.7481060630625425	0.31585139747391416	-0.4731229745726813	1.06453437439918
1.234381028929055	0.5926175204905946	0.07225838158332615	1.1467669946946484	0.7679990006656816	-0.09851687397524922	1.8339806620216483	0.7623269063282633	-0.07101797971031998	1.350285620770915	1.0547137705686134	-0.6823687508046368	0.11498186590836126	0.11222500351196446
-1.3239290072067502	-1.9805990090611338	-1.414988461572826	-0.6225011160626713	-1.3219800702284032	-0.08087352535206793	-0.5561486860768899	-1.5517574403079304	-0.6681459777081198	0.37466646000148934	-0.45426037438338074	1.2338373173944859	-0.15361942263224293	-1.018820660349927
-0.5814873665451646	-0.5249546279832462	0.770416963857104	1.673188753938906	-0.18031008322259195	-0.9842014927659051	-0.31220689374913657	-0.4504037991920284	1.3238888367715476	1.9775028491720352	0.3544701165635312	-0.6162320601216144	1.6848966416152182	-0.5916916767910728
1.1460277129706586	5.0785948957549065e-05	-0.9250009424814758	0.6713654231483182	-1.4177074246938401	0.36394473466939326	2.1409559662891344	0.3799849534187648	-1.2587535526900007	1.1569509548291799	-1.9836689720311567	0.58384285466277	-0.23549770643702883	-0.18084064481489556
-0.612570542738236	1.8923963214036854	-0.9043347094685149	0.25563149090791304	-0.6712473037715405	-0.22715954882316863	-1.1292146364565454	2.9212466515607565	-1.788600065600063	-0.4613508167171075	-1.2764507403775998	-0.377411387308313	1.1291939264816981	-0.0861904548291081
0.31650984033822827	0.12283748139620637	-0.3436481842771403	0.6154981115914834	-0.9130835644259728	-0.9467420070586343	0.804909316678722	0.5501871402900421	-0.26582638144224763	1.0361913361290858	-1.1764115887478606	-1.5988410220135354	-0.10465877718770929	-0.18634304734027704
0.5879368755609418	-0.43677964470624653	-0.7227808172145667	-0.8578291442372259	0.5703216212667119	-1.0545352885428074	1.492153058290938	0.2952020590727243	-0.7459020443389773	-0.8408908880415673	1.9355620788403178	-1.2411587746099173	-0.8940252679537426	-0.43509582655913254
0.21586677713281088	-0.6570283917758589	0.08369111072194926	0.07325282139610922	-0.22475377910663435	-1.1468760753751737	-0.18876995111403783	-1.4498977970013303	-0.35105830462980203	-0.5806318148498393	-0.7310968476809209	-2.6872283437947733	-0.31060411754102024	0.2750311099331433
-0.22357112917855548	0.5835481802855301	-0.6419130198328958	0.5087069822360675	0.3460719176021972	0.1239835470182119	-1.2868401547090957	0.5218239401593535	-2.002066199266068	-0.019662512787792175	0.09831226715638545	-0.7431770739563381	-0.8016775398247198	0.43078932415486204
-1.0411393978949195	-2.5244784145490997	-1.1134933355665333	-0.7382170849046219	-2.1690345358093417	-1.264097365888817	0.5352341462175908	-1.9369975777658655	0.4147845611243172	0.7067712754026559	-1.3445911131954509	-0.1695554007084541	0.00042119916645415924	-1.3623641077228712
-1.8792234119133322	-1.565640686521946	-2.0238784394737506	-1.34825785763193	-1.3053107355706752	-1.919027867234465	-0.48990054562922225	0.8906682499700745	-1.27828364656364	0.6488199721483376	1.1198475364979366	-0.2219133993287477	-1.6132124656177194	-1.777399143380447
-1.7945870555542316	-0.7562676241733474	-0.6331467806636334	-0.2307032410644864	-0.6203972544419287	-1.3192814546301734	-1.9573159767669737	-0.24011467564735972	0.036397641107365736	0.28467381911128625	-0.012015568913126667	-1.3925447679985863	0.3100861582601378	-0.6742160504369591
1.796567941805875	1.185242429718393	1.2926032309765079	1.2696703468016328	1.6607073827122236	0.8195831628472677	0.8749753852828419	-0.013889646347207041	0.08307477722997843	-0.21301012201708205	0.7780798262652744	-1.0177987369657147	-0.20420929812025113	1.2344180771507676
1.4173182819825112	-0.10340395504350412	-0.29846869375514457	-0.29008860504263284	-0.07018155872851378	0.8360243416309603	2.188709481192486	-0.34932084188623164	-0.6314997464149893	-0.9978401061396185	-0.29375590741901314	0.9375094769029299	0.1518433972648647	0.0758198706352619
-0.16339427710019988	0.7871537969746306	0.48851610549656455	2.3332308687299976	-0.1573754433785884	0.6343589890464009	-0.32687651181455	0.8400062482257762	-0.9167978893234122	0.16388314503846463	-0.09628268432323858	1.6893435108403985	2.5067944476844746	-0.21820884149773
3.235597750677949	2.544225054598823	3.1758913137081954	3.154723403386302	2.2319778520923483	1.9949068238894048	1.072461953899562	-0.13865849434854688	0.9817291114358286	0.43501506332361695	-0.6390975681556375	-1.0663479267666698	0.7171830522709709	2.483983540753757
0.2675505619080325	0.7629658365184484	0.7562527454494774	-0.4248915185489352	-0.53207547011631	0.9096386106372434	0.3305175889471017	1.1264960156438686	1.1985516346371057	-1.2327085456175806	-1.0256944634801497	1.2370606795544132	0.4836388363667359	-0.009659540141219976
-2.002612281694723	-0.5470592862104053	-1.4585607925632451	0.17870646884622388	-2.491095544508102	-2.519765466727832	-0.9620282584401624	1.5999849853913537	-0.005875286065944481	2.469132642693979	-1.6406201408694703	-2.084972699565264	-0.21419414909931636	-1.4642114476253543
-0.45901133088981916	-3.2333779780273884	-0.6924416999184565	-2.125831317332981	-1.651631217751511	-1.727057847814678	1.711404560524892	-1.4902258388717786	-1.03610311551005	-0.6308184652899249	0.2559811955125248	0.37608594201694395	-2.9047486280868773	-1.7582927490869458
-0.8558328695853012	0.0577970450788981	-1.6323990419085996	-0.9915771600156431	0.48495733001296865	-0.6139968370341251	-0.6865818330197727	0.8107964335593336	-1.9239792737350336	-1.3094601817908746	1.5274856588641426	-0.46275490273075814	0.4421494429965253	-0.5171107036560071
-0.6087236179016733	0.09753901347525856	0.20793190885304563	-0.4945257782061244	0.3145762333533746	-0.3427513820791178	-0.6272886729220326	0.8156163827556264	0.7910748530862545	-0.5319989502288557	1.172792543349415	-0.3656315055648838	-0.4357291626838671	-0.30468498364134383
0.6271015858790386	1.2401812777796757	2.2718020610619005	0.7186325023453407	0.5224639624092022	0.8141892748435491	-1.0261806038993713	-0.056710033275099166	1.7364114426552262	-1.3538868002142177	-1.2366015975204574	-0.8048926711007436	0.6695272503762959	1.140301847669476
-1.117601146179967	-1.3262583864384025	-2.1369306660481615	-1.5666765512401493	-1.0976788954270427	-0.24195829542456027	0.1699393014784809	0.0015100581034623764	-1.4723452452486554	-0.7449626397095995	0.3811780126579505	1.3934880408551742	-0.28625982474469486	-1.2699124563515412
1.409126206815573	0.8484293696114912	1.632596826668772	0.7377049810106696	1.0823711139725234	0.3525622616752505	0.1491948175353345	-0.28545594061188556	0.47704905090615796	-0.9001010745727284	0.06894531876510245	-1.61702668730285	-0.8723419073730402	1.1941713154532305
0.21699958021759716	0.4362270766038098	-0.16324994799759063	0.8420140294063948	-0.2763350336989603	-0.3210233259397959	0.1573174306072731	1.193291023275257	-0.7041187085499169	1.3654519417043725	-0.08708532686969063	-0.5899272466505125	-1.2160547987953412	-0.036536577602276084
0.32199272876104146	1.0941183058992074	1.4555425631467858	0.5120051641868929	1.5447102754957318	2.3010882298370103	-1.6188222059673498	-0.1308333445891703	0.3289608968590179	-1.4500360967486767	0.6182865953787827	1.456964116536125	-0.3232487849327973	1.237268069639269
0.19527079120540886	0.10176440190096289	-0.6761491255204414	0.19463605293694825	-1.018790734608887	1.3068889060027495	-0.24180510880711253	-0.3174754699774652	-1.6603746098862444	-0.4984750004182051	-2.1851727020943095	1.3190157332325132	-0.12380267923383928	0.31701021973420984
-1.1139097813554526	-0.32650184648729086	-1.3806461296499721	-1.5919792685714544	-2.093760962154283	-2.0477880212923627	0.2385961612528119	1.5474740547992392	-0.16663432532706582	-0.8990025789798025	-1.3977656730947936	-1.6004348463869025	0.15128274409558148	-1.2852428281859505
0.7153500909182208	0.8898515283519539	0.628550240588368	0.5449730340647398	0.9662348187088512	0.7661084923388435	0.06268992457019083	0.4970828445522935	-0.031021916155883168	-0.41898802010428393	0.6237443962890331	-0.10947599413897477	-0.2265038494781702	0.6369025915162119
-0.3622909614709523	1.0159013061231155	0.043555811738790556	1.085593799265855	0.40441075339314536	0.42876413457753054	-1.0511098622836414	1.4701419683257275	-0.31539203450536424	1.2334277743767412	0.4483498302098318	0.05895494187902767	-0.3630611430087969	0.2064283537294383
1.1322168222169393	1.8960332034100515	1.0826223612289527	0.980919337405143	1.0219957884581818	1.3427685839694863	-0.1239416832599737	1.246326188586865	-0.16731325169858763	-0.6158150856929256	-0.21059407734597185	-0.05566895143823002	-0.15104846974005212	1.178447184205943
1.3614100628220234	0.8052680655159286	1.116114283955035	1.4963620877938029	0.16577149388431223	1.116659070206979	0.8159874974229855	0.2627988456506941	0.43737768656921105	1.0268437588467796	-0.8167491429883152	0.30222401971053703	-0.631589399667557	0.7739066380590235
0.5569112824791511	0.39168357158253453	0.12243780041844948	0.0482119671941551	0.25209818613866664	0.08623641424846978	0.19006067076777378	-0.1844618540065544	-0.6270117432136523	-1.3189897552073864	-0.3671129578633334	-0.5518997604196832	0.9810621704113389	0.3061482499041994
1.8770121465370497	0.4736741185469683	2.263740226908788	0.5860693182165632	0.049311114421400015	0.7702998867814941	1.100572675002754	-0.09074881530764707	0.43542187277860506	-0.6917684461961832	-1.2945196855628422	-0.13778979340068523	-2.26076411117472	0.9802762299665005
-2.265128956366131	-1.6109163243542712	-1.4955793868471041	-1.743042981744652	-1.0113621406400846	-1.771331378084698	-1.2008634473188846	-0.05136254764413813	0.10790665092679252	-0.6062363207663383	0.9478530471565505	-0.6809048191345857	-0.09065818526711668	-1.561967158714365
-0.28027296250657063	0.3500942952901171	0.22864548854201094	0.27235327680929244	-0.09403850651141249	1.6442845008765485	-1.5402848703827272	-0.016789610988101836	-0.716564749530933	-0.566479348810179	-0.7866162211713652	1.6394644805958454	-0.8198793058033612	0.5241439230436504
-0.909741038648284	0.1662428298846792	0.7829291077858701	-0.09239367955046968	-0.2703161508907892	-0.5912637337570226	-1.7925707876358792	0.3968556462793207	1.0489934106594478	-0.4286729215079047	-0.3473315274111055	-1.350698601830007	-0.673464143621599	0.06282227084140664
1.2801608806306024	1.9865609773179966	1.3895144513562812	2.022829100574361	1.7000703317697101	2.1767623327602075	-0.22339881599846806	1.3482481506262975	-0.019853039332591076	1.0147802732646047	0.8544204726331183	1.1806339595646906	-0.6700730490307379	1.3116266967483659
-0.03267054341794795	-0.15223409516256659	-0.9084341405718603	-0.006684127642282267	0.35581498696510605	-1.939041690976056	0.5426071156127603	0.20126330193657616	-1.1517979464716275	-0.2839562063347374	1.1431319831164053	-2.480257711902428	1.2267623533027439	-0.518344546985061
-0.3178431016237716	-0.8588937169233983	-0.34674806343667874	-0.5223997474846659	-0.015039128956750969	0.8281520917555188	-0.6132857066096596	-0.5035775657957932	-1.5706407723892826	-0.6407283675193098	0.5616219212031226	1.7815133352893595	-1.9519212644809918	-0.16636292454972398
0.47030679938138403	0.8058691139957511	1.1017645042717479	1.2918727508087509	1.474820274175561	-0.6056432958690824	0.0894985164521936	0.48215109812760837	0.8135854462396641	0.44924307844937267	1.7237699373893614	-1.488481339740837	1.3574228286229708	0.24509388939459198
0.15387690543992216	0.15386837240765305	-0.7635857066237326	-0.10329744059660054	-0.2645595869336823	0.3503693065413309	0.6694242332739693	1.0252120762612382	-0.8227069561903263	0.21390529237037137	0.3161391062233489	0.87783403000601	-0.5984018855581802	-0.34157849623745384
0.9493930538393903	0.23203734684403088	0.7425488223539307	-0.1432778517492399	0.7404211581913555	1.197784698796379	0.007187813896284029	-0.8918940952782773	-0.2847072353238118	-1.8850200493565636	-0.05106355725453305	0.26016066405650745	-0.4904528245636449	0.8652643689237263
1.891334311601054	2.003082367911002	1.7982050334700668	1.8646496459036266	0.09256383927863965	1.5111449187133117	1.2330590793483556	1.427403349346974	1.08183062540116	0.8633241749484503	-1.7567942988339933	0.27013798079356527	-0.012183072380146364	1.1490769727788468
0.2306256408631025	1.0525617831911063	-0.4255447000012557	0.7176098930686907	0.3302243594170866	-0.7666231753501708	0.1624830356837976	1.4787511885995175	-0.9121286485494468	0.48946996524458225	0.2918640829819918	-1.5861906401003336	0.6791845291454676	0.029474164202302252
-0.7776293181257566	-1.092327040655368	0.37872957799950324	-1.5337856460488222	-0.483952481376696	-0.6852781706017963	-0.026195809854814595	-0.14324458758231462	1.9160120149534887	-1.2769979960524196	0.8525247080460714	0.04751130200692997	-0.6947858744004908	-0.867423113225881
3.06854238489257	2.03366300273501	0.8563606854543355	0.2601211577595657	1.7908370150239121	1.4352637222317004	2.2222619271341157	0.456252834252773	-1.424873510273661	-2.902417498323362	0.06235875004869033	-0.6250847273600609	0.5828700620002731	1.6433372897832916
0.0140787194039933	0.6919656549805979	0.5676257586239771	1.0737334053576546	0.5332705063553905	0.1196975324567996	-1.0448238314178913	0.4490787787917143	-0.08828354046029921	0.7003395306174658	0.17198397492561443	-0.9817794872797689	-0.613726840824507	0.5452637558704707
-1.478443543257812	-1.8663125274927008	-1.5006521879248484	-2.027793175202426	-1.2546054465773275	-1.4929021209624236	-0.41127012457571466	-1.1323127395879269	-0.4749279493167928	-1.887417260409456	-0.08256412437971639	-0.46068360140411774	0.8258025890410636	-1.3520854015481576
-0.24257566217961546	-0.5905278844568143	0.16671583983377636	0.7612077297044092	0.10754832910102652	0.19628018674673042	-0.3604918767031542	-0.5299595672511555	0.3350789538545289	1.323994227977824	0.6148706418757324	0.2930520195946358	-0.7004595195740255	-0.13246024019131591
1.408112035509428	1.1478291638334468	-0.30378062153517055	0.7902093744086434	1.0564131839526065	0.8283681771597898	1.4649442125089118	1.0242921228132285	-1.3384939239304647	0.08650914976142797	0.8724954713039905	0.2385170837137227	0.21661119749010396	0.48993165064748895
-0.9426957287118837	0.6686177302114278	0.2895188396027619	0.13098420316550155	-0.2657889178756315	-0.8295922095657089	-1.55265789079957	1.1049487721452809	0.5560853232470288	-0.16715355353710146	-0.44680254485612964	-1.5340925149709475	0.46689571551253517	-0.08773067617824776
0.1411506879965996	0.487550480424768	-0.23439125658477933	-0.12606753161515113	0.35177413288257414	0.45634992550498543	0.4920122945082963	1.1098691531346094	-0.11520274700247334	-0.2467825004763447	0.8835621938041738	0.7046024737730165	-0.06170011159293152	-0.16603098913741138
-0.43058166760430283	-0.06661417173714601	0.26816651397158164	3.067512295109477	0.7908454884197322	1.3485640922005295	-2.100606917018592	-1.443640910814083	-0.913292394863034	3.4456081046560874	-0.014566771822218163	0.5569961718557598	-0.07693836819065121	0.814958048389434
0.05687892962742325	0.774930636111621	-0.2260736074918164	-0.9611863286365554	-0.7040927725947727	-0.2659468017253809	0.12274177770219404	1.9273752126176062	-0.4978088809078927	-1.441031844302905	-0.6050288902400501	-0.3248251849421736	-1.0876180468107903	-0.1639708820967845
-1.1494722014302468	-0.9981459096422708	-0.26526238349631026	-0.7056388343632467	-1.8730780866274657	-0.293761205457891	-0.44369661521770754	0.22012512655469824	1.0428097205826719	0.3083301090764576	-1.2568976460185546	0.9055056801727799	-0.7026486804740122	-0.9896912494802874
-1.414663829885284	-2.1321978753081403	-1.945259295186017	-0.9078463718357231	-0.5613066915038313	-0.9472587381505396	-0.1126477170903267	-1.3964968340730912	-1.0581960468253557	0.11829558408659463	1.2620858899276584	0.6783802670116773	0.9120564753373138	-1.4767110699317485
-0.8094802760815424	-0.6654660980960101	-0.1927271398991896	-0.7301452881391525	-0.6432489288564979	-0.6077410264584779	-0.7905255025629775	0.395227808504767	-0.5054388925168438	-0.3692236149888289	0.15458503150319763	-0.03287953063391647	-1.805579079981629	-0.5414869672025445
-1.7912089066865509	-1.7556354829017824	-0.7914900350965159	-1.031876676880275	-1.7156942892629024	-0.5561961679706033	-0.7153039968907525	-0.09865856843151681	0.8555536952267687	0.6545915387757572	-0.08280976358256405	1.387732401837593	-0.9859644841151067	-1.499247445019851
-0.5455795880190506	0.9812810076884502	1.4857631132142806	1.2708319693989845	-0.0984899917882529	1.2139934131565	-1.9773355459814108	0.5674310167167188	1.4090881678448863	0.7166815199353379	-1.2321873148041502	0.6228086304887412	0.002567517903535886	0.6403088940777117
-0.6827108428243832	-1.1079556513362665	0.40486915559847925	-0.7725888358370635	-0.9990930268581416	0.5002726309993578	-0.40985074429129925	-0.3896561295306636	1.0893893048255803	-0.364084034257318	-0.32978910054141874	1.7678276459925795	-1.337658219475264	-0.6066303297228156
-1.283204043124532	-2.3356360974966	-2.6682820708538157	-2.2185932552709486	-1.6342601363814395	-0.9747923638541243	1.0513247085222528	-0.42450675838857654	-1.2013532937948734	-0.5929221428898874	0.7391796902981421	1.3919640306351715	-0.4577628826765071	-1.9893794659281527
0.5720024277124125	1.073719121151036	1.0258082094834342	0.6898333285490589	1.3045843031786293	-0.40569049859128736	0.37520898802679353	1.053208065425405	0.8362411977304908	-0.3882479357932376	1.5533895735919923	-1.059639391822743	1.3132318517782826	0.1791479115401365
-0.7624520534391848	-0.6010434005888469	-0.32893953600877174	0.38308091642688935	-0.5163858643499342	-0.6419842450755988	-0.28519669618128884	0.1610924357397892	0.49367977188758677	1.455810433387923	0.30093699179549627	-0.321498753430745	-0.28278816703945064	-0.6411412286248303
0.6163384642531968	-1.161236449564413	-0.5183026364435432	-0.47017059057380817	0.7451279238028402	0.04704170955869104	0.8618065822907969	-1.4708996858557364	-1.204333011174142	-0.8040261137049431	1.6307047316560592	0.023932272154585574	-1.1324732896925342	-0.05220198011246436
-1.1694148722258502	-1.5225440670001913	-1.0986174980481986	-0.4691402470244427	-1.3540795191728903	-0.9642191786712946	-0.3712376137243165	-0.04079581568192695	-0.9333303821242572	1.0745537605168711	-0.014028315330265426	0.3658454628346919	-1.7466055604148572	-1.1487454655080638
-1.7631451468816668	-1.4278062780409102	-1.6484692398002636	-0.010558194703904622	-1.991616760111069	-2.574677123390456	0.70204042412204	0.9515743162409036	-0.12332107172415482	1.4302836123585954	0.39454469482037746	-0.12919852283847252	2.0399257628530045	-2.4067360203560533
-1.2701420104698906	-1.4013690717586316	-1.8138508431826583	-0.8644496202371356	-1.2322462312515399	-0.12335995773783881	-0.4697349441355413	-0.905862754786623	-1.922618107211876	-1.1453958529315607	-0.4195035031254733	1.7756098116166499	1.6125903110110325	-1.1803694810888643
-0.17484954466797475	0.026579740289253452	0.13368953973153835	0.9587574459180995	0.28468553601212476	0.6474172503512249	-0.9986661574585449	-0.09606751259966813	-0.5892298280305746	1.0005463502200416	0.28049557362534094	0.4249654104074437	-1.0050036357112708	0.2852209749913085
1.2046581487086452	1.4192339471134825	0.77879886153296	0.8131737580396275	0.7377428230513542	0.8013326190455818	0.3520887146525315	0.8724813550923575	-0.3033169409279925	-0.4811834924736153	-0.2642928753177615	-0.5657622149245554	-0.2584322383433056	0.9474315817267293
1.1335164450137447	1.0899108903935424	1.8879796189489786	0.8037411618204133	2.541601384022377	2.2533940242117465	-0.5643102659873722	-0.26572855539001206	0.7243266698175643	-1.1297454680030943	2.1403268991932105	1.1944765736721776	-0.6270217243489369	1.374752368497337
0.6585026336142868	-0.18541153590934495	0.5340235985246635	0.8607713327323526	0.23067554861069434	0.3550504524873412	0.7788499473047669	-0.39534271793434633	0.6306438349454292	0.993984844611326	0.29517886504426977	0.06982574260656858	-0.3770496072233977	0.12720401629594238
-1.40215722321397	-1.585177465085387	-0.316908161686406	-0.5288232652662659	-1.2361971742028477	-1.4361250532360965	-0.18102927287157047	-0.3464061526796401	1.6778777732890744	1.0733402498195554	0.23463701110768592	-0.49663509238095355	-0.22006578802826046	-1.3333206158719506
1.46532587673665	0.7314402912355108	0.6221380652708903	1.253267746956065	2.1373858828834633	0.7134936793879849	1.8201066679102906	0.37213099686705076	-0.16638093779036284	0.058301822832146265	2.932541807836555	0.9175871533174623	1.6484879947779767	0.17846409415968503
0.6356408740175553	0.38258843805959303	1.2616427277859068	0.19387494925883003	-0.16193582005453544	0.49641385471416527	0.02196884934783795	0.05658583654676135	1.0520198033164603	-0.6721895783981872	-0.8773075140232888	-0.25146096908076315	-0.7880099177888626	0.5062389196893088
0.40933085977080236	0.5187374675367088	0.40454581609049006	0.642447274707344	0.10083555854903548	1.3162553768570195	-0.41835968090848696	-0.23670365882317043	-0.4065767886993883	-0.3645882497834698	-0.9331911256113349	0.7817604244608968	0.06564860723423495	0.6476299413837641
-0.5040863245871885	-0.32195619861854197	-0.5370418451687614	0.7129751303459443	-0.8268773256247028	-1.1145434299873758	0.24169035046214418	0.3828271918340651	-0.1249692887382514	1.285635956638604	-0.3377049377218733	-0.5707342167585028	1.3354407273803763	-0.8187406591950563
-1.2118340599383166	-1.4400666159012752	-1.2348507815873606	0.10012010691034812	-0.39613128590173385	-1.2447553684936132	0.23307043477381273	-0.22784735731145905	0.15318183793394882	1.8359417264344273	1.5466423194662038	0.16960357785997232	0.8646801143925298	-1.4762942243929056
0.4178596992357484	-1.790114016852331	-1.5219824138302025	-1.6124652278772753	-1.0870267365344657	-2.308144676034472	3.2260689272884644	-0.48272510204144753	0.04729468090243505	-0.5644231527424283	0.6949938824216391	-1.4839484649767294	0.4755323421841371	-1.59558542406429
0.31410519883871546	0.9048102369356452	-0.2621207741486318	1.0500828811369658	0.2631505742907156	0.6186866311493759	-1.1594434344007984	0.7553163022040296	-2.8259896070857735	0.3502721924105602	-0.577934727580373	-0.24560273621002096	-1.7714010373441376	0.805900663082055
0.7974022145469388	0.5074250263313004	0.15068906785836322	-0.528574689049446	1.0123995010121503	0.7781607764232072	-0.18949325400531852	-0.257855089042329	-1.2562537895244532	-2.384888446984082	0.5644662007600226	-0.29595869309927497	-0.7089318876933004	0.8039244572953579
1.1154493670892434	-0.23480167620437992	0.06805461310313304	1.2817885974713854	1.3300331162068542	1.2133408159738863	1.2672517292004317	-0.9944930768789453	-0.4219777069872583	1.1850331585809075	1.6148299111478448	1.1936853025260517	0.2838164278616347	0.30513088435066027
-0.26608707154823164	-1.5236648335460825	-1.4747990012870171	-0.3584371973814482	-0.05742823534904806	-0.8299257297942836	0.7853643687722663	-1.3409496074180225	-1.1762101065189758	0.22043378939432848	1.1092157410403856	-0.31574998119749614	0.48948056093762204	-0.8169911812827934
0.4061749280655048	0.8348802126587471	-0.5674968682261422	-0.544539516684625	-0.5242776962391883	0.6353213409900171	0.8285686598096814	1.8327951180849762	-0.7401748194766379	-0.8322801598105903	-0.43847696891030163	1.0448417176811178	-0.4782762433282308	-0.16914160952659246
0.2009401871134805	-0.3470045718855678	-1.1116161565724054	-0.6600582933642856	0.23863076522085447	-0.41585573295142436	1.4415513057710767	0.45275826969367483	-0.7750333625952213	-0.557695161205546	1.4597391923867589	0.3909546482633498	0.832139990715512	-0.7850875318448751
0.21107886145223043	1.1665533256275316	1.7268508637879787	0.7034249330683079	1.849697680270863	2.3947226944703273	-1.3482101704185003	0.21796154947889015	1.2343353097961773	-0.9269468567955004	1.3615920351352873	2.1154095017479637	0.45135424118822126	0.9455055477025534
-0.5513545629580914	-0.04518670947925127	0.921528886714272	0.14419831724829885	0.21484231942256232	0.6853980532293213	-0.358446178882474	0.36540655647192044	1.9390007968927603	0.04477040357341716	0.8688100620530639	1.799981804517557	1.1023248788694493	-0.48489561913629337
-0.3366214269481437	-1.6060444814583017	-0.6110240289498104	-0.9706148253734924	0.08739395443632647	-1.8007376006688125	1.0699008169131559	-0.3149601355863178	0.2961594870876711	0.20973004130253695	2.384836007304401	-1.1623809125897793	-1.3416686440618166	-1.1487346712941477
-1.0690100204047686	-0.011852123728839925	-0.37719713840959274	-0.8783633143176199	-1.2863049287371746	-1.45775371662591	-0.6994094638689893	0.8844121470050991	0.07869536036376869	-1.4620857158964748	-1.0968127765563025	-1.1043216778671554	1.4167471224499302	-0.8258488364218854
-0.4215592639250939	-1.3697719270717252	-0.4176093833948272	-1.0257878091299084	0.22709226829599394	0.6537765034334387	-0.022475006574154497	-1.1535545671720153	-0.024628294180981312	-0.9920368001186247	1.4828504827287996	1.7226149891511957	-0.7743758862327031	-0.5227640095219753
0.5885038756257002	-0.07160769794084469	-0.009762719029744793	1.568080130411091	-0.9698217676973251	-0.23596697107553588	1.58529450028335	0.10637255916513455	-0.8395696989149457	0.1490338378000743	-0.8483806941704486	0.8460747970662046	2.3431092395177613	-0.6040530813434777
-0.9547020373047419	0.18986441425584102	-0.2221804210975981	-0.6012485723642174	-0.8961891407429247	-0.34317563204736246	-1.7586862642941066	0.3590492654541522	-0.47882346358046923	-1.3099364356097132	-1.453185982338841	-0.9566434701956924	-0.33868588299593333	0.042172031582536365
-0.04455538479325272	-0.7876453384643667	0.5962753512674503	-1.1463458396449686	0.20083189869760054	-1.6006802659195698	1.0137412123078617	0.5462617288431109	1.6989395915041507	-0.607132781587347	2.0480804873796634	-1.3322286693009864	-1.4265435008522298	-0.8300936755997872
-0.7870232441357273	-1.1881906324295233	-1.7363853152300923	-1.1584326982502948	-2.4387534750475	-0.7811863013171356	0.9106469297090974	0.19446560705256857	-0.641784013018944	-0.17278405676881406	-1.8759735530957442	0.8152262281899689	0.6333245896738254	-1.4315349145958296
0.5008881727208245	0.8966366039394538	0.43383410793436605	0.19154317938536547	1.5514911133843046	0.2858301412809498	0.14765869096882678	0.8018223110143934	0.0820483629789518	-0.7131727217723401	1.8936345785894106	-0.4796832089427591	0.19127785294720806	0.3772876467413762
1.5920957886325722	1.8346647690768612	1.4227710179680217	2.264148774952122	2.5148376484328416	2.1765826469082237	-0.0953534647549142	0.2672025637585175	-0.3384801794404219	0.579131700888768	1.4118721536604317	0.7552281884030095	0.5870601748942721	1.5569311958428964
-0.6068578287231224	0.9923501809009442	0.5543557294487744	-0.8550513187805103	-0.13203928822286293	0.4682014712203516	-1.412633392829461	1.185419780934923	0.5132674547809668	-2.3593891790024166	-0.6633193641101642	0.33291499855834567	0.7765587120324001	0.12578656993351034
0.37116628313535827	0.26699967641850625	0.053848332472647475	-0.32378312782400687	0.46039921572466375	1.1308880731466	0.0063721993802204275	-0.1672452840052754	-0.5204289969427734	-1.4852231370795177	0.15508729503304455	0.9413234015218341	0.006244575641745381	0.36609793169332244
-0.55747110303714	0.04730577429877392	1.1825463089250172	1.8615315454042733	0.7596665383821091	-0.0980641408598879	-2.464217629000221	-1.725097750255459	-0.36253484894253507	-0.21527186949960403	-0.23906623429258003	-1.2549834539572287	1.8559181277615717	0.7111807988997347
-0.23547670630127437	0.052769647603631537	-0.35851116633152896	-0.7063141774466923	-0.2998026227284926	0.6120260724466913	-0.46174345353274804	0.23112004847661638	-0.607721415961319	-1.38486872035274	-0.35872303426381347	0.7350335007807257	-0.3426863732362138	-0.01736510683509551
0.48889651855027516	-0.059575062255420974	0.1169285268290885	0.3427723750312699	-0.24912316845381866	1.274710057064448	-0.9768119649616702	-0.9614564055447331	-2.301113746039163	-0.9375691105507379	-1.540504418795677	0.7383171091122256	-1.7696893987737257	0.8712366608261641
0.4596105919269514	-0.8608818247638009	1.2788892046404818	1.6964688038492683	0.16429336470316425	0.47585540107614316	-0.447549636901081	-2.84454289616604	0.46638377888542487	0.41447288934262766	-0.9659255096940198	-0.1348955333063352	1.5080055167840194	0.5442428095790193
0.39435122995688243	-1.4376197376129842	-0.3928483176684944	0.7396231937749373	1.0582288198299417	-0.8053779833704682	0.9758375577967416	-2.081138325741543	-0.2958991362232568	1.2099750660046602	2.0788210840077244	-1.3045775841588974	0.1562856837901699	-0.22019387892609246
0.2849563122766603	2.5935002264729876	2.0081191811265158	2.344431342926196	1.9204372622317316	2.7552223517510117	-2.605328994059469	1.3795294459152272	0.31626667096342703	0.6238259344518241	0.257198042309849	1.2514372776962055	-0.21615857051566506	1.8090142730269845
1.3617270524920846	0.6438534419203763	1.326181903582356	2.449256928199049	1.4801541618488283	2.66774760496852	-0.28341976467385604	-1.4798817626700893	-0.34067895280868093	1.195784698135242	-0.08604721744313727	1.5619485623681324	0.006002147043456967	1.5305820701137385
-0.8767115362829057	-0.7801468108111272	2.6965021054195812	-0.18158914681598815	0.25471711875518654	0.19513133267975244	-2.5431530245600773	-0.8943282293857989	0.7541857074560847	-0.9329904949658809	-0.16370560344707774	0.04275281798358173	-3.0619801754961933	0.36884616191959074
0.33300739200531426	-0.13102472858927433	-0.23417544681094404	-0.4996113938225938	0.21249592040948068	0.609088063049189	0.10213702589137715	-0.5626684267834463	-0.8005831590591169	-1.5148324888647116	0.009596687551717862	0.285846086806073	-0.16932100349433463	0.24044052817966038
0.7672419773650865	0.8267827574311635	-0.05616954319369272	0.30438613496521055	-0.03427542779748338	1.885384825363235	0.4317543270033092	0.4999487215423626	-0.8883111467521914	-0.7527043531947489	-0.9284622704631187	2.136329167835126	0.4957453837563588	0.42766444775447415
0.21222211453390732	-0.9992510585543635	0.16314750200615363	0.49861647163357503	-0.2046344438058032	0.48057098100365603	-0.5729143518157619	-2.136699487883554	-0.6673181272680448	-0.054145260203291225	-0.83849639554231	-0.1678917836967127	-0.7860204978755423	0.4399727337508774
-0.8299081607832179	0.2589063060094163	-1.149053837208524	-0.6652830750224894	-0.18062480813865942	-0.9297995785096528	-1.3100758441760225	0.5197621407617183	-1.8346285890323144	-1.3539731843299694	-0.2127903788859235	-1.8022771145892331	-0.022849379164206922	-0.04838110261477332
0.36269180810939383	0.16106955248853827	0.4939981833468057	1.2544922027351748	0.0008776533601687619	-0.01840395956495222	-0.6735016738396351	-0.45185831893223527	-0.5503148019678145	0.9173630408147696	-0.7696612774067539	-1.2636911773947113	-0.9866111137073054	0.6295067665893405
-1.8227576177678166	-0.8988669188437037	-0.9763359303082609	0.3208512876056996	-0.9931663622451563	-0.3496445614083025	-1.8406568958881322	0.3007583184530594	-0.5717786263028973	1.8615477835311647	0.07847589074511661	0.6992227447706949	-1.074885956806106	-0.8643447185543182
-1.5655305314428332	-1.032316509536014	-1.6081589322610315	-1.4651495543584365	-0.9900440600076614	-0.022610666963819526	-0.6059612318387068	0.2777450461956563	-0.6321486857007949	-0.7829169344524858	0.34853920549465645	1.6938331032145617	0.183031417859332	-1.2355698208252741
-1.810922817700352	-1.8505777541265485	0.1117984872259925	-0.17137047350741885	-1.4116275718522455	-0.8350514893273044	-0.7383682821617004	-0.7513663608718136	2.4899944344113205	1.712909229430912	-0.019812462768748897	0.5818742989150484	-0.08120462912239697	-1.383517011778981
0.03510550228813758	0.8075535953509384	0.2176871246350922	-0.561020055624442	-0.25114978241468544	-0.41997730076466555	-0.9047225043792783	0.802543464622874	-0.5919455776051477	-1.8803643463100732	-0.9820228884888964	-1.7337442757655193	-0.7182507020744267	0.4696776569920994
1.591213448868282	0.5048179169174588	2.7454131409954026	1.7015163428247289	2.3458646772632803	2.125480511923727	0.5620421462823436	-1.3503281406748548	2.385140683948778	0.07337482231326335	1.7704003346599873	1.5018969127555306	0.9965577977625776	1.1157032417698562
0.1119031183594335	0.4439537683779393	0.5091697413997325	0.07738486325435001	-0.3186251060490538	0.6224279903787628	-0.3486995678954084	0.8702495411998256	0.0925900152760464	-0.24240182924754225	-0.4912298832518619	0.6467957674011354	-1.2055962133167109	0.1629232863213862
0.8408204934943022	-0.578241328351086	-0.5455256944941883	0.6048531424513609	-0.5700920348015805	-0.7346900839342694	2.5865994920149964	0.061563572547833664	-0.02602408198847225	1.223382580936359	0.19284298904226593	0.1596654553326295	1.3223996187337432	-0.8796593956265348
0.2546428484382718	0.700566974226503	0.8358627163470265	1.0007648161668996	0.26697275526803715	-0.07372351217311968	-0.399131883211238	0.33563869579606065	0.6223050539337551	0.49202210295202214	-0.38623168806692887	-1.197731405979532	0.24216354759356948	0.4507510472301528
-1.0856536015360827	-2.1801707246777164	-2.261904488176982	-1.830521096448087	-0.9922986929412574	-0.28369424266061416	-0.048706696351436415	-1.1662636237494535	-2.2883190798784616	-1.1055004164465898	0.7035726873937262	1.4721445430890057	-1.290948785111036	-1.2222227934058372
1.7445776684678018	0.5330742821902205	1.600410853619397	2.16680284302732	2.152359266319129	1.1220542663153383	0.18889653869345158	-1.469022343746928	-0.016366434369193467	0.8696403368311029	1.2174999526593404	-0.9637208233545699	-0.6084742347085382	1.5361825353800849
-0.4253983536980814	-0.6057923487437897	-0.05178862716337085	-1.1778328926223613	-0.7861919565748564	0.17399313465028476	-0.21745318429623287	-0.20637597806880062	0.4549341420337169	-1.5309982067982486	-0.5146557594431604	0.6310155821925973	-0.5178842014662285	-0.3783899216092636
0.030503362795214956	0.7074421680285569	-0.18177280199058776	-0.37841613321199813	-0.6159942312437415	0.06465143434647602	0.461958747353369	1.5869842070089657	0.146325870473363	-0.5598019722737732	-0.6185733190527215	0.23423144997648687	0.14517587524086678	-0.27378353122499594
-1.4598075733849072	-0.7873290040126038	-1.12863895563912	-1.1280153982434353	-1.9241814518223046	0.25447093451536973	-0.9879029597809895	0.4544159703978672	-0.388607614429012	-0.48703759756952153	-1.4487536152078173	1.725557451512078	-0.5356258959431519	-0.9528534070626937
0.8212259592770439	0.2559162285510745	-0.11873800855127367	0.46315478957693124	0.15469117948667105	-0.24919831391277802	1.1982626758049062	0.2551095793975303	-0.3452718670661809	0.266126193005604	0.08642777434496846	-0.8929780405073896	0.07824989166641248	0.08720050257927381
0.7746941969115205	0.45112969454706336	1.436851947933008	1.2292223800115598	0.7905785998554884	0.5862425835932331	0.9264981863905772	0.6297526784989526	2.0890552768642667	1.5703666778997207	1.1921081925814137	0.4156454819926019	-0.3948203572973631	0.15224215890716444
-2.177522762957243	-1.4879997591239968	-0.33401466325890006	-0.22496028139934632	-1.7253024906350838	-0.686743189430676	-1.6736935944263787	-0.6161289673145397	1.3274207750947824	0.9515019612134792	-0.9681585698309956	0.8330612745792682	0.9350589064684417	-1.3053341600289612
0.9367027259046068	-0.4334097254838904	-0.05598619973131352	0.685177731060493	-0.601734755292	-0.6374144896000062	1.8552133768796024	-0.5888749097139454	-0.10378539028983816	0.4623593090525026	-0.7508774607223331	-0.5678388363956252	1.3257415276529108	-0.34523308518610535
1.8455125927116414	0.1810003962826039	0.6791119058260089	0.9595035674492398	0.9467453513830123	-0.4161813410632169	1.9069554038210803	-0.9312810006750495	-0.03928571795452198	-0.09097850373046105	0.36811714503319254	-1.9181744961946368	0.7541096211390728	0.5889470724598189
-0.5846406538669002	-0.45173258589938214	0.010581335762645389	-1.3572472187602402	0.8242215609192071	-0.349062265081983	-0.8570296964230363	0.1183923912468058	-0.2188353595069156	-1.9372334375000844	2.1094661828644554	-0.2337630540563491	-1.3903049649649926	-0.2447070276544671
0.023860414114904138	1.6115659618368627	1.9294572936798533	2.1103293068866877	2.4003041772676474	1.7685077523219668	-2.7892994290778725	-0.2031023576823081	0.3931164413402796	0.18145469060667566	1.1321154931067687	0.050849899393687684	0.7253891349359813	1.5883495494590514
1.0548329927470654	-0.7397810860980485	-0.19284013169911424	-0.5156476467093347	-0.7144071189736425	-0.6252008716097571	1.9920614779379962	-0.5803831115602957	-0.07823401644884531	-0.6083671735099513	-0.5579556948852608	-0.8795430623318443	-0.7158361265648919	-0.24838399384889265
0.6038342438790714	1.2616371397878354	-0.43302884657341295	-1.0423154668922103	0.8332197460959493	-0.488390442963829	0.9198683314214579	2.0026224462536475	-0.7501090048303557	-2.1888400410654123	1.2902932393675568	-1.1267728841380604	0.3132798311757209	-0.002592294199497196
-1.8037495156223498	-0.5112101692536661	0.9092924405629154	-1.1221409658247286	-0.658594836891105	-0.6363469447291065	-2.4422384712989937	0.8227788075289917	0.8856304293432236	-0.9587686992429504	0.12564168825042668	0.07849436175412917	-2.1765571512000657	-0.569566023531048
-0.6096021094442613	-0.7102595105538356	-0.28610684985784607	0.07410781658037921	0.4169967880529604	-0.2983635792232676	-1.2025650530316925	-1.370327388520072	-0.6633920106178541	-0.3963818436021491	0.5084331091579258	-1.0171532253095974	4.28320612911142e-05	0.1119283561459493
-0.6064220360585172	-0.6413558104167238	-0.52889313365146	-1.6802593585346712	-1.0399579246764443	-0.6340325746802827	0.7000305009416968	0.6618234432452162	0.8388735640040579	-1.403166768666625	-0.0025149513038591645	0.33076529036472946	-0.03024807547957653	-1.0324002612679384
-1.6531847564345366	-0.5205665045188634	-0.1800566734620836	0.7295364308648631	-0.9882709052997813	-0.3443096795111935	-1.6508398910595792	-0.004647497142434095	0.14343384734495954	0.7781943345294711	-0.5373274013276305	0.9173861610746624	1.7281307429674244	-0.8634041548268878
0.28221934800198567	0.17671421941134546	-0.749391537807758	0.22366535853353553	-1.029677572035613	-0.4894886715022226	1.274438831004152	1.068577547881485	-0.3916599444331326	0.7668028702340313	-0.9357557797642508	-0.17427820389970436	0.4864467403059096	-0.5617216573787275
-1.6776286475326043	-0.5435829573514597	-1.7990553530754632	-1.2780811487053734	-0.7386581676093736	-1.6045702103992494	-1.3581728402132756	0.743119206926158	-1.5015152384778692	-0.8316884069494104	0.41581218119617425	-1.4529021686872823	-0.3405601451366007	-0.9213424524798343
0.21465518209709855	0.19205422628999042	0.9110261645538364	0.786833708952314	1.454082631987749	0.6495815928472697	-1.4115110953825543	-0.7641258167405843	-0.49868577931275426	-0.2840459860110831	1.2398252407071757	-0.5232855795470406	-1.2460067522881288	0.8997310667919668
-1.3649131015666347	-0.6860442844568118	-1.1019427079099158	-0.9492767778884295	-0.8311929058733953	-0.17638501645232996	-0.9992709212515293	0.7040040854786999	-0.6708082966748332	-0.19383124218032502	0.4069311155194403	1.0392341918414916	-1.0149075975765254	-0.9054652162287267
1.040376431703976	0.335132713753561	-0.955792216462438	1.30046035158421	0.0887254725361877	0.23380290212829263	1.2897740779509874	0.13641437065567208	-2.026611608612729	1.4117771985023784	-0.2742664237408226	-0.37673059621567456	-0.03334162290712777	0.25995241594158336
-3.1455563331575567	-1.5456792867048383	-2.735808733069587	-2.527898968990552	-2.054295185427959	-1.8094570727831771	-1.529429665512214	1.1097499969653162	-0.7909754388032658	-0.9021489087434565	0.26743858958089445	0.5252011915095007	0.4608966052368197	-2.303708605931392
0.16433041987999014	0.2842868670487734	-0.21229492465667033	1.7404225356591043	-0.24253157541116432	-0.30322022085694583	0.2781554162744961	0.4587898142333312	-0.29032406231011226	2.5249420259149002	-0.4162176469775622	-0.7033390469754294	0.3798639475298449	-0.06695981099719435
-2.1199873680584442	-1.044719118917591	0.0879027239590151	-1.0406571332268006	-0.672211727994118	-1.954925040647916	-1.7119680156127997	-0.00661417148502653	1.9098825927174727	-0.5219088124771137	0.6536925330824573	-1.4281512569531576	0.9044983581864496	-1.221650287663865
-0.9360499344770599	-0.9596131114214388	-1.148816507000479	-1.4720965806674915	-1.540137814680132	-0.03444250327485121	0.22614781459260835	0.21301686885287363	-0.11604246448051521	-0.9747134382312742	-0.7545277511983072	1.4086979923690401	-0.03959338589808989	-1.079504555553545
-0.31096254613339264	-0.7578309902663606	-0.41504555231035334	0.5535027817400237	-1.6688950128632354	-0.9742285730624518	0.06206689712346044	-0.9409452242073104	-0.8554626077984993	-0.18327038319277736	-2.181250831386703	-0.6214636518290501	1.8067055293958172	-0.5546049616211378
-0.5267854325513184	-0.7480080557423987	-1.6698701085888672	-1.5109865944279863	-1.6158795793747567	-1.2553279604643648	1.086449172936144	0.7083323981821544	-0.7644816631998181	-0.9086302211586101	-0.7371820836659893	-0.3739910314697894	0.2568294427493838	-1.224373383201568
0.8073764521612501	1.5660767232213517	0.257020721881659	0.3903988971256755	1.0666077043595565	0.5442544230334139	0.14681285552744194	1.8453541153275883	-0.769941675725068	-0.5207279787102349	0.9905423637354016	-0.3510707822662147	-0.7452338601481671	0.6079110260544321
0.3658334293785447	-0.9030235674783467	-0.09940085819925426	0.23003393061288646	-0.266657890944046	-0.5180189996864762	1.7886833461868397	-0.09953585784642487	1.072602715267062	1.435622902697645	0.9583457656641495	0.10866800221557599	-0.36700509055887426	-0.769901034658717
-0.7044733964262828	-2.1686090440723342	-0.8064812592949961	-0.5208698108271983	-0.872942058577954	-1.8817043678662908	0.580593030786478	-1.2456450229708016	0.25454863533061034	1.022959310851133	0.8441991078906022	-1.285336593118121	-1.1000181089545376	-1.2012184084989457
-1.2286692555147307	-0.8135667093357505	0.686675629877259	-0.09002920765487449	0.1746120344536487	-0.7412206185030076	-1.0232689230201109	-0.5480086426892711	1.6261291705650616	-0.4710659742417975	1.302030220916249	0.1213075730759208	1.6085117303403016	-0.8064638697902482
0.6765392951370862	0.04705183075093114	0.2855572855811737	1.1694332513556054	-0.12961057600070022	0.37278509090743717	1.6019807016879715	0.33541131049095746	0.4036073584422474	1.0715988740162992	0.24547460271316746	1.4297819890186523	1.612627129948458	-0.47672038153333496
0.6596132749702656	0.5032590677301788	0.6871038944268532	2.097074675612664	0.17207879608818166	2.1176301231443624	-0.7648013448932288	-1.0766195278185478	-0.6955463755673713	1.15441602297166	-1.6128705897846047	1.5713456871239062	0.6612596562375176	1.016978853173804
-1.6704877466765178	0.4288369851694336	-0.15213117202921494	0.3609400435546779	0.5967952656385211	-0.40516454517534883	-2.606708825840256	0.8867010045835545	-0.029833195716095474	0.43363754987630243	1.1670249811114384	-0.766443861779706	0.19216592958915873	-0.14161680349853079
1.161734200607156	0.8244974173674615	0.8975552680555015	0.12215632404395882	1.219129228079536	0.6146030247511651	0.7738091521956998	0.34961653095295636	0.38329294084326115	-1.161603037191623	1.0067689337386632	-0.3980878956949724	-0.2171192535201418	0.658151349499716
-0.2776276267447101	-0.2559298153913403	0.18991301215573814	-0.1916359780076293	-0.10970658247119891	-0.22047121142884152	-0.2913086228738892	0.5440329303883706	0.0548929049799479	0.08027236881758784	0.6243533131927042	0.07956495948979836	-1.486613755605417	-0.2850268225032792
-0.3744603433790901	-0.977983069102766	-1.1588513466749228	-0.5928715558350128	-1.7572027326593433	-0.5114777853776462	0.5692858193750232	0.05063150137579336	-0.7729193350257142	0.2671165318383525	-1.2807151141653061	0.3250033697850492	-0.8477058734544931	-0.8388207952373433
2.3561333686853394	1.8609661830064441	2.0004159737564073	2.522807956432358	1.8410424572330955	1.4079005059530265	1.430760946660726	0.6013891916306981	0.8797311776793123	1.3663275955412368	0.5684322185557071	-0.4275252275607833	0.16500299164922014	1.4671320696981813
1.9863725127218863	2.11609112752231	1.5439398058752376	2.3236402888063385	1.8090606217307221	1.12376317058698	1.1958189707406246	1.3517926684354158	0.46434335557807466	1.2503707987263861	0.8608763563532196	-0.3087349855609295	0.7271372499980172	1.1595880764614572
-0.7103736895792022	0.346602520460234	0.7631697409404902	1.5987649324300128	-0.17418800702064535	0.4655476807622707	-1.8457035738047045	-0.19787538591206208	0.47221112043399965	1.2752370131528181	-1.0019463078843243	0.19571455283559838	1.0679582584689618	0.2517361003136789
-1.4524218546786631	-0.8140088468932392	0.3374187708394282	-0.7269341617643739	-1.4892379698523368	-0.6178889778612223	-0.9822797288387332	-0.03499438807028618	1.853326558229461	-0.5146554128325371	-1.0934849537253335	0.4978744510000494	1.084957476885368	-1.010003709428141
-1.08381180821874	-1.7739383519889351	-0.9185301976260193	-1.2000823414983015	-1.8532809726585238	-0.7360837098510522	0.2429870641454101	-0.9095511309915018	0.5520529286409384	-0.28908016211505955	-1.0416858610029047	0.5303421761502025	0.12286793703364354	-1.252781260800763
-0.8734378062253043	-0.6226686635539073	-1.3933768693373303	-1.4349295174900183	-1.144466336421805	-0.8477132363227001	-0.07243350067291514	0.4205010234996929	-0.9069929695703014	-1.2687435656338144	-0.4492474892674325	-0.32420981611072264	-0.11558179821439467	-0.8518529180108441
0.0602356891255571	-1.4934306843354381	-0.11622925669703577	-0.0005943951970595607	-0.3552752329764868	-0.3718945405508535	0.7743711639010441	-1.3312216733106972	0.4478787449835887	0.7327157666734934	0.5337898807755748	0.03541917086186108	-0.8411584109676062	-0.5264659981554987
0.8505396167571737	0.48510569104605306	1.1477758135187077	0.6013180347825832	0.2442662115867471	1.063117200215761	-0.5675554184092932	-0.7543353225233739	-0.06500583617512444	-0.9633870807829524	-1.176176243514387	-0.28190728602920023	-0.7228500126011059	1.0822768870802986
-1.4145800065736212	-0.39072281822155364	-1.498943941390904	-0.4361738011120809	-0.11580597148782279	-0.3492537893304408	-0.667826879516564	1.3153964931995787	-0.7524564688584054	0.8764682082863544	1.768404402084159	0.9333826488233494	-0.45522419898534805	-1.0889158743442313
0.5543349586511304	1.4709178222905197	2.515927968418475	6.597639004694834	0.7053048291716657	-0.3607155964062672	-0.16037183724665716	0.7219807212624976	-0.3001600157025674	0.19124892526342452	0.6792537665473426	-0.8696209772188787	3.4225798434833172	0.3532134208363578
-1.5882102676411294	-1.0589427185878737	-1.0916787431958637	0.01700902574125368	0.2028199564320008	-1.0228484768105903	-0.8407981950687143	-0.13859099977155495	-0.3956010004647467	0.742727757793025	2.1098155958907028	0.3487572756503054	1.4259318976251032	-1.2609744982499613
-0.6872982711041331	-2.2141440526248553	-1.4704075791672004	0.11161855572977064	-1.5892342286934629	0.019187286590643116	-0.5353453874035896	-2.867592642505848	-1.7814466416034405	0.6578221927378387	-1.8283003281671646	0.42642937929425007	-0.34275996854445423	-0.42503647341245543
1.0279945706100349	-1.1263090539597278	0.7348604267502782	0.41315430409816417	0.1381730661062139	0.5180549802892519	0.8366994481324915	-1.8729347597003676	-0.2473453293804156	0.07528251010574723	0.012076598291814839	0.3440294913906097	-1.6631179146292911	0.3300753847863511
1.6412774700487958	1.7226570831096701	2.219031890760858	2.9364414468805835	0.46577666804101225	2.0872925323731333	0.2233996448287159	0.16135272212712304	0.7282189374411651	1.1722407080107269	-1.761099703311583	1.2558339468549515	1.5155173028136029	1.3227419892706758
-1.603710034274388	-0.2862002516672219	-0.24109383301595125	0.12250329034808996	-0.38764014530845614	-0.02071004978835611	-2.0131464432866406	0.023670659695261918	-0.04067043998510901	-0.1008204825239946	-0.028888309619205365	0.8218888003717316	1.317652366410974	-0.5639331207665739
2.999881428802695	2.2469442461477005	1.5507710242245376	1.4036688065730263	2.0609768333337035	1.3835729072288296	2.4589960946321097	1.0672817386703097	-0.172079242390983	-1.043345524882344	0.8462338299523663	-0.09373827687530846	1.198009193039794	1.3669733643375557
0.06941513937455085	-0.3858252936552069	0.6058608293366486	0.10143853311575957	-0.031313845961414066	0.16613634216295575	-0.6274959464305974	-1.0155501467146548	0.2980068438434249	-0.5903445670834933	-0.4380584871382984	-0.5743994936502326	-0.6259483306462329	0.34869446050283254
1.46720235410047	0.4820957382961605	-0.0940057928972533	1.2501743268066199	1.6720037986337668	1.30906134431322	0.6550467972706638	-1.1141014748835805	-2.1296536787777556	-0.4998529015541174	0.9471940584072375	0.508220352581332	1.145096082545427	0.9215374067172232
-2.379235517343023	-1.7375348427349522	-1.3319897514911798	-1.0922199615504828	-2.7490592640182148	-1.0784668849336063	-1.1305440010114578	0.8946937617299567	-0.15217987591217041	1.3073813569458639	-1.0780341083273186	1.4686023392528185	-1.8277341706357373	-1.9088042656457789
0.7999915870037618	0.6058820618718945	0.5380645918927774	0.583657764984625	0.6611403958738729	0.7053372553003253	0.34901189747002903	-0.1555550355015404	-0.4746519645404252	-1.1107108286731429	0.08368297117539991	0.44127020485342433	1.4317743488748063	0.41286021339785745
-0.9657633568052372	-1.6471670584250455	-0.8047949083234761	-1.026250595288894	-0.5972672797495208	-0.41082223162200127	-1.588322742876425	-2.006281436177652	-1.6159990175379952	-1.4990296912385424	-0.37207421590116646	-0.4683690621473358	-1.3141150720361912	-0.18057518231121583
-0.1413044181833003	-0.8029823703079151	-0.6738970607927646	0.6626744489342526	-0.2895915825797813	-0.049720028767629654	0.5318020144102261	-0.6598093851562544	-0.41941657899727147	1.254478521266348	0.2369712996449346	0.6988171330137233	0.9174303883269689	-0.5905828168795563
1.1875617381362857	0.757411839040377	1.1593156585014042	0.40191223971308143	0.8284343475133151	0.5384879555783045	0.43022050825817254	0.45524836435282556	0.04896496490323126	-0.6773874617258426	0.4449084743862041	-0.43274062939211877	-1.365038684760699	0.7572705573808215
1.7219243865527663	-0.9112113606368704	-0.32663189222926137	0.6174021230325593	1.2552537663174839	1.3877852886191633	1.8567324528390583	-2.3282849362506646	-1.498850801613809	-0.12999448752175038	1.280550972570358	1.0786150225988962	-0.32740252484959104	0.5512401060834465
1.1407207364563523	1.2350822490630584	2.4133286242130882	1.4378788001592433	1.8320114215645584	2.326373619669094	-0.8477788701796453	-0.5123424068767397	1.329696248150729	-0.5199612149230507	0.4812681773052187	0.8917587524752569	-0.28429325552865825	1.599346344294834
-1.0650700671831033	0.04534650430937898	-0.08876865569117287	0.45679238028242464	0.8883594209634509	0.12674707551563164	-2.733729691779832	-0.47222210677761306	-1.0933271203337847	-0.18553228893081064	0.9141157536211596	-0.8249703444527837	-0.701140808009517	0.46890792997785025
0.9113991949563794	-0.2868181534927643	0.044786623960749616	0.6377430317275835	0.24545092674292512	1.1226207766771799	0.15041670364793036	-1.9080770130205988	-1.2906262293354398	-0.8176457528063488	-0.9994092350440579	0.43923906092114035	0.7359481642481938	0.7108384214699562
-0.32523359111568684	0.380883466964438	-0.5537039725822206	-0.11933065961386749	0.39559105139446865	0.2067116547678116	-0.16091357622932195	1.4832588177067816	-0.5623025379363303	0.23144878048886935	1.4792934091379044	0.6932223172144029	-0.809101550375693	-0.3472515135844924
0.8590411037309108	-0.08497341140315173	-0.8154210760357299	0.3039307433519688	0.2878788496563059	-0.4797007899332622	1.4371776745401401	-0.1499220315100078	-1.2953772956335774	0.14646588394484106	0.47323057649620726	-1.0196179411150916	0.31526378479621825	-0.05807294945639072
-1.7602807974208479	-0.7306043553129729	-0.8342507043982472	0.4017868768884769	-0.456046640780744	-1.0246484167767718	-1.436367902828106	0.6471576059070279	0.13972071489299936	2.1485169229961483	1.0917744081846796	-0.32085529378627753	-0.6198566549410305	-0.9949275878689835
-0.517500088917638	-0.6572673026692838	-0.34408174503132455	0.016152389425613117	0.6960621693491048	-0.3450308458688862	0.007996462060446375	-0.3464386870117683	0.1339413989261236	0.1329810837026231	1.9809519767724593	0.3971247630435839	1.11219893039446	-0.6718438765411149
0.4450732294821361	0.7156137288557957	0.6466527488030711	0.5270706782949103	0.3310369547692419	1.1253732117817212	0.27141319759467714	0.9787154300024724	0.6655029578452389	0.3055587578707111	0.3336989326322332	1.217453284914457	-0.41914771185488875	0.21221401322529
0.21490540336650457	0.2587514459655212	-0.2579488127848669	0.16684921238191103	0.780542280252273	1.2905064710476668	-0.04838071208090536	0.00803849559089301	-0.7772655375224006	-0.5015293370866287	0.8800633030747581	1.531305866893041	0.3502976099458001	0.18386882662182538
0.907528295639012	1.2969785988110298	2.2820985210403055	3.5959271474991814	2.535435500285281	2.4869203310271146	-1.9146198761728275	-1.265813235217759	0.38926316163774494	2.2321455692876584	0.7982855247881279	0.39815390464244627	0.041338446586301834	2.048198850624425
-0.5970616588470612	-0.49308465423270686	-0.8359342841954644	0.23059509728804495	-1.866099246354286	-0.8147202883952473	0.24572068378542983	0.3709586921946145	-0.12338887948768854	1.1591305923158817	-1.9033216865323255	-0.22067902462319455	0.6370932720198976	-0.8430785239534552
1.559294904275918	1.214083772255764	1.829062905098469	2.4494436078699033	1.2405199468058776	1.9508307061148757	1.1780519625080026	0.37355953864900604	1.0261813646224278	1.2195850609910446	0.6422993169066816	2.190619847625433	1.669200661261043	0.6561079168141518
-0.8477973659358674	-1.008081884328209	-2.2207498547316478	-1.5043214794786373	-2.006774304513492	-1.7543666564760736	0.24803183992692607	0.07511685415686885	-2.001860446108107	-1.088678051818652	-1.589543983780836	-1.5472055802027134	-0.14621362472307242	-1.0239092718777159
0.5785417025280223	0.09990424691397437	1.1868779732613501	0.7269556108239008	0.3930617102134131	1.1329095320103268	-0.27757773461416296	-1.0996522659976915	0.7937788506513971	-0.4240764218358372	-0.6066081188383801	0.46348301549315635	0.43235917069097357	0.6732237723743946
0.702236195130963	0.4491367051290412	-0.5319212807633809	0.36176372972299753	0.3452397427322017	0.5710275376272624	0.5157173840968281	0.1989814601597148	-1.4996108658372775	-0.2842053228983175	0.025576508120929167	0.018691401178098883	-0.1636919831735705	0.36248622566792643
-1.4532401356108178	-0.5741309292818603	-1.3228423359152663	-0.2903317386058231	-0.4124446966999158	0.0023027008230402934	-1.3319605254187405	0.10200708928740057	-1.0625143157349881	0.1926761826192089	0.37823351454241183	0.935548428971634	0.4973200932597479	-0.7347992015062502
-3.314651511440994	-3.32277671525609	-2.4702721950240702	-2.494187193733858	-2.756930488675932	-2.341355664398602	-1.1007651088690695	-1.0235684590564704	0.3438022861345149	0.02093371761329171	-0.08064578292586566	0.2352131982301291	-0.140632785289	-2.6805090827644076
-2.387802605680259	-1.2879993663518001	-1.6409142781931378	-1.9058306604437607	-1.4674985130472928	-2.0385665545352007	-0.7104187681801325	1.3004241620847374	0.5908180105704796	-0.07486188856607198	0.9999949740397059	-0.3651055134068746	-0.28373713408009776	-2.011506436786623
-0.26213810138076843	-1.2557162997001012	0.9508095698463751	0.23233286606723236	-1.2382911830669932	-1.0567575721806055	-0.8562508077943973	-1.5694539290524705	0.42960026024499554	0.2558026109632905	-1.8153931335575384	-1.7621134622852201	-1.7990143061407826	0.045758918959537404
0.2345816036656363	-0.06489200856900118	0.05562987241496592	-0.40025228548056024	-0.045228305144335956	-0.49969944349546735	0.9035469786168022	0.40379159862299785	0.6243048330804809	-0.4891486478789581	0.4365782503645494	-0.6326003284846392	0.06288479602353508	-0.3197439269475069
-0.19742646875528724	0.8156136032005374	0.45433397071904513	1.2472205584171185	-0.01796079845287442	0.2138338250490482	-0.4090413701629546	1.257277629469664	0.7357436693492166	1.6111135786219348	-0.12823199536553367	0.08500333189112154	0.40942562197905963	-0.020638098877072807
2.326187608496731	-0.6557828303166677	0.8171658083797364	0.9682142598202925	0.9062941932624887	0.5793015615672029	1.7225236403979431	-2.227299540134335	-1.724928790514284	-0.2241807853222404	0.025988277653826573	-0.6959664581493769	-1.9713621637918364	1.0748693265223006
1.3003724729325357	1.0761175088163224	0.042591880273401106	1.8518233809048747	0.7390546785470845	0.5028264242205912	1.2948485278669424	0.7268742982660761	-1.2444898479297417	1.0278722449425417	0.3320570214795334	0.24663199308510128	1.4982305825173092	0.340346813353215
-0.10224955122224028	-0.18725890890931232	0.04789512995341255	0.4851473759037772	-1.4947645434080954	-0.7053019685281641	0.4836072115005407	0.33430455012405497	0.7851410167486375	1.1121724505137773	-1.844203189235879	-0.7772624238493424	0.2293326867908188	-0.43370817634190906
0.3587736299187612	-0.17205486407698495	1.0428562063342874	-1.4405870548999438	0.5929569037128345	0.481716210744886	0.5012715357524967	-0.4209989029186355	1.6862639816892393	-2.930274189628576	0.8632533397651325	0.5690983715838431	0.5525994128554477	-0.029975404896893165
1.6096004844900762	1.5687803843305854	1.5498308321144445	1.615134447106061	0.7520066500043269	2.107545267220954	0.5878576138944666	0.5185532326168243	0.5142386413530858	0.26108891523077526	-0.8426959987282111	1.1144679306336602	0.08988292804308962	1.239671859151873
0.3731879436332448	1.174159279125236	0.29111155741003125	0.9248107660667703	1.39830329296854	0.778125552280035	-1.0785987503518235	0.29163870770166467	-1.1989399243100194	-0.4577462480795293	0.6652034997771674	-0.7191457230877729	-0.053621971618747065	1.0099004488279866
-1.3093273963841245	-3.1048440350917237	-0.659313836811665	-0.7663805109885954	-2.00303115121653	-1.1139949926957613	0.2672278469503677	-2.4856078086312094	1.409654359742227	1.056160015442079	-0.6525202195401846	0.3941982494540468	-0.38986767908492054	-1.5355058140960138
0.10980439694280905	-0.40021531695217555	0.7191601384655115	1.1959462913800452	1.0979080319150698	0.5764094899474158	-0.2633510040314874	-1.1462289814900741	0.802682848922416	1.1285193012237973	1.3579987224708372	0.3615108994798844	0.5119073864036102	0.18514059466114685
2.794230102932093	2.137914919580692	1.910493902503772	2.021700500428784	1.8940406515911683	0.5093607760438559	1.8933306377795167	1.0702101957866685	0.47716651880058486	0.5146413464907827	0.6589228539977864	-2.0931498417316083	-0.44447125185134717	1.5846830524789604
0.7802656071829552	-0.6598062551001601	-0.622322224469946	0.1338454214105032	-1.1279478308915403	-1.1273160035878824	1.8535357287290528	-0.012225977224266334	-0.5578639454752589	0.8669324330204528	-0.836644094176191	-1.3013545751586173	-0.9402548586635796	-0.4644196970328844
-0.8506611188364454	-1.401119594344202	-1.1241942835064778	-0.4254653668104168	-0.3860442060720338	0.6668471061628083	0.06317048644578094	-0.854421408925917	-0.38273699218417273	0.4381694331389783	0.837372626948573	2.269492047866049	0.031413504288282025	-0.8947494498463082
-0.34466207755726974	1.4159377853168913	1.521368442929766	1.4684944265487578	2.094951851037081	1.5158958678468664	-2.252661554668471	0.6784139958817881	0.8957860730091277	0.42892231598495945	1.81027821945259	0.5640410385607397	0.14639420722737628	0.9796105463423431
-0.3919748057003028	-0.25417887004932127	1.1746772956533675	0.3032306191894466	-1.380254948864121	-0.47633209804768345	-0.05237547398577173	0.7499000418112778	2.4480806965005795	1.2194651207461376	-1.182301343081075	-0.13463649467140976	-1.0164889925236977	-0.5008210966313483
-1.12838184592098	-0.1972323859018295	0.007224490330581215	0.07948977071810619	0.02701696449127492	1.0869975949919115	-1.8109988774614054	-0.2607758406155507	0.11109772762994335	-0.13477943284186855	0.1130358824788224	1.5828126245812637	0.10419237447268472	-0.06160535642703603
-1.361660471735029	-2.6924010563203673	-1.6380073725867832	-1.7719907358380373	-2.2314119649391326	-1.90912987533074	0.8845870798170291	-1.3536584126549747	0.48305197509962616	-0.18215942546077996	-0.5820425829873707	-0.22595677638472014	0.39120084832996393	-1.9584461783933755
0.7481284394123886	0.17509782764206033	1.868741025356503	-0.2679337085147595	-0.11918136673214796	1.1507262224532475	-0.4027981173677611	-0.6516099153854494	1.1862909862723816	-1.9117806245358613	-1.2518247027982377	0.45206227784765585	-1.2901154386236435	0.8240868645980587
1.9813037520271104	3.326025369572812	2.1195852199557215	2.388959340177259	1.8936769762580326	2.867229982770656	-0.7329864621073872	1.8005955364559594	-0.44892877602699144	-0.12782985680865908	-0.5928407065637046	0.5797271396677401	-0.483042313109359	2.342276510321108
0.19256038776345966	-0.6842182227351437	0.07739418876728055	1.6340572170881147	-0.05594692346319188	-1.6256241717292514	0.6812759471669517	-0.7977340755083872	0.548636803126902	2.707942095140026	0.25201040195071256	-2.5576525701888504	0.36234310185735585	-0.27804639780158263
2.21556226246653	1.9700482784896631	2.532728138955024	2.4633293019505045	0.33946457666148544	0.837149106088581	0.48160858844253784	-0.0006670224383283706	0.9872308052448576	0.33975595768798	-2.6891351688111906	-1.8453493693163132	0.8157622828604558	1.807296035380569
0.4974632081144894	0.7111438796165162	1.0980751485246918	1.346625543657532	1.027947239042117	0.5678262270487789	-1.2318602216911527	-0.14219988554235236	-0.5514971612345658	0.38118710753630225	0.26174637282630975	-0.9040428220091881	-1.3473083585632146	1.0659254826545705
-0.6354133525836206	-0.037122075019761724	0.5519805466249968	-0.7296398834147108	-0.7409929318761401	-0.8101570182734739	-0.2932456916455107	1.3201172067280265	1.5271087141515607	-0.31271286905473944	0.07657218346385622	-0.48630271394991836	-1.1045368758471057	-0.6082850238871564
-1.5217930230999162	-1.2747950468030287	-0.031358376025383494	-2.39720012411702	-0.9249971075442638	-1.7512832394796507	-0.14366080847372456	0.8709377539679406	2.1970636638400007	-1.4724067617489507	1.3883432436216219	-0.44022359848610765	-1.077594885980569	-1.581838721987679
0.5523217157483956	0.6764342961697474	0.03561256260701495	1.5470358176459413	0.7604176181842508	-0.09412788330211364	-0.15455214496616115	0.022146669404761152	-0.9626067058583477	1.0928618998581157	0.16848684761636618	-1.3940312925833402	0.4876931736152641	0.5656076598038379
1.1097952504934725	0.3673101680433061	0.34926929356825587	1.014582842769896	1.3840960503586803	2.2322611785344013	0.007083630133751832	-1.133481543659335	-1.221274134596135	-0.39162049124003606	0.5609723595823531	1.5950330200583307	-0.15051779409571026	1.0775026530580492
0.32538067925762615	0.2364150655228235	0.02393809144791076	0.061683093004856526	0.05540091186206064	0.0018454701881571722	-0.29813110595429926	-0.5019143836110128	-0.7851331770054143	-1.2287223223200907	-0.7855495069943834	-0.9182761686635537	0.6930583067589708	0.398952034337637
-0.07723870090820817	0.3206350790628189	-0.5018214777685036	0.5781431717058202	1.0979707189817403	0.2601383169615695	-1.0335070650434173	-0.07723511108254726	-1.6876913976232655	-0.014879975302135364	1.2120826136031095	-0.634518417016239	-0.48442169595430085	0.4638604849032074
-0.5530096500915308	0.46494840928431486	0.22096220218870427	-0.11109037938856675	-0.7278296679140874	0.6404794236439325	-0.9032188268482355	0.6884683500390377	0.27651238444657056	-0.8534560261623609	-1.2442131429774326	1.1439058954826833	1.0156906643515553	-0.15127073360941884
-0.7860651275338135	-0.9875945328145185	-0.6512266810812973	-0.7765169381680539	-1.080486717606949	-0.7298124894889868	0.1189849305288346	-0.27867276276850184	0.3463694944286975	-0.37817840097588995	-0.4117504693688199	0.15043896369422277	0.7381438369442035	-0.968019642542258
0.01485957873616095	-0.7993822355437301	-1.1101161467162108	-0.10149086457385759	-1.8736643076280848	-2.0244866431109925	0.9390469127882882	0.3885519783560928	-1.3826103717300386	0.9766921329255389	-1.5701806000019465	-2.1768697461875206	-1.5024528694568544	-0.7320228486660147
-0.15679328522931335	-0.6619962839145607	-0.014993066245259756	1.1473587258912175	0.5370821641387199	1.2479135214151937	-1.1626955177292795	-2.180849014648342	-1.2932140291733607	-0.05718121143044013	-0.0423394356213759	1.4167826521540696	1.4067034421030737	0.3651724364538296
-2.410275553871041	-0.5417170737904564	-1.4302538344897235	-1.5993248717535051	-1.76421636695377	-0.6479469023813644	-1.5619499622402806	2.102111030908868	-0.016632694164625816	-0.11044934418896164	0.01611023084438245	1.4132423370865193	-0.9709001909457172	-1.608803654146634
-1.5734258876498914	-1.4582674925620516	-1.8430660570772086	-1.2727617880777427	-2.3564857018657372	-0.46556554438023345	-0.5670604377476545	0.02961814127960645	-1.0001712238423794	-0.058347117651206676	-1.4852099346052758	1.1970762922466822	-0.6896954537990687	-1.3380992865700017
1.032096802758001	-0.15696189555409956	0.1188735898193636	-0.07986802358812095	0.6722884448302072	0.027064554896922235	1.3539631925367712	0.026712020738715373	-0.37426864355873496	-0.34122556685519323	1.3230668877409901	-0.18695760873914796	-1.182890198366984	0.06358893167606802
0.8803892621702243	1.456472893358387	1.0207337137021406	1.7966033600644138	2.0617974495963454	1.4159779570355941	-0.12154921082060455	0.6316880963291659	-0.38657161331402007	0.13083056845842345	1.8276346950056783	1.081378268901827	1.5611706887434864	0.7652258978121902
2.265961174804709	2.34203185668876	1.8074385235417267	2.5296933713933103	3.064572916040654	3.2504392389430667	-0.5024711390762309	0.3216551748315469	-1.5321409355451616	0.11710662516393729	1.420557781078052	1.3135506399405856	-1.2715591058146942	2.4033505729527707
0.26945621515592977	-0.34570831177739036	-0.11007728147174622	0.3703306856863532	-0.2840966702343668	-0.14090266533608287	0.18844260884466252	-0.18247509462859512	-0.6501012426210571	0.5145704497106144	-0.16545120848267172	-0.3615047338928087	-1.1825675604580062	0.00029025709136792195
1.0330845828427957	-0.5489651425115643	1.0290631861040318	1.8586539640742665	1.1769459766583998	0.8103405163564212	0.11430800674480618	-1.8304043081777273	-0.1501647188502126	1.6676192099689344	0.9433578156436995	-0.08684210151751694	-1.260517786077561	0.8013809996105843
-0.1915770611576284	-0.09171710558003872	0.8417480912493949	0.9289315883606424	-1.7472916764250852	-0.5525122462699192	-0.1071370492626286	0.17719209357979085	1.6601536018511427	1.5396039889954913	-2.582446768910623	-0.9799561980075375	-0.18442783354646897	-0.16114679501861942
0.25953046797899415	-0.0902539463810356	1.058533934134616	0.7369343544467921	-0.011519607410298144	-0.6858363295191623	0.24006829888532538	-0.45996650631588404	1.4232245960454841	0.29267234905587997	-0.26151857845042	-1.245426822237287	1.0868271427721745	-0.03163947114594009
-0.434497673023187	-0.0870284304698517	0.33786420205222806	-0.5168835419472539	0.09535112810893442	-0.450108718013512	0.34484318377639733	0.6305214459978901	0.7033729864714776	-1.8159718568567658	1.283244538990707	0.81052771736959	1.9683012433385854	-0.8590015467363028
-0.9996531736318337	-0.6334868857355833	-0.045052845659555946	1.2933536710016402	-1.221328049581256	-1.2328793528042727	-0.2901341774287263	0.025078963201151952	0.3632813582991075	1.4912473023475286	-0.6024898276084818	-0.18405937106810205	1.9756568080303327	-1.043665625262341
1.1679229018496469	1.0636783612421785	0.9622249516986139	1.035785230206562	2.1027617268680694	1.3144868592990244	-0.3857580678915571	0.031943274155363334	-0.8591590601428034	-0.48213740369487096	1.7021567430295839	-0.06609075334271398	-1.0543615908715314	1.2553847149232666
1.7883870501865633	0.8644472575318747	1.4721502228710657	1.7808834629591617	0.47147656775476354	0.9838249351454073	0.3260413686612587	-0.3929791911032848	-0.6747302513183169	0.5514084928016609	-1.2258886372356765	-0.7176122107830021	-1.5331669895365339	1.4068681701011523
0.05588685321289813	1.4582172995391036	0.49508741464182515	1.2555104552545933	1.2555471641000107	-0.02264381001064958	-0.3427886769393549	1.960750387632894	0.43874365658304587	1.2357322315390094	1.6306406858862794	-0.6236626564952242	0.5192553541424573	0.17791599613087591
0.2734100578013734	-0.04555258948652641	0.28054575965188544	1.2515752021420063	1.3357580811832126	0.629676785148189	-1.135413612797037	-1.7250155207621392	-1.1130491391147384	-0.004869870883582017	0.5966520288287753	-0.6151096862393581	0.7111696018603463	0.8472228025986878
-0.06727426760124045	0.34411858448417293	-0.5235047761321104	0.6664314254075918	1.2428523901089323	1.6716476527357105	-1.12765923083561	-0.4421349983702947	-1.879024532911123	-0.23841449748855856	1.0557559296088883	1.446628425696213	0.02824603812891194	0.6037503758805673
0.2703646163726433	0.9516766686868172	0.32702035523845757	0.8398316382520228	1.1349026223047953	0.29188553698979186	-0.31634698753075385	0.6453555373321815	-0.5792452545320186	-0.4207594243588038	1.0874587978900758	-0.04778012511978486	1.394718284350332	0.28551968941744194
0.19448318003339427	0.5334869618480463	0.7862942460080995	2.0922113916532052	0.832863756976059	0.4632541871826304	-1.2435813419282267	-0.8984180160488003	-0.8151415976017381	0.5491729285422714	-0.1908552297216183	-0.45616684065611957	1.6243696747329495	0.7476638365307368
-0.5692239713030031	0.1525676756816008	-1.447715790496528	-0.685241678841624	-0.9953326593874714	-1.327886782888775	-0.11865769857025021	1.532307753300004	-1.5907334779026057	-0.2753842586532815	-0.4056592712840972	-1.4312776620104728	-0.771890861165841	-0.6124388040652334
-1.7097257306936895	-1.7691836632454558	-2.3548508700237516	-1.9594767508923558	-1.7444302873027389	-1.9978085978692066	-0.3570447343832913	-0.4727795360114987	-1.3730507587950984	-1.1463009496055487	-0.42915500460853917	-1.0502452836817928	0.35007457033805256	-1.5555308557061671
-0.3609297826508667	-0.658944661106885	-0.2040636636924631	-1.3459893245177204	-0.43302990580886797	-0.4610644008702934	0.390621749340141	0.27486895130602057	0.6792930492074053	-1.2601004531258897	0.6367898735270754	0.123296544905978	-0.6450470267058709	-0.6948566265493231
0.41516671015458617	0.16747142889002753	-0.01257058739428829	0.39067262403265046	0.2654884461361333	1.4003367705610188	-0.2989512339983854	-0.45637091149850406	-0.9536460747874932	-0.44308758526906317	-0.2970140860045216	1.1545567754262394	-0.4173959932577579	0.5247731744406815
-0.02330357232002578	1.4463380163770199	0.6982421928622302	0.8286626645685866	0.7921770889160569	0.784077441672836	-1.4308476104607994	1.599104833651767	-0.347160055546045	0.1067909165441005	0.4508771628255684	-0.01971708530575147	-1.0324214661833366	0.6933594094226271
-0.8524423508143348	-0.6759860578540478	-0.44710183935708214	0.03878555493947422	-0.9207626467613013	-0.6131089540279767	-0.885299895200864	0.09202367673143488	-0.45494838792912246	0.7729884057102653	-0.414510170654907	-0.3248197999181832	-1.24222193949752	-0.48275587599340475
-0.05373010162789449	-0.2775109749353899	0.8410572955529534	-0.9290102481478757	-0.35780341960918727	-0.5021995550872749	0.3252074926802154	0.559807352648374	1.6679150755227565	-1.0007634515632668	0.35873462275005064	-0.3320540559318611	-1.0869839897801643	-0.3959985885683814
-0.9630816528250475	-0.7500965191821367	-0.023365444251156928	-0.6900823204609785	-0.48432159132713604	0.3591349633583572	-1.4533291297115176	-0.7205445341090057	0.14140570402537864	-1.009494281253298	-0.29180260578614475	0.6475818637588246	-0.6392122981480431	-0.18992733908712467
1.0584722324242755	0.7724827213227194	-0.18750648298669154	0.35701204216842997	-0.7813184302810474	1.4037614401062335	1.1034951489462697	0.9035842109640907	-0.9171516050539352	-0.15203132735640795	-1.6912678024928287	1.5046052748949987	-0.4551237754903932	0.32135694984234364
-0.19187489483294473	-0.2584607049676052	-0.6095453550923282	-0.6630280700184037	-1.400020063174693	0.006986350246616202	0.5854687957091927	0.4210203123972865	-0.09135435404598036	-0.6839184795048748	-1.4646540237095422	0.8298480038925912	0.6780470407116761	-0.6466823005483123
-0.06342201753698062	-1.5688018260297987	-0.16456405771392157	-0.24545949567530634	0.5809699624229198	0.05097851443295992	0.958477891725993	-1.3648739199772357	0.8471824475869836	0.4940254619276968	2.216631750202687	0.9170483972458905	-0.29688125770827856	-0.6905012225018016
-1.7059214772672107	-1.0832290086563896	-0.4365811289873309	-1.1978850203192053	-1.7182752669782513	-0.716497707053732	-1.305406252799337	-0.05775130353413634	0.8691427467892029	-0.5992609558671271	-1.118298288226628	0.1262859830261374	-0.3381868809372264	-0.9809408503484626
-0.7000400232584567	-1.214394772570472	-0.8325121789675181	0.1406118966416433	-0.4261707375372274	-1.6144104576876488	-0.4096282724827866	-1.301763402467721	-0.5822532974394983	0.5670046051193558	0.020085596657325722	-2.0795376871738562	0.5297094754262371	-0.539278626175087
-0.6933874973741394	-1.132267007946634	-1.4243599291069944	-0.8919768184138102	0.23587885031206923	-0.34906447671132673	0.31371922369819233	-0.17472704014879853	-0.8456284226160382	-0.13054389867718497	2.1021013476365558	0.6911393083238431	-0.39567825785820904	-0.9482951322857129
0.47140516209191097	0.7295404948301571	-1.3527473552148936	1.3815369546580056	-0.5771181751990417	0.011905117881095079	0.5440756468903862	0.9105142863121314	-2.4978466255905887	1.5406588944086073	-1.2442588816202909	-0.2781641908310538	0.7522766051042094	0.032776602022036555
0.9309097116792469	1.6982593445896417	2.5531011748678694	1.602736315183326	0.9973998133661484	1.4405527757453187	-0.6522387226474767	0.5244843954594732	1.9494033769654178	-0.2071674727246638	-0.5908557618344921	0.2478696063761812	0.9994519064667837	1.183678326020601
0.03588384024693869	1.5432597069588385	1.167596905679984	0.256551731695414	0.5227842123749215	0.7968279627126723	-1.4767256846702832	1.0556668761425976	0.41912956443004534	-1.4223319802383516	-0.6451271717565928	-0.5316906904424151	-0.03037527161754447	0.9159346355967888
-0.5944593116781569	-1.9340017333734236	-1.553593952474841	-0.8224651306923423	-1.1488187032678425	-1.436415088985962	0.7861626653736739	-1.4363580536904677	-0.8074652898855247	0.08283164807867867	-0.1277198626591544	-0.9453860347714588	-0.015131646356622676	-1.0691605718878185
-0.03544597196825716	-0.3468469163976536	0.7539317223152903	0.0020919009724850723	-0.027088936886994597	0.41691881319785395	-0.9256390739382448	-0.6475889754414172	-0.03915099145144968	-0.6357684895797322	-0.2766585046030784	0.10179392846589405	-1.4820643888619804	0.33811934663959287
-0.14245200636828453	0.5887847335329393	0.45331805325680796	-0.05609058974452913	-0.47723595420703624	0.7312155020477452	0.4289351888552528	1.4514035646149785	0.9699757797925349	-0.6271327624819538	-0.15516993810613203	2.1708291144475833	1.5084393651016772	-0.5837452782563832
2.690738638165079	2.561249334550912	1.0380218251080942	4.509993207334229	1.6423028850077257	2.9003209794694733	0.5307644979470316	0.3053831461842868	-2.169344429466182	3.2077376734607794	-1.2252314543061311	0.6346514846688089	0.25907432735941904	2.326204581368456
1.8943080394418073	0.24725104483151567	1.7063515418281876	0.4800348734197572	-0.7288846602729555	0.8925242293577188	2.4040325218247665	-0.1865844760079207	2.14376785278815	-0.1411514494639383	-1.8142880098884395	0.48392330345655116	-0.2446109713099506	0.4081239246982582
0.3267932156736531	-0.9932866196398265	0.948507694640193	-0.332079510370862	-0.8605894417197122	-0.020683051632697638	0.5682587330760221	-1.0439093115661273	1.477651391457038	-0.4079693884308232	-0.883163337742894	0.06135734881816029	-1.0473491727243085	-0.15747119815528843
1.0768679722862373	0.7630311862396191	1.9151610802366	0.5518915373876708	1.8665854643332358	2.3847562617988824	-0.28969626389980896	-0.2821448964721233	1.0370566484926638	-1.0761369142281554	1.513936409120382	1.9112649094564689	-0.9328450143300713	1.1188871269889074
0.3332723013742467	-0.5963200768348387	-0.18130543273944666	0.82119881752891	-0.03192952665784349	0.2931143025482093	0.27228245551310487	-1.345266097659131	-0.5969299079944074	0.5489402597243148	-0.37875568708049756	0.16183324364335855	0.7829569781482494	0.0542481861309901
2.378982504076154	1.6598773640017166	0.9746633718377122	1.1894087083350362	2.1890175184131078	1.6495414319213109	1.6795268099330605	0.4809430939068469	-0.6541043765673278	-0.6365814304820284	1.3628438945556602	0.13758771015586424	0.02138486170775783	1.367034535316057
0.31881643818322875	0.16373331695266932	0.3475543420372415	0.14997199580629778	-0.10161422276634097	0.3285760378590994	0.6982014687135047	0.4808421519840045	0.7650339510889489	0.1239333774926048	0.038582620180645816	0.40202988764785025	-0.06260974761199058	-0.11225002471533525
1.512302307526716	0.8360056117039854	1.5002485494312692	2.3743495559462096	1.1569392791881685	1.9230135174589171	0.05137295667270512	-0.5643768904845871	-0.022656185992702745	1.5649918686829882	-0.06775231803284834	0.740462622883027	-0.8950098835351551	1.3536337227017685
-0.09093010932615833	-0.644423005020519	0.41455313256075593	1.2122040424220204	0.22234811216513553	0.6101657624848041	-0.2336856644085354	-1.1882431131041837	0.6600421085886053	1.5221396260033897	0.26343969705993403	0.7793478034179847	0.5050022822798429	-0.03247759361397732
3.092044567878219	1.8052992532669507	2.2030332734483102	2.5682732883710933	2.4660594501001425	2.565766189948205	0.5467642132938288	-0.9388015713302461	-1.147032639812345	-0.1657502393743444	0.07480456958338229	-0.1919609593482221	-1.1921475427258386	2.6070097046102663
-1.8116046737368472	-2.3423554554023935	-1.4472751765202931	-1.4709290717378765	-1.453922657165652	-1.2249271538048678	-1.0095201784236942	-1.375204014105742	-0.4625229357771111	-0.36028239096915615	0.06538576010565439	-0.02072029447124846	-0.9097369114216346	-1.3352856646546216
-0.8434866513187123	-0.7083298783476397	-0.7195165168383273	-2.197035208624004	-2.141663024703085	-1.331752085732342	0.2332726478797504	0.9452261843916498	0.4053951873098598	-1.9611223717719706	-1.476194551683383	-0.5968624763155905	-0.8466847436545542	-1.1061286402517188
0.6620124088867612	0.5180149356449872	1.0833486570816904	0.4496330841001754	-1.3524198387495656	0.9111451660821055	0.46358491468523333	0.652547277890411	1.1692421658675036	0.13364691426692113	-2.486362330640766	0.8154270496111655	-0.7355500569593438	0.27359658030260947
1.9912915750294153	1.3435289732275921	1.8212375378728174	1.864116423075913	0.29432123957593326	1.3923717010289343	1.5850576666671334	0.2845764356901579	0.7389258208467112	-0.004885513610905886	-1.253738648409139	0.9286230396391253	1.62937800038626	0.8469075117362455
0.6853933475806927	0.18835169661163081	-1.1320009979127161	-0.051217477574732814	-0.08873633428764441	0.7138980304856314	1.4395745993840015	0.7748033473862346	-1.5349231225738686	0.03184676874546657	0.3120181693209351	1.2419472368896636	-0.2598788964424364	-0.2245545325316226
0.8718820663993005	2.0639799149973532	1.920857450265685	1.8061670573393394	1.3850272649577966	0.4940575193365352	-0.4929567032282174	1.3834376770864265	1.1280109759845205	0.35223085204485916	0.3124298725770551	-1.0499948362757985	1.0483318152791958	1.0242509456896578
0.7807945524773832	0.1683280637600485	0.10101340961165639	0.31566112720857364	0.4977743212006391	0.39130328039318774	-0.5497791689077753	-1.333420918345636	-1.6235959983047221	-1.4430597817601465	-0.7875008069718412	-1.3991471451415487	-0.3854106217655727	1.0454627391205447
-0.5589441725789086	-1.8555185995543249	-0.41116893122114384	-0.25419281714505315	-1.8482484133158459	-0.7652820526277331	0.9703758627518507	-0.2732679407878761	0.5404206755142116	1.7562992883295827	-0.5137158804397773	1.0199113211214976	-1.742918298280087	-1.3429741754255817
-0.31735598959826783	-1.622143272492203	0.5426280892315942	-0.2953446060393095	-1.3973020223263177	-1.1184890493033621	0.32423411250968887	-0.709538179018748	0.4693670511437885	0.7180355504387418	-0.8229433501783363	-0.4103841251571266	-2.245385422510176	-0.747343280578919
-0.5594050594900057	-0.008748237596249542	-0.06814489183882366	-0.06228738514042147	0.246733285833157	-0.8023609680052446	-0.3855706468990849	0.4854093410609236	0.4643538943714663	-0.018879803061800995	0.9246526938178393	-0.8980964776891592	0.6272126914089203	-0.42543638051458776
1.2143450010550594	0.11923834339771122	-0.03141573909638995	2.335612543003987	0.6087312487445367	0.819041712860286	0.9875114765234264	-0.7613788720299697	-1.0562960346765657	2.5970260566398244	0.054352249229759036	0.03471682593907934	-0.11764154286226768	0.5995939751881466
0.17010386274586053	0.734534392258538	0.1272215727188517	0.6235318721518268	0.7132710187569311	0.9395121137018625	-0.8452419476061153	-0.033161652632260716	-1.1039689983365997	-0.8894215387398537	0.01098737983115535	0.5572828374242585	1.1525779182707496	0.5239158001837445
1.7682535285321923	1.4232742938861858	0.8457739206745719	1.2011287962169312	1.132941637822508	0.27422932118158383	1.2367715386480478	0.6292756574164373	-0.24991932309782533	-0.12586776614489825	0.15262465372113077	-1.4071532418337163	0.5091145753998019	0.943885984356363
-0.14572983033884268	-0.5997723270211998	0.08261636730750077	-0.3146023092694601	-0.2097392182846762	-0.5330827672955182	0.4226141360584669	-0.3347638495177004	0.8223089115696439	-0.19349549540646352	0.31530540580198585	-0.5351877496966574	0.06327904975663208	-0.411569827261906
-0.16268415927698798	-0.20639648398819993	-0.022674085834647084	0.0621537009715405	0.21411743321023843	-0.2201739381176655	-0.0029614318123541623	-0.08215943935502741	0.27895486006638703	0.024353817765330108	0.6191958858613082	-0.36194066248709234	0.20799128008992443	-0.19869907639316836
2.061241042264522	1.3843973752958343	2.0439848180823446	2.5484224554121715	1.1049038104467637	2.1437801948582607	0.5581453545164478	-0.5790901191417086	0.5832427295855497	1.015976918214442	-1.0440144081149136	0.44821865366254615	0.25314241403032217	1.681222963974795
-0.43849093635105185	-1.50337012991664	-1.4227496692291808	-1.0218848287947597	-1.0334426209371168	-0.47867746504317166	1.2409935060489663	-0.3580775287911898	-0.34327100552908857	0.09912196962482688	0.42391784835853463	0.9360147259140722	-0.2801812184684992	-1.2324873689482263
0.4316978199615882	0.11451315884743618	1.0253735374442408	-0.19423785024100138	0.9272407791527242	0.14812998395702226	-0.4764144252462577	-1.0252459829176714	0.5721219275780836	-1.9020871803243957	0.33255944609443533	-1.1477257905987177	0.38955471265482444	0.6517498060670741
0.1706926120898483	-0.17626839931884322	0.6229122346854594	-1.0959367984015471	-0.1684437102963695	-0.3769101749743178	-0.05324483861140573	0.3450911478084109	-0.11836020608077767	-1.8635483057641102	0.05155915275952731	-0.5144532758452431	-1.8740802917528039	-0.00850702965332893
2.804521851356089	2.127980673560496	2.107287727219356	2.7778728096418823	2.5294032623530676	0.7329358194358682	1.0383137416335553	-0.1905810660064734	-0.22316139965991566	0.3230942084232008	0.5304220889406062	-2.365953969296857	0.994243127675669	2.043480687629246
0.10816244901687574	-0.9745815702413144	-0.22251232575761706	-0.17346629488027637	-0.20532544443034484	0.5051129688784219	0.37824363422385854	-1.436012948605861	-0.11830610050868066	-0.44654162866549346	-0.15293747902781055	0.7950086941804682	0.2607811083401944	-0.1651300227458367
-1.3387371403866914	-0.7565782024045986	-3.143331601453761	-2.0389463206063714	-1.2150817768774385	-0.246702467373342	0.4908310471245086	1.397784062053266	-2.5174641228127768	-1.1947733332855321	0.6563049952262503	2.253093864469656	0.7489529259766111	-1.7450392248318805
-1.7789844624297602	-1.7416225178650009	-1.9892217554244922	-0.6589728537610631	-0.5702500283628381	-1.5040606721159284	-0.9167936198159622	-0.8831987309199423	-1.2127558655137987	0.54374533165348	1.0749396638730189	-0.6258382045589951	0.4740150816027255	-1.3065062956335807
-0.8300328551070548	0.9042660154678492	1.2174729223913348	2.090958282011126	0.024031075050144762	-0.046089762614550056	-1.3756954367634953	1.1863038597484852	0.9115506989642435	1.0817420888990592	0.1440872168303383	0.48607019220368375	2.124898155876285	-0.23249593155649895
-0.02050294585810425	-0.8977291950414481	-0.5851682300256347	-0.7968705838367661	0.6627208029159563	-0.19113436271826972	0.7712944929661739	-0.6923931520532098	-0.1407593979412831	-0.8594458851420653	1.9084168666784482	0.1878952156766098	0.10262918735356635	-0.5028191412802355
-0.8571407099055945	-0.293299080950744	0.2748255266976765	1.805048662020928	-0.7040230503379763	-1.5018356720194417	-1.1549617735958013	-0.5170894374992243	-0.2431968287159648	1.1703348364865904	-0.8350810757992908	-1.7219268863447372	2.006301832931343	-0.38430578503747803
0.2544900263287514	-0.05724779513862893	-0.3456572790055742	0.3442681409670334	-0.4474036073647255	0.4756279456362249	1.1263899033373177	0.7848806425410155	0.1825929469490424	1.1084765952401223	0.1333521451690559	1.2583350048153377	-0.28410182211316976	-0.4713558162406043
0.09402415419826324	0.6298095599012894	0.4930034387134939	-0.2754353047684961	0.4573695109892339	0.17671644683421175	-0.09227199095444943	0.9258456753447802	0.6195847534649758	-0.9222475104939487	0.6380265461317775	-0.22165878439632467	-0.19624145215610084	0.11355044512564139
-1.6382059950745673	-2.301229969811949	-1.2673814746700485	-1.1994823222090205	-0.5400470267719042	-0.14606768836975736	-0.5684532755578064	-1.375030562631856	0.1020656817538533	0.09316063212864507	1.5536598063631706	1.7587660590420504	-0.4939586221530434	-1.3774199078022271
0.15578187300413268	-0.036502727814539476	1.3203546441381921	1.0280972741318664	-0.275768390254434	-0.7707366127101417	0.06366734474934606	-0.3609862389345978	1.8966205856777514	0.834034162024047	-0.7051639401454545	-1.4245058742526655	1.0113378393260273	-0.02217855231898627
0.7625098488977637	-0.9658024622031314	-0.11759972178138563	-0.3164920101064701	-0.8841020750959646	-0.08541713220224981	1.4435310022984646	-1.3012952797617792	0.025995915975587168	-0.55953117835044	-1.1656677001100022	-0.23092882064077105	-0.21354054888046112	-0.14231718456997164
1.3877943027280262	0.3715828584761949	0.47737912250472103	1.5939786517704657	0.42839477082612487	0.8521927252723498	0.13603318496289185	-1.1254325813930404	-1.379763452613123	0.5058816719420974	-1.0528040832291012	-0.817429955853736	-0.7417624305006493	1.1951948934121488
0.1601178129253026	-0.3227305337488624	-0.9457872700760448	0.5067684277661992	-0.4061208198069669	-0.9822262214045318	0.6362984004975302	-0.16940181045592342	-1.1839888917065102	0.878734802412221	-0.3083597340899947	-1.5750485555881584	0.07753395152290868	-0.23659623777989008
0.2607693971395678	-0.33961879247643967	-0.7544223427747202	0.111757880713801	-0.23311865504934792	-0.011872477365546141	1.228381860995661	0.2166302244485539	-0.4073926764222578	0.62112900286255	0.3953555832055512	0.5361938233591178	0.2807947283457073	-0.5257558728147135
1.8903549710605585	-0.05534611462915384	1.811787946730786	2.098741143010341	1.4504024868839727	1.3715551942029487	0.31144073422142926	-2.931461350028139	0.1870181644493284	0.32528244718443805	-0.42187989128316145	-0.8798329044670129	0.020175278495056844	1.6994956396887182
-0.5965550440819383	-0.029116077123053974	-0.9234876518831464	-1.658635534019564	-0.7272571295053701	-0.11757468595773302	0.5158503880253209	1.6121458161530475	0.023258979204724667	-1.4457950978310865	0.44782954404425945	1.061416946657571	-0.23810746984738337	-0.9487820728454057
0.9988789145416727	-0.48016259924704674	-0.7031086778786247	-1.3730348352577546	-1.1477909301761846	-0.989454859346852	2.1744868111058615	-0.3510525206925478	-0.6567595329263581	-2.2871357716761844	-1.442817097044557	-1.2055476631173947	0.7288900249979043	-0.415309091831099
-0.36808868087089586	0.07000673606950081	0.025194983155770623	-0.30240570445533094	0.12256071856419248	-0.7007609369817515	0.28902921046848795	1.1577745507868396	0.9944360105775766	0.1963589803751751	1.2447879384094735	-0.5250276047987782	-0.21830136854884136	-0.5809977206928347
1.4866383146363678	0.6611816768232051	1.5170494277385669	1.2049915308941939	1.2226080119276532	-0.8213734359154882	1.0388416301982	-0.5553602948954337	0.5380996027790406	-0.790093747225638	0.5865709244752891	-2.4715110288824174	1.6175683699682035	0.6708841797668245
0.6809563292043117	0.2950775317580074	0.8568441247160423	0.6862093978157234	2.3109633697514234	0.5480871327451067	-0.2252777395590791	-0.6836958193822145	0.12505198917022148	-0.3783501491962177	2.674688743127158	-0.6793644353851944	-0.29535497680775646	0.7643660187488873
0.2141035895709812	-0.20107975150212384	-0.17635725164651983	1.0967383871599077	0.4434785722381711	-0.021299906518889546	0.5044248065721929	-0.23554914224945628	-0.11723759829546042	1.5096466135400735	0.8527641489440344	0.0082790127207628	0.636666994611107	-0.18708366507467147
1.4351277928683024	1.8834176134990563	3.0703643542512786	3.579504712823745	2.2465014890458406	2.3321680167406864	-0.7026541827305863	0.20603403041481244	2.076908092244052	2.689436538488868	0.8102406649212547	0.5460531433828996	-0.2563805380054367	1.8110733028512562
-0.14504714003615216	0.3164746353166434	0.0007746119457722189	0.4974019305087943	0.23190365590557036	-0.1051451821582638	-0.6816625193519558	0.0874878639802116	-0.4328298040466246	0.055646503491848145	-0.053463451541976424	-0.9425365263073469	0.01786631809616023	0.26040865330928437
1.7770793443419415	0.7497763945098117	1.367003426389526	2.214107219127886	1.3127897440216079	1.6156999285512326	0.9843307472449263	-0.44198846652857904	0.35553932824882406	1.6333912169316807	0.4906130333565249	0.547112497830721	-0.4713659326259921	1.1092426609521575
-1.0021747079188348	-1.4229055492804092	-0.4208579327855629	-0.007352040995479481	-1.0176854018222474	-0.3594573628829117	-0.8947315213606342	-1.0784423916834551	0.015093290103412607	0.8439035209012808	-0.44285501160571944	0.18626787236972817	-0.9069936165859559	-0.5944413909531449
-0.9683888875867963	-1.3647013854996617	-0.11684166795109452	-0.7852443330156562	-0.5898745731321511	-0.6038176148279006	-0.2639253452179721	-0.15137724992532067	0.7688894352046316	0.2577118313646863	0.9931017331310522	0.5933154452123378	-1.430932037217514	-0.9876886281009665
0.39002132603749007	0.575889986111927	0.6132011861228801	1.031915121095405	-0.7836219655078184	0.3898560735845253	0.4933213140917902	1.1482938484717886	0.9058279346391473	1.528535727601346	-1.1281564399416415	0.3662540045929525	-0.5788668785131414	0.002687052731482079
0.05897179869340863	-0.49727185385266265	-0.1407374319847888	-0.16175908723340554	-0.21222692117043426	-0.06259648849133842	0.14737717067342035	-0.7809736056049867	-0.15941066641990567	-0.5565148947966176	-0.3058580418516464	-0.3584471889169695	0.09014235180476847	-0.04671616085062434
1.556830383371022	1.2582277821639154	2.52609719067732	2.2057117978676075	1.4884695931035816	1.2292009220000746	0.09949183117646664	-0.3993785097589834	1.7402815751694514	0.8451218592963674	-0.01560527894285374	-0.7507405090951563	0.08724488158022937	1.4804059117032595
0.23580124925387827	-0.1836350396716346	-0.5346071952117123	0.18011240157361277	-0.36837830248394443	1.007771969007699	0.6093271633336881	0.0771655717963193	-0.6197076315569029	0.33931557310009547	-0.2317741744218152	1.6527272826851243	-0.26534883050755226	-0.17686461664791572
-2.4636218987572605	0.16649495963099348	-1.466032455901555	0.14786476998673914	-0.7662758152930208	-0.7587189863762163	-2.9203244721699813	1.693077835561023	-1.1983844322624897	1.3081616491194443	0.13560178153162145	-0.2836454746779092	-0.3727827483445092	-0.7747951920367184
-1.5306147790836493	-1.1417525679358516	-0.6811073794544664	-1.0285813861508146	0.035402072489299274	0.453849148104985	-1.8584135158069226	-1.2657022004688447	-0.426942556882132	-1.512391084230017	0.7142126380670987	1.367761504051533	0.692216054602074	-0.5207744585749595
-0.9920958025077802	-1.7999091837683014	-1.5984352061572582	-1.3665020436870599	-1.3099564434527213	-1.1489861369361754	-0.01853763366851202	-1.149357685540994	-0.9699307695010057	-0.7783778857776963	-0.33509681745164277	-0.49383622592378873	-0.34799123812410454	-1.0406963248188843
1.072100841027036	-0.7533075016567281	-0.38946211234588823	0.9238161178939291	0.8901408372005656	0.524073987098516	1.2499209698731184	-1.8800321423302346	-1.24627776759556	0.39048188498203096	0.8991924600464691	0.3475893440404832	0.9098338960483571	0.1927450045317412
1.1658629474898217	0.9027593726280205	0.9802877830507293	1.6104661303278065	2.344286921034956	1.126718673174246	-0.6560380499011239	-0.7478493287021167	-0.9252756141381336	0.05145661543924087	1.6439488639753028	-0.8469830708713649	-0.5816288219262624	1.467794734234543
-3.5670965110413544	-3.9779916930389843	-2.376125623143047	-2.543748926866866	-3.055319589057221	-3.459818541202038	-1.3730430865596257	-1.3985438836493127	0.39938007406205595	0.4931380978964717	0.051445777912428284	-1.0555415329180178	-1.1927960527912338	-2.90030615229115
-0.2488482038151394	-0.34077833732368745	-0.31656230293617316	-0.7396796471606312	-0.25868332448082865	-1.3969745995257628	1.3437128937122138	1.1376474987172485	1.2513175068819984	0.04364524736689831	1.2910572675837373	-0.658777496106544	0.6734074607487293	-1.1580483287037824
1.0963150314714305	0.5248174053550594	1.2476655998307278	1.1374964724228798	0.16320198779399653	0.7592602639435119	0.3922659665993508	0.14853949675886097	0.36213143293558014	0.6466082295912183	-0.5651806362110209	0.016834796896167594	-1.2954011150292246	0.6947739303055878
-1.9635659169443356	-0.695300777282862	-1.1358022535221968	-0.9003628898987784	-1.2653544820755491	-2.3412967188576825	-1.0032975342105168	0.9567690014020197	0.0982009287379156	-0.16542840137606019	0.11626340323373112	-1.4493049320679492	1.2894281707639004	-1.5272478122768538
-0.3415300265247636	-0.7316359938490691	1.0978581571479202	-0.3239081807356533	-0.8509046418808748	-0.48531889084314456	-0.7432758560229691	-0.6461866395598853	1.312844576072055	-0.5095690517222248	-0.9766770788718772	-0.7588487201866739	-1.3762668008812406	-0.06867064993688975
-1.1033172195708356	-0.6367427796034008	-0.7706641253763893	-2.210371403644221	-0.8011345341283717	-0.3192884280065711	0.2085389092339058	0.9805819560699586	0.8095663487930767	-1.9821873891241566	0.7070025743337895	1.2473862509628886	0.19432027714337538	-1.263956008674051
1.7828127488832788	-0.7544677995518113	0.4130055420302899	0.532360556973897	-0.02069485310660485	1.2381333056862878	2.2881566191344356	-1.6563173642084974	0.06004885583372863	0.1235653174409085	-0.43901809408472664	1.2110762477567798	-0.46864237352277127	0.33305109367784136
1.5620121395669773	1.1365077197481541	2.271072692619258	1.5344765430287322	0.9313588513030759	1.8353678428440359	0.40164843945412637	-0.33774153610684177	1.6364873682479355	-0.0548634261938167	-0.6732668259211165	0.6953884516449991	0.4882462222589059	1.241503396960478
-1.0566549753472305	-1.1609359282367366	-1.5669427466418346	-0.7728132390897943	-1.445690381786004	-0.5625890527209706	0.5960226274997098	0.5420425472902469	-0.20888266569810243	0.8500671207590943	0.06708586110804705	1.1492794132484336	-0.18756203133939656	-1.4486490503430054
0.3303224737192897	0.2382818593042325	-0.2912187525220746	-0.7014184261871861	0.46211585064456384	-1.2648155808876025	1.4373959830608463	1.2755986915536077	0.45416500760099354	-0.6344585422110097	1.649436009301395	-1.4727044359212145	0.24154692355031357	-0.5753867403379949
-0.43952107469107804	0.1362117481325993	-0.5872433603177816	0.4585685343141651	-1.4008298448660101	-1.1304094252941221	0.1724898093039675	1.2574187549416957	-0.026766691082616197	1.4553057583266567	-1.3047387139674258	-1.2460676249734886	-0.19662098433870914	-0.5789153079646764
-1.7903152141518617	-0.5547914615007248	0.21167002755935582	-0.6126381776807843	-0.38151073970550287	-1.649791759500576	-1.4658394862183026	0.43386299679627766	1.5704233839215622	-0.47048150112074616	0.8397937449966449	-1.0337721107912234	1.3201379663962336	-1.079136852857738
-0.07354606575679612	-1.7986692922348735	-0.8989403506172342	-0.8485087743028328	-0.9604762478013167	-1.5667120739157874	1.682182499710146	-1.194001657718476	0.32968819823740625	0.05520860533535582	0.20301372187419017	-1.1135092943602722	0.07860334574115412	-1.0979889667520186
-1.6106747488021802	-1.0848808303351793	-0.5631924380675382	-1.5056572474223038	-0.4394196622559048	-0.9354872490572624	-1.099710195114431	-0.2257196512510679	0.6797217575200012	-1.262975805250618	0.8501523031693862	-0.2665397685818657	0.12301494058119682	-0.9740520277007779
1.0054658630754612	1.8874865122386664	0.5988681182508013	1.077222086724746	0.9499720125156974	0.5473022542324154	0.11622522012776103	1.6415195011831811	-0.5367571227775447	-0.043414016929694106	0.07896172799454707	-0.9524570868846914	-0.08458352862773381	0.9194915172543044
1.7023486724912653	1.673218706006437	2.5917972565264495	2.268114058987634	1.2066544361666396	2.238590885070506	0.18292927077442153	0.46912542372602317	1.7090823608217842	1.0835869613710998	-0.31807241522169116	0.9423699781723891	-0.5597272957288494	1.503688910916593
-0.4834715203649522	0.9568297233218792	-0.31874276727079404	0.481613970322633	-0.8168452159173684	-0.5570860426765929	-0.42645969270784956	1.8780238384544743	-0.23575753420707973	0.5343339157066248	-1.030874232868587	-0.5151045240004698	0.9620407612119256	-0.36239273199319044
-1.1669311501590371	-1.4261869013867408	-1.6387019045240154	-1.0047737982744995	-1.1447327026050362	-2.0764411312162423	-0.03509452236205461	-0.47294050001208093	-0.7743067586550485	-0.11086757685426325	-0.0034232049059129944	-1.8177291522253463	0.19747105883481317	-1.1819168131464548
-0.6042762689947927	-1.039042039886805	-0.9263691741298583	-0.3411037212137968	-0.4524671922883608	-0.5831559231450753	0.4808352196944895	-0.29802901276786425	-0.038173509071354327	0.4326569222087259	0.6969511169111863	0.4313447005258179	0.6838418279260847	-0.9969929978113035
1.2679353956610926	0.5038843990656033	1.2145887708814807	1.1902067254887643	0.9753863513802603	2.1288153233095897	-0.2352922058626669	-1.3725108072049526	-0.2747793339019218	-0.5691136360760067	-0.5872202721015949	0.9385466563850166	-0.21437205934323522	1.3702652952572218
-0.19345094076508185	0.6358660842696644	0.18262473670143198	0.11849953974063185	0.23057457685853577	-0.45690141703438447	0.14667722096426397	1.3597152304603966	0.43498395854038635	-0.35829057283894566	0.8144267514384211	-0.07096832627938199	1.3706245332626854	-0.45408796065911067
-0.699947013865807	-1.3602461112107262	-0.3028096571975183	-0.22848751070278606	-1.1692043665162148	-1.213320554275072	0.6998747530225132	-0.009210719039415446	1.3843926876606594	1.4840217075071735	0.29323789133195605	-0.24826029949501233	-0.6646338694911017	-1.2217929058888568
1.4037355679797423	0.7835472895999588	0.45272657976062924	1.7586829779248523	0.6450964020285817	1.1423428550093213	-0.11509489150198053	-0.9608629796144577	-1.642614751735757	0.3173615336920213	-1.1931184611245116	-0.7814847495402387	-0.30071953090158254	1.42020898354895
-1.0457175420114198	-0.23940755906482147	-1.2741401511033414	-0.7410312690577916	-1.6277949649146062	-1.785689983762607	-0.15675812219184337	1.8330550790802047	-0.7325973057081513	0.5046343676853147	-0.5630592718780888	-1.264007826670205	-1.1653210483785006	-1.1061763968372442
-1.0899364042361714	-1.6433160563731741	-2.0449095612712966	-1.1416283526516335	-2.39957218514385	0.38298370136964455	0.034161787238012845	-0.8991812149995965	-1.5013098764266095	-0.41074046152487453	-2.1583938569667342	2.2509487210139674	0.2799580499304172	-1.1597989373594995
0.7252192517809476	1.0701475383163859	-0.27392445272855115	1.6485847861032459	0.8966966389455493	0.5473000812783468	-0.16248128039946644	0.8530997823624269	-1.8311680867176017	1.408302769502802	0.5405094473359512	-0.5130451302603001	-0.7579521660283433	0.7098781021045985
-1.234808941520587	-1.5612409264601361	-0.8341338031534908	-0.19238708694443662	-0.8641857748824684	-0.4379796906733463	0.5361934232427759	0.147905561611282	1.2572038739258906	2.0866330433655698	1.3088320105904343	1.6145196361042353	-0.2467534262321133	-1.6006335781804826
1.386186917174488	0.8275022570384029	1.124213294284964	-0.168785786780543	0.659476355283625	0.6019143896263339	1.6580853741271981	1.4563615684633595	0.9073112771153693	-0.7377398020532313	1.0544883033883035	0.5574760127757787	-1.3386696441386028	0.2214192447881078
0.7308283534680617	1.925892736720101	1.594597908514011	1.3812562280557594	2.3757255147443344	1.2593617573084772	-1.1592057014011474	0.7398275048732544	0.20591749728546585	-0.708871701482484	1.5339533247698043	-0.2531884525907249	0.9418776773417231	1.2936206983278038
-0.33007830986128195	0.592214379273666	0.20329765978940856	1.9226803914707595	-0.2071727752968845	-0.5225029854179459	-0.5364971282093233	0.7314632047394634	-0.4477079036537693	1.4320920815115648	-0.3013896924038823	-0.412938705153885	1.8575454790755301	-0.21817263938511802
1.837401120070023	1.2207228321582242	0.06392753406642238	0.12658900954091779	0.8592076528962356	0.9608724425541831	1.6313653962528618	1.0199322272412785	-1.3140837443352902	-1.2044503264717172	0.39788579977061916	0.097204297938647	-0.7116399730409593	0.751091490421649
-1.594995845501207	0.34581078307249036	-0.47608654074179685	-1.7621518461039587	-0.7575092025285297	-0.9399401469748719	-1.3994397658633788	2.6528098900240984	-0.00198723261124547	-1.441610400096044	0.6382575427650615	-0.013702127603636744	-1.5260564525290492	-0.9406638604361588
1.2042615868069373	1.5554530191118856	1.8652554434164528	1.6863181660487834	2.6270131450776875	1.8425167907591808	-0.8476207758198699	-0.24930398738930176	0.260375005912771	-0.3645922967615846	1.5366291381428911	-0.1106641739518473	-0.019591321729509035	1.7089536758913684
-0.0029133891727662897	-0.2966419992580545	-0.642990255420509	-0.09897854644397663	-0.7583197488622264	-2.1982848631893597	0.9581796681688682	0.4641738352004988	-0.06547321243883752	0.45501691150131535	-0.30500391455908865	-2.9760835545243336	0.17258609970598926	-0.6096635203195516
-0.7769291861883376	0.5108408048902204	-0.12731862456979381	0.17494267541542238	0.030418979381090616	-0.13984967433553178	-0.7590479445199246	1.3253821395701189	0.3261248303096402	0.31404995511755207	0.5464694565302264	0.24067977186484896	0.7386939054131134	-0.4321272599344735
-3.3941800399704762	-2.1960119108855993	-1.6981805246985537	-2.0929431954753563	-2.2996157642496025	-1.328439619059889	-2.1942775949323936	-0.19734512463645348	0.6354540902752538	-0.3589118118725706	-0.3700181684893766	0.9183991027496109	0.009327720163337988	-2.079470380136395
1.0298367995048063	-0.2840368014169736	1.2109377867718485	-0.026789765308942684	0.4435296238703446	-0.6105842439245684	1.4975871111969359	-0.17123645044013777	1.7374403436192403	-0.18075809085489836	1.0007171248361098	-1.2236628891006862	-0.9138042858776376	0.001465926022636548
1.1430794578812815	-0.07001744432930479	0.16605334162672347	-1.5500853318805001	0.46779460607211554	0.8259647038104698	1.0732568238529587	-0.5796203202457645	-0.5230159903018328	-3.4328040085021447	0.30357421443478433	0.43534239541845576	-0.6227381439803077	0.4023023766142154
1.4880390674617456	-0.14042924495656517	-0.1593084102524167	1.5404115823741018	0.6648607168722128	1.138955083334127	0.9304032696025635	-0.9755838394872968	-2.264767081700921	1.2499427783124906	0.19726845303470572	0.6331398638632534	-1.505780122586126	0.7460770832530381
-0.10419457719133296	0.9145870886207648	-0.4837567207136003	0.030831918891872978	-0.44056440220349824	-0.23317175170312587	-0.6336385674932956	1.011568278347443	-1.2456208634730048	-0.8903186790728346	-1.2304793656450286	-0.9378076786495889	0.6727668335923236	0.17309275489383433
-0.4669883365586075	-0.30247478849660564	1.13599065580792	0.5300255392993755	1.560547200272935	1.0179455004231062	-1.6407174021791597	-0.8537590677067377	0.9758498225906016	0.09867743714168371	2.2126788660650303	0.8399064394719643	-0.8976768405574339	0.38931602023892375
-0.5787522895474908	0.11067391308768937	-0.2357471850796442	-0.9262398958504332	0.04759184716179243	-0.8112246425193859	0.03209607236427494	1.155429843769792	0.6604145877782236	-0.9447349794961976	1.0551656645580272	-0.5332346888194054	0.4457756776156865	-0.6717391286973232
-0.24663496738487636	-1.3107895970053254	0.6594148286393299	-0.39606767119723946	-1.123213574243695	-0.22566384708339143	0.023497257878386458	-0.73162652244328	0.6056382164441501	0.0904356851018017	-0.7674495025592754	0.5498729077999474	-1.9676360978801122	-0.4782864639633351
-0.8900316246281866	-0.47737548384403317	0.4613166087250027	-2.406309537402842	-0.4147174594078199	-0.43975570440123823	0.1337644324857072	1.6521325927314539	1.8934869906882201	-2.1512551845666743	1.5718105518001981	1.1912337073154469	-1.554117150742596	-1.1578316093343863
-1.3576262942455497	-0.37127382856668323	-0.6104057546132975	-0.4021364819724077	-1.4259560534764182	-0.73535988260514	-0.5322396468615351	1.2921894923786437	0.7698597738592209	0.8948107969852049	-0.4669391875609898	0.2697164194919961	-0.28824458471035286	-1.0889386070517988
0.5294603667611497	1.574147007953782	0.3753419954903183	1.5933022564811052	0.9570675194446183	1.069790305426187	-0.4293096396315942	1.2927983096381097	-0.6269147474547071	0.9644130448363822	0.26728964285360396	0.2679736795948781	0.37706054758080454	0.7230559126547553
1.123384997602657	0.8319498118951034	2.199900090889076	1.0291582111989046	0.36286172302301056	1.1457453500113872	-0.45426199112634785	0.1854175088222366	0.10071248222847438	-0.25912258867730736	-1.0655160209558152	0.1705984148958327	-2.209956913818216	1.1626906893654048
0.08095833986302275	-0.4328745407654372	-0.39573465011874454	0.3772881820215792	0.3268218173969818	-0.542302076415154	-0.4553387621026886	-1.3136065978064668	-1.2190757574932543	-0.29876107219038867	-0.04737211905168401	-1.7906411442300159	0.10999111254507897	0.33329119540942714
0.27951931090574855	-0.9999241619396353	0.7968537036722411	0.08197311558201834	-1.3303299138342346	0.6417921029707399	0.3570113329500166	-0.9916699403304722	0.81409292425959	0.24904661465868236	-1.6958363369140497	1.2210143967443987	-1.4536122272061043	-0.11419975230013107
0.7648196139114256	1.0347529311122734	0.5995354850616926	0.8960533375751787	0.4584683257598828	1.0490997216621536	0.14029091535552818	0.5897360418777677	-0.11904815075123196	0.02476938124190107	-0.370730267089024	0.2982697295591708	0.052489835161148954	0.670413338953383
0.264596474736163	0.6473613883872449	0.4271500833235749	0.1311161815618469	-0.24625078081351348	0.5946193613977231	-0.8793218128225416	-0.2489887645133249	-0.5571291633690477	-1.4521902098420914	-1.7376757343927978	-0.5851324877116644	0.22914086456458785	0.7509264741823222
-0.3767387283261603	-1.264611542120825	-1.3118004493624085	-0.12045454826850077	-1.2955605257846088	-1.28498688311276	0.7824998674912254	-0.7114745972923596	-0.7174951617140636	0.84297867891433	-0.7612317337794288	-0.9548335116189083	0.32078739704698556	-0.9018842631548064
-0.37795876864241335	-0.20173181204927682	0.01479088654464844	1.7116350523178556	-0.09893045799864263	-0.4826919911083422	-0.8045107410251637	-0.7502378216241068	-0.8008141334148352	1.153071219956239	-0.33583551040012316	-0.5967245082996679	1.7183359259013136	-0.09525630425507546
-0.6959788072091263	-0.24928860373105283	1.0561495916546855	-0.30527091530242834	0.23171385545855555	0.506855554699167	-1.4647542572348877	-0.4066064274259594	1.5047203930766895	-0.8716034016873785	0.38729689901264724	0.3907968232927681	-0.5213767744670643	0.0989506076179357
-1.6169239319734032	-1.654803248551635	-1.0022714688999028	-1.0603008523948558	-0.4090680721543407	-1.1609480967464871	-0.5763566394949863	-0.6409441097812242	0.47563814999926074	0.01496086577987922	1.435330893335015	-0.1175132353334158	0.09637626566663883	-1.2895120358162284
0.08884578308582164	0.2771369572382829	0.6741304284113508	0.21344647219236723	-0.6170748278808954	0.9931753943008079	-0.5125017149748646	-0.24197434296123335	0.499703208797162	-0.7554084976470486	-1.7205605061643934	0.8761406326052121	0.5996729682017841	0.3023869693746661
0.35805077019947373	0.49803873710366375	-0.36659481980466635	0.9124674079078448	0.9969678173616056	0.8218863274903795	-0.584983549780976	-0.35455414958644593	-1.7561098226539658	-0.00046730284153827684	0.4771382007372821	-0.09921068543836195	0.13737176797592146	0.683296873260347
-2.1368925813725985	-1.4672160376998902	-1.362743615078351	-2.13818444595885	-1.558274137076249	-1.0542486051625364	-0.00841562559398988	1.1019202447449987	1.3290077746218372	-0.3566938682883087	0.9505882730800842	1.5294476715883023	0.19817302394056727	-2.1680027893350027
-0.6683541311505574	-0.6462159605439118	-0.4762059297407101	-0.7287606708613507	-0.20586552459692953	-0.026820399626882874	0.04114495347732112	0.21439853978741524	0.41084980705798246	-0.2636659635207101	0.9477679088249779	0.849495994815793	-0.21463022060664882	-0.7319290402950313
0.567032326949518	-1.6062498580440736	-0.21611981500287003	0.9404459995744352	-0.6874615324213702	0.022493430258721414	2.3650011971569973	-1.6093945084256278	-0.20557241710021787	0.2814470627291895	0.4011819928380387	2.0520321819471765	2.228925660990023	-1.0863982851867016
0.8772928169765475	0.7345536812667004	0.26558755833488823	0.5745310669308107	0.681209516983419	0.023998228655700893	0.6131004383442578	0.3730872149506298	-0.37410912998868917	-0.22931987130403358	0.2842689857517744	-1.1032600374868422	0.11690938388039829	0.48731947552024285
0.4744640705625204	0.2817380637424499	0.03997346437085103	-0.9949903972106371	-0.17914998210171273	-0.5962782807803879	1.7093889458014122	1.6854618398763905	1.037939255798397	-0.8101988749093051	0.9107846609375627	-0.23566704330377414	-0.49183907735881544	-0.6311712247116213
-0.1710240895382753	0.4947600616641963	-0.739197722208143	1.0179270291927809	0.18324798114349375	0.08812801207527866	-0.8817884857811044	0.027684621238472214	-2.297760218368375	-0.12721417809178934	-0.3152339693659408	-0.15504048740570814	1.5278840398891531	0.1725724809432823
0.8107076130755312	0.36408401673378	0.2253646025664163	0.7508864443206331	-1.0943201083844587	1.8068036526402627	0.7285894196390604	0.29988825967497956	-0.19819405599360088	0.5723721987394319	-2.1387148253918267	2.2409776547983804	-0.5250121346447186	0.289153487857736
1.0435732817589187	0.7665584376547345	1.696774198043009	1.084934391452467	0.9963351469061226	0.9766327704936161	0.5335509608739502	-0.014610627815173416	1.5650353273565616	-0.005152383100402516	0.40757893761047154	0.4298962163494204	0.9026672775706618	0.5947913588297062
-2.5710809325996427	-1.1149781446900933	-2.3700100248313216	-2.1498528487503985	-1.4611430745359182	-2.7627269253493165	-0.3713382123170387	2.0435272968668454	0.02078614207873031	-0.030352656506726937	1.46796983435216	-0.9244040899080903	0.29248117276207647	-2.3995907573626156
0.2689330796155832	0.6425926629226976	-0.4461845124613023	0.9983063112525523	0.3583999217830037	0.3272629306816227	0.32528635309712917	0.9433769461094541	-0.8227018890171082	1.1973581562428073	0.47002978950817426	0.14868881684948126	0.17696652114728503	0.041173191027568036
-0.7678278876903301	-0.5904014937114623	-0.5958436708687874	-0.8146561291179506	-0.7698216345558236	-1.6124133872639195	0.06537841728664845	0.3450634476774653	0.4111030999979578	-0.38407467844499044	0.048257288112153233	-1.5579030357257264	0.3429326346693965	-0.8660260892518208
0.8008446203350698	0.2321820546934677	0.5676931411184618	0.9851882084122816	0.6617701462738247	0.6987238217940773	-0.031996962539380974	-0.6576245345350291	-0.3733938971280384	0.22358643474762893	0.04988723452832327	-0.34543097077530505	-0.5367562490305996	0.734108025220605
-0.8892501828336979	-1.381769597574194	-1.9356321886076424	-2.290692095561065	-2.1135636157879993	-1.6845696193611106	1.426488497015387	0.7560645633245278	-0.2652076406523196	-1.100867118297522	-0.46433808178466596	-0.15184839344641735	-0.23790491038026015	-1.7878273534928586
1.2010894511173387	-0.23017209987599763	1.2428240117515954	0.3313982844817075	0.5401828207193075	-0.01061097364810315	1.3342886930434088	-0.8806585658935225	1.4593307966724391	-0.289276092878788	0.4021601461873527	-0.9263150043316254	-0.27137051437041604	0.3524971425341991
-2.7584152822398247	-3.649284842598615	-3.270875445586861	-2.171291714780036	-3.0436743421320442	-2.8057404284079634	0.21159517842894765	-1.4371108569991569	-0.9601767348652887	0.1967050845439363	-0.3047243301768813	0.34141848630772564	1.3433531992333743	-3.055688968245796
0.44036411812001575	2.5499024296572985	1.7491011330338402	1.73749822910332	1.4708245217479055	0.5485173147163109	-1.8575950423783898	1.531873818356743	0.1439322549317832	-0.4845101564913412	-0.18943409847287143	-1.5628577626036677	1.1401704516436133	1.4027440483145301
-1.0025888330372534	0.4029888235641659	-1.4151730873674313	0.15252982532833603	-0.12281255561603963	-0.9836058506053882	-1.7960041295569507	0.5866880433210544	-2.465150926519714	-0.16468446045971746	-0.289660188817257	-2.077345965824451	-0.06098783842817674	0.06317356525716863
-0.04325993679132423	-0.9504030770932761	-2.2526045374696975	-0.3298731084796243	-0.8325888619162642	-0.9683802509793853	1.5314894211650356	0.00434568382936735	-2.0918874842593884	0.6844353714424196	0.20275363886840736	-0.2293771370953749	0.3335902575443357	-1.0197285388997637
-2.3130020971847496	-2.297530602429494	-1.19132759321976	-2.7923266844825205	-1.8215859339625473	-2.2265264142573096	-1.532627431748292	-1.0943822293298786	0.34921524619763944	-2.3186191164691174	-0.32007045236999193	-1.4648245923418715	-0.7042518920334377	-1.5000508864248792
-0.6842223872442823	-1.0560792037053344	-0.7262490667976659	-0.15820086999988053	-0.6471174106717095	-0.019974758337575366	-1.09687757932022	-1.2906282574362133	-1.161831595849585	-0.19812425216409824	-0.6300639143641505	-0.05550602743674133	-0.7299433725901604	-0.13571357472557444
1.1683335452321406	1.3557182413864008	1.4800362606028437	0.7275357736766592	1.2639237346240897	0.0247915540455641	0.5101576838806898	0.7116059387139247	0.901002872172511	-0.9384213914072737	0.619610932649507	-1.3219536464679904	1.05081693483993	0.7185912911900599
0.5679798731570147	1.3070208196763846	1.179209698372304	-0.2287197824471323	-0.7448179462520425	-0.5325077372812443	0.8919237414483673	2.073165880338815	1.9353992725610356	-0.9100003653784781	-1.3312364220817388	-1.0383525133019669	0.6557055452221755	-0.06801981757133943
-0.8883348255760883	0.10804599881693655	-0.7977379204923263	0.9385226671282073	-0.8543314485080651	-0.6430070081989786	-0.6559237259185154	0.8714282051585998	-0.7083197806916646	1.565244821548915	-0.6477178176414977	-0.11494848203613399	1.1784720782791864	-0.6505053399340606
0.4197497950249836	-0.7883988032235446	-0.2855491929818601	0.6004504253652514	-1.2964162866249176	0.19147858810686635	0.6327862225219623	-1.3216811164946012	-0.5165372169332402	0.6584064054395506	-2.1684182298734904	-0.05072039121031821	-0.0906067664058206	0.022731219954380186
-1.501874183643583	-0.22162223587704954	-0.33949499624106866	0.6057157331819741	-1.0637730546599746	-0.7356964268489583	-0.9483287251735767	0.9511666508399046	0.3630856656636042	1.081465084103229	-0.21867668269594603	0.6997965524534544	1.6936830206167823	-1.1310588305043487
-1.1091270714606378	-1.4441381308947165	0.3106900318262752	-0.7883915103588691	-1.1256043218031362	-1.2011815084205082	-0.14745409378388863	0.23364650306338386	1.4910566585195038	0.6737640440531839	0.4925342299943881	0.11437797800942733	-1.7917046815060178	-1.2259850964315433
-0.7399505588971325	0.8997065405786017	0.05504511217876917	0.8392460935532313	1.1267318094894394	1.1208585816819248	-2.3425860798574702	0.35383740524682866	-0.9711939250443042	-0.13947581965579328	0.7409423530380794	0.6176682528491163	0.5422711352371314	0.5789498703830782
-0.00829140644977349	-0.8249096613231862	1.2895025340507096	0.04029460739469226	-0.968646287426632	0.07152728834134636	0.08408687184763936	0.22364780642421236	-0.47124449486547443	0.6196619532028019	-1.030452131821032	1.0197777162923851	-3.0925948673261976	-0.3405793717124741
-1.0303321070451568	-1.716393423654257	-1.996597871053178	-0.8338276770938196	-1.2510245391842576	-1.0417364037361585	-0.3444187791697663	-1.437905266399414	-1.9322901380089037	-0.3012419836757401	-0.6623151382581167	-0.6712766107890166	-0.0763092727293789	-0.8383884092687329
0.9307212819931422	1.2319750270343244	0.9195366955358174	1.558460798612364	1.2902800128771252	1.3635493865964043	-0.4826205077252686	-0.030754057327476714	-0.4760218420403119	0.0904204093851088	0.08160898221289904	0.14180257061482415	0.6536609795815818	1.119695265514494
0.7003250396302465	0.697018860765585	0.6197832937869667	0.6623862640675701	0.5129731560688705	0.5256907405410042	0.13664850605664683	0.3458899858180381	0.06156339259945858	-0.06306443645541204	0.0368469753975986	-0.36871040791343784	-0.3466415680573731	0.5588131828862367
0.7531798805705532	0.6651967012987972	2.203028596169984	-0.13817823723702638	1.212288444813737	1.6265238275552167	-0.13136471588140797	-0.2872899435329128	2.339084483726304	-1.9713998366910992	0.6254475799356407	1.0773579675984157	0.25497715906821544	0.7865752356049017
0.7070432754593472	-0.014216183505962515	0.7332238078525872	0.4676445883598013	0.15226964649804212	0.924703783319661	0.6237814542133782	-0.3042697250634	0.7237460675117131	0.136247352071505	-0.03181623441213982	0.8103831921662752	-0.45034340060180844	0.25841433165243916
-1.2816627132830403	-2.6386488924184732	-2.2914159995677026	-2.091361112891089	-1.8523573651004177	-2.3027666808192913	0.7650624095307331	-1.2066762312387869	-0.8638482330994989	-0.6606148219191544	0.0977881937040515	-1.1022881280569128	-0.478611500972674	-1.8189208534806665
2.332554911672786	0.8125644790265647	1.772017154987616	1.3880647754621538	2.0236377319517924	1.560426774588437	1.883885359688422	-0.6665600779874407	1.0089209797212786	-0.0645538206260103	1.3543799644578716	0.3859796550838433	0.35570791193174023	1.1413589434326812
-0.5932390491593782	-0.9279759605491549	-1.553470084019947	-0.21600695061722472	0.4685646092310405	0.6610549795932396	-0.264532277570205	-0.6357210016402547	-1.8075348692615756	0.20406405511303327	1.6903721657496984	1.5945166867240195	-0.2987308592448413	-0.48679718771603386
-0.8845797285962337	-0.6881435689686575	-0.29951897223357166	-0.4791794038085628	-0.5803675208299821	0.29099122025764146	-1.1536281280739504	-0.4956612696038727	-0.13359640514229842	-0.5233350962873076	-0.32524272622393635	0.6683873260344123	-0.5521066439723239	-0.2803254784118691
-0.5894121244499201	-0.6844227402424138	0.19321734488279207	0.22686644567993486	-1.0329330725016796	-1.2544559574281826	-0.16401311580266179	-0.343505143151256	1.1992038351366248	0.8114286980734989	-0.9208381200711223	-1.467417353304264	0.39963321883019626	-0.5582462981176994
-1.2513129187327432	0.1971334858387368	-0.7952468545822027	-1.1096378913053697	-0.671901601043053	-1.0147030057716295	-1.2678490722671407	1.1999844909633155	-0.48364968134365316	-1.3123980387754814	-0.24843820884356424	-1.179362376794237	-0.08223776484887028	-0.5064096557694784
1.3526772188992384	2.726634349002395	2.14483460449105	2.4933144240319582	2.2102749059801856	2.0262466956794216	-0.6019616986477447	1.7001193626876527	0.7242374885158828	0.9778639416039332	0.839519949871119	0.19342529602188838	-0.01831158578463638	1.7102250485467307
-1.4395103586355575	-1.2299189029647495	-0.4849753160303237	-2.0234120550338583	-1.118041882781056	-0.7255163176401663	-0.907329989372606	-0.480632000376519	0.7164007679313538	-2.1387370578104816	-0.29426472952161525	-0.01071241327916382	-0.11937034942634359	-0.9176656328535694
1.9838353848780073	0.8201627819104358	1.2351149631365235	1.8892456652808303	0.37171645220422844	0.16042018839193217	1.3297936048394883	0.7510229167141459	-2.012526215655938	1.5923144446108042	-0.7910527296070917	-0.9587997491349373	-2.7581295712786944	0.9211749461376872
-0.26238906862709965	-0.7597295272541573	-1.0578852084233055	-0.6999375588572072	0.5267912411973412	-0.19502919112938544	1.2002025339160225	0.3410355948824529	-0.07259972956436372	0.060189207392860704	2.4916442678258486	1.1507908353706011	0.48870542188884725	-1.0620919685613985
0.18323504947750863	0.16886699839447344	-0.8878796696622555	0.3777392214689912	1.098394613089224	-0.14899862534007813	-0.12789134260562152	-0.1520324272482802	-1.9021623080775432	-0.13744649181332422	1.3971825523270933	-1.0034308702509431	0.03453646522617538	0.2531791616982065
-1.6431229295160232	-0.7341621750996438	-1.185133003120098	-0.9501168105614042	-1.8413259050775121	-1.6398513353105162	-0.24055288583988424	1.0376043856954327	-0.11524174321006293	-0.5888150794439747	-0.5694110239223139	0.14151296582415684	1.7056882874998067	-1.6978624640168647
-0.4932138677622316	0.07985798193530838	0.0483601461262142	0.8807169543196214	-0.13877560083345236	0.22238385522286247	-1.1876682128624532	-0.31214272076873056	-0.3241736880795531	0.5221978683906834	-0.6426399224866582	-0.0062242293619497	0.8586136122444277	0.09542089194766118
-1.2762194619504892	0.02849961210567109	-0.5126575003476587	-0.021258073743238043	-1.3238499697997352	-0.8144281965008202	-1.2692918472315142	0.8541858134051425	0.02706266006966557	0.3463412399531971	-1.3841059632233366	-0.5940516724724538	0.659949672521647	-0.6160018104417438
-1.2865742788459464	-0.7657231646786453	-0.8333663987168383	-0.5481117432081137	-0.6261348018241748	0.10360072257867792	-1.6030722853728914	-0.011564230654127147	-1.1524958726569228	-0.17941125369828495	0.10245767265801645	0.9145218482898233	-1.3260828994920855	-0.49356804638775187
-0.8476469332715053	-0.1045211042804811	0.05324871251503527	-0.0753604280438343	-0.04341473580946162	-1.0292520724597538	-1.2377754780867891	-0.1461079785423257	0.011271954830310566	-0.8466175215721281	0.05671492169304455	-1.3739469598297107	1.2528009589922644	-0.2674165089535386
-0.6621301453502331	-1.716307590698214	-0.8312259561151051	-1.1956678716098	-1.0444022852670927	-2.1512244870413118	0.6296367453196768	-1.1757920645830056	0.3761211485638266	-0.7269592558902084	-0.041665564282218646	-1.9545552723659714	0.6402445488247132	-1.1388812617133532
0.44637831944401285	-0.9264775722561974	0.16731890547280348	-0.5052113437412944	-0.7031387192221467	-0.4306179649485192	1.6449472129769995	-0.6320913684579013	1.185260213668591	-0.26336027155207914	-0.25986020318051123	-0.14449595342049523	-0.01665040623764925	-0.5438926699339268
-1.0855861917913512	-0.20812010248996193	-0.8517133953463658	-0.2989111751520386	-0.07981777897894105	0.1006893059702002	-0.6177345165588747	0.8373533805735137	-0.17716952362610822	0.3435905408680688	1.0518221466992637	1.1021212258208033	0.22504136980839112	-0.7555404047957484
0.6987469126101976	-0.3881787860257103	-0.22126260783898355	-0.8225489012408597	0.17370623309888394	-0.20830621037352642	1.1213461245475176	-0.1903207815281966	-0.45662509370123106	-1.344387583595833	0.7106451664783807	-0.3956635993655999	-0.8724043964709299	-0.0995054378146064
-2.1340163952900455	-1.9498561469918778	-0.9749824681868926	-0.8463510866798709	-1.3094136722615681	-1.6049431887363546	-1.327392378739568	-0.9474340165326413	0.6356444157425873	0.5563759719204252	0.11989109631635736	-0.7412996752710206	-0.11248109946286508	-1.35889951717972
0.7856576177890927	-0.535337190212707	0.16051045253117113	1.4305605505450572	0.005685560734349799	0.12291733705257935	1.0797875210254788	-1.5092512994832807	-1.444337500598825	-1.0411401763477106	-0.044223580813787564	0.6224333780510852	2.380025749043354	-0.10579156033140936
-1.4366051545586314	-1.2670460537801376	0.06775388459329212	-0.7658967932021827	-2.1491836324174294	0.9803941046457227	-1.0664212470751762	-0.7397368642764766	1.461020662118623	-0.23855770560385736	-2.2099830248123555	2.651012666666377	-0.06720993704434546	-0.8097619478053827
-1.1265569760399439	0.40492760790963883	-0.8942740398871127	-0.2830595515113788	-0.7361130322825518	-0.6423352574982232	-1.2776432553543087	1.2343934665934915	-0.84956281351252	-0.3133653907306409	-0.6568689827593801	-0.5983084084503792	0.5765545644248316	-0.4510193849314223
-0.46621094837339583	-1.1075569216041925	-0.41666511789933824	-1.8958283592375207	-1.5527365255811438	-1.043563240460703	0.9093217024809431	-0.1803028953093714	1.0508512491030944	-1.8572385540129601	-0.9188681550595242	-0.24958311312741374	0.395135395452644	-1.0784022635090984
0.3271345168992086	0.26933653481897857	0.6830665133793493	1.7135066307045168	0.7021628302925358	1.1354596510232942	-1.261149381315339	-0.9716572013043687	-0.6428086320954146	1.043945457134713	-0.26550298226182123	-0.01069285565983326	-0.6541681788955158	0.983164491380703
0.44830158560701494	1.2168053658404194	0.03484843624481182	1.3179219177051489	1.3870692748877407	-0.09403569683699464	-0.7682550386487312	0.47115516012498093	-1.4178285490406453	0.23644378996714632	0.7658427723675785	-1.7966624272928307	0.5846550619800119	0.8171812573694286
2.143750879127921	1.3861386643771656	1.5434587666461206	2.5689363125653015	0.46316240041215884	1.4520319924255916	1.1130580845533413	-0.273835316693271	-0.05960655954168772	1.043930807435478	-1.7373860307517328	0.068926925160964	1.1276258757333273	1.3249146792464626
1.4921432143124391	2.0202651480923626	1.6736825809593903	2.2785328307022885	0.6655029970848398	0.2121451700683643	0.8086723877694324	1.9541653579559028	1.1685613229896257	2.0238770859513946	-0.30829602086794944	-1.5066243507606614	-0.4348257961962594	0.9347310925580727
0.036626641074954475	1.1407717696601978	0.5333219943669955	-0.2511364839422693	0.7644452686806994	0.14808083667320907	-0.13415901997083865	2.1346853830016776	0.6972984638718951	-0.5899748653169513	1.4860145079523428	-0.012062500645822528	-0.7348732246361716	0.0069351847864254045
0.5735564300169337	-1.0933644398631266	-0.01489472555757837	0.39446512435513154	-1.012564391368067	-1.0515400816413532	2.2156909199275843	-0.8550679149620908	0.3109708545970675	-0.09726558301273053	-0.373482513682925	-0.0027724511798500272	1.9643197269893844	-0.9731876362837488
-1.074515903338149	0.01568393771220833	-0.1152089929653074	0.9059699091213049	0.06516277326346082	0.4800427412822764	-2.3579823235270236	-0.772986587350293	-1.3742385523324012	-0.5219468278015427	-0.4607900985003175	0.5992119983825243	1.6829164135976582	0.14289260740285248
-1.2803750478161366	-1.6506495271897215	0.053571004791433285	-0.27853820035645277	-1.355906990775234	-0.33895392909072997	-0.8707347144737689	-1.2503546497196052	1.4116497855044623	0.6812350960812498	-0.762289798844615	0.4983195949373176	-0.3860526814098425	-0.8232262010759899
1.160851547837448	1.2672611820238482	2.5923119745334264	2.2284431078317466	1.9736206293887677	1.906346976380437	-1.3684664298397329	-1.2062223387613662	1.0761198451034701	0.041831253763404574	-0.02693493250602625	-0.3455479567613223	0.3319898486597243	1.924596615548723
1.7522277022826103	1.6254182590361022	1.3319853022810668	2.381808673733578	3.191383473785277	2.4514583146092357	-0.3807638967690288	0.15104943374250876	-1.4173245387668527	0.8709257880596576	2.6315983618926473	1.0046491682174277	-1.3676073285765684	1.8083100645059107
-0.8651740188779353	-0.6681493516423718	0.9538308255114842	-1.0064860620932576	-0.7458060878643812	-2.3291403756799895	-0.5319522260651854	0.4400545519881205	2.30755805245919	-0.6151254268565907	0.2294530277784213	-2.848058598035854	-1.1605391848300575	-0.7000742458692326
0.2838610589363515	1.2988380095123266	1.869427894596644	0.0905439218100268	2.145767987236651	1.4585502251034186	-2.2230978140609383	0.09978991555622375	0.24279992687735086	-2.3995556361742842	1.4351436952713452	-0.15307381494258185	-1.1352123383396437	1.466006527846521
0.14675642348348572	-1.1746589422398654	-0.07837576759046738	-0.5574949505387872	-0.5855101392396657	-0.8428812325828027	1.713346102642583	-0.4966889023198458	1.3895237939546887	0.1890315523725113	0.48590191760294466	-0.1915221633180409	0.23022642007900987	-0.9226908848637599
-1.3692559720755166	-1.2681988021518733	-0.2955311182132109	-1.9667338782718087	-1.5790072730494664	-2.1301992199465403	-0.4263997054720285	0.09554179364538047	1.4009116903101073	-1.4507482661320357	-0.43392246656429434	-1.815388105245153	-0.5941794778276241	-1.2066879827735768
1.5475195153054075	1.523028467803559	1.6363796937575565	0.6199015225996798	-0.03695042636667262	0.9820918165861814	1.4190035332599407	1.8147590723946938	1.5661215327650455	-0.09791989222181599	-0.8079988685216628	0.4192945350857839	-0.7500674976412008	0.5841865238949828
-1.441620783321246	-1.7421378347421839	-0.988628724955825	-0.9929079335710793	-2.263479283713703	-1.7834547859909313	0.002790764971618866	-0.23830058066136048	0.8156224159273837	0.6508165377612214	-1.1114318314035745	-0.7525244569836385	-0.42508192024574837	-1.5141411022962177
-0.25410913994699325	-0.9666780882075814	-0.08516000326084044	0.8785182104798486	-0.5902807711205499	0.26612152591157245	0.00950911508182032	-0.9545178572632238	0.35039403325957963	1.7680596304695144	-0.32980485087780365	0.6677750005976425	-0.3618902210637352	-0.3215893296369
-0.014942891241315731	-0.22784722351530115	-0.25762860961158635	0.3654599906949683	-0.9156996531594064	-0.09875905262950099	0.13664531821105333	-0.21819573016261523	-0.2672578195425757	0.437315798084626	-1.3646164459516372	-0.3358070724500938	0.001723633253135876	-0.09727451206835919
-0.9307364529641892	0.4670751517648149	-0.25064568893103256	0.32621868096633655	-0.5376543893043995	-0.6997422236599423	-0.927336144032246	1.3367634305892098	0.20052370619586818	0.6407507155008786	-0.31365075403780285	-0.5935101476673946	0.7647923142781664	-0.48794136944434424
0.6672383147282214	0.17603708472010904	0.09172298450194341	0.03524023070518367	0.2505760954523815	0.4426817657362707	0.5342598283564148	-0.13055188925594746	-0.3720448829824014	-0.7076787694192812	-0.007120691362623476	-0.09083054774332879	-0.24357816004004168	0.30308385028168583
-0.27005839069512716	-0.9843669364218266	0.19499005659452348	-1.3406108039937483	-0.17850529284733974	0.25675896549314947	0.10902770011185718	-0.23455777623602247	0.35921317488975274	-1.4261059220525059	0.9120303855717437	1.3103862619835884	-1.5893712240060225	-0.5257580258790086
1.274329126047928	-0.04226179441970601	0.8642914539203492	0.11865586759026225	-0.00263777151903688	1.1092662137139047	1.2041958405671225	-0.9054511244551623	0.5561037117188112	-0.9733256907616645	-0.8395357390244451	0.6396319113989813	-0.1309530356360575	0.5271994873806028
-0.5610728533771877	-0.9272171712491882	-0.8307893096533204	-0.903338999578156	-1.6111088790876629	-0.6405655170337459	0.09991541914047372	-0.2216078807961547	-0.29540337167895425	-0.5476268583035158	-1.3673696002031666	-0.19888791607114462	-0.4764864467199418	-0.698955153427507
0.5874166861545924	0.5133867254656237	0.32071283521121063	2.4355272836179527	0.4569624271701868	0.6236590762138926	-0.14944170852444846	-0.4723944795834266	-1.0603355769461444	1.7078919818882055	-0.39111204382112197	0.20441036366059287	1.5249165043144188	0.4918401123527959
1.6839451697018877	1.121439859602099	0.7748562149764997	1.0209756084535206	0.29971411155903177	-0.06633385274294978	1.7107023464795348	0.7731913190750143	0.19675377719129472	0.2724153820366199	-0.5963515916975138	-1.538556454876118	0.003618692411607431	0.6568013296747689
0.8525485581669854	1.2988442595131846	0.6667462362715807	1.3468524306529202	1.0400223818775356	0.3851147975660758	0.278331846297837	0.9894579625124148	0.019256988926205216	0.6842367051643427	0.5653887885848033	-0.6540312266430315	0.5106209486680201	0.6030452922721318
-0.03583268745077931	0.5686961232983306	-0.7306330006610691	-0.18084356723324124	-0.13880387239236178	-0.8999179499643768	0.10216728323551608	1.0854091058213402	-0.9983488388253602	-0.5332631706320283	-0.08932113527508098	-1.5210057296839938	0.4319690207103964	-0.16894314433655278
0.26569955762044406	0.7603233852357962	0.4398887751978374	0.7936425286374036	1.0663675249941484	1.4416574206079622	-1.4241039048889579	-0.5999138554237186	-1.1231780937316689	-0.8779044624639069	-0.08983820012677615	0.21366418228429426	0.03350277092563989	1.1135711443048995
-0.3320619889130468	-1.1033322056291757	-0.4189569848620439	-0.24390555995447075	-0.45775300006206554	0.03126654840708587	-0.09070034262361462	-0.7222843349142397	-0.4408727912074802	0.21397366466814435	0.2682275418085223	0.6483662821111099	-1.1815592385388567	-0.4336497569728604
0.1539300666702743	-1.6826103931571668	-1.0474481156507496	-1.833205122324975	-2.136146153847777	-1.8232730841418487	2.1555295160812404	-0.8614448219925059	0.17334329470671797	-1.4465003052256498	-1.617354434122015	-1.4507899106615423	-0.06696299476633753	-1.1523509010083957
-1.4105278477245666	-1.3654246927591656	0.481585642031348	-0.1397871437764125	-0.9611990875160524	-0.4008251937538968	-2.0714513906231247	-1.773357139103827	1.141369528553663	-0.08326120467207729	-1.1022388760001582	-0.597816392210887	-0.3607390260584789	-0.22926260408517374
0.32764747248005305	-0.8952658420396153	0.21203539848530564	1.0299966380507046	1.4856177243506208	0.21219287113747531	-0.07021710059090043	-2.1113191568025926	-0.22614135425679355	0.7607882729740912	1.8569662974828234	-0.5496817025663966	0.13809836282878135	0.34390597947618384
-0.5319938271496334	-0.7515124288233154	-1.5433693820868684	-1.0036716112494926	-2.413595096617093	-1.4046385014817728	1.0662611419455315	1.329749067272172	-0.7937440071139535	0.4248421109609307	-1.515836566154447	-0.2777228228529932	-1.1313167861701818	-1.323098511952582
1.3577954473791707	1.1112850758503239	1.2066600523746438	1.2228474663804378	1.8908950771892805	2.2786884887872376	0.2458232125337145	0.12794521374519396	0.04741557963320936	-0.05290203987521516	1.4210656568272189	1.617218515574296	-0.484105576123595	1.1313390628279265
-0.13090095766482868	0.09671518876876939	0.6434815782838088	1.3033922565112355	-0.42349519603965646	1.3385290027204289	-1.6939627075568835	-0.9908964523423874	-0.356539919977136	0.6460385828602336	-1.8665160056694259	0.6129556013719538	-0.5395972058828568	0.7991725013507732
-1.1674356930457401	-0.6688193176812519	-0.8463501991878255	-1.4726277360796687	-1.3011680867644329	-0.7964412473977507	-0.8004923833911142	0.6805910935605947	-0.4657464700885812	-1.1534024621245966	-0.45716619201802283	-0.05226020831720597	-1.1737258686579053	-0.8424288000860276
0.6853882464989475	0.3681923047674787	0.9895973792862969	0.5566570348459112	-0.21624008596188846	-0.11413841749513234	0.7982416441073815	0.09116151822814203	0.9290517450803806	-0.49870703714227277	-0.7395784998244856	-0.29056287362611694	1.4183434499343779	0.029826703843717887
1.0552681159157755	2.6446363405968816	3.046593125822612	2.0643530895882147	1.8628063693022276	0.9120505546620982	-1.3038870681083665	2.035369883356027	1.7597015188737701	0.554413354760421	0.630393182419967	-1.374162488292586	-1.2569260142576926	1.674799613434804
-1.166204739076643	0.1227719489269723	-0.8398556239953442	-0.8518731504320519	-0.5004701828643926	-0.8683563731443459	-0.7909468293744849	1.2280435936247327	-0.4365837882967067	-1.0703237533064782	0.26963582698030863	-0.17263949940561618	1.1563111161276607	-0.8453164304733994
0.8935019399441648	0.8855003656979876	1.2257085908301606	0.1687262114928051	0.8839096500545259	0.591008630858741	0.6127365907601539	0.5124880166261229	1.1080350482534045	-1.204673341895012	0.5494207705979576	0.11771550206214373	0.9054627366096918	0.3969150084003755
0.23154714071208768	-0.5745837321082417	-1.1789518885988974	-0.3140282439610148	0.00015366837735400485	-0.5126044960323222	0.7025083383514346	-0.7270135773561374	-1.7041617561454403	-0.8123811012788499	0.2697106404274994	-0.5312127621799441	0.8995043853509371	-0.3182764627647467
-0.04880426099346269	1.6061901003403873	0.9810557343809643	0.3332669647224215	0.5492028808224619	0.9010218393713311	-1.2020696247711644	1.6273065627214918	0.5449732021741164	-0.8294881257305584	-0.13441143509812226	0.0842286378617622	-0.10936709120612204	0.6516795809487168
1.3123246585079822	0.06117667203916288	0.9283274676058655	1.3187468593858367	-0.2321793374102692	0.932681531924762	0.9425677770028633	-1.1571145063320933	0.36112772849577857	0.5859719368141727	-1.6441640380918952	0.08733975741436543	0.3238543973018423	0.6906744963780505
1.243107591500165	1.6068874933339918	0.7850514666079553	1.4150850719910593	1.7358667447771046	1.88000553508503	-1.0533857967866358	-0.44708884726881987	-1.815432130228569	-1.100095781756306	-0.23212342417533505	-0.3238333314339882	0.004167654091562557	1.8743072708769712
-0.9850021782656104	-0.31930174546180756	0.252296214909568	0.584011481413663	0.23980189194574691	0.7109439538186099	-1.1413049732204599	0.1375523363313512	0.976187497997578	1.2986563048163775	1.0683085970579624	1.4435010880767445	-0.2694701533251288	-0.3479391165955925
0.33147410226484897	-0.17884692782109857	1.1625534035578058	-0.20921607911385837	-1.0408334673367272	-0.17402879220521422	0.7749015605957387	-0.14947026934933447	2.1352325669365313	-0.6839116248631198	-1.5564148501291342	-0.09506960457440322	0.8207696183196357	-0.25331868987542505
-0.3741137405059579	-1.3496624705057838	-1.36548832614894	-0.18554389331434917	-2.465336843961439	-2.05956194088866	1.4671902131434702	0.24481406907298747	-0.1682150333533767	1.7882483364359705	-1.6322678740213261	-1.4251198636207763	-0.687416535619794	-1.3590676048256176
0.4626050310894677	-1.1233612982747792	-0.15631817202316511	0.3792749333937128	2.0284582262208537	0.7178723328988718	-0.29269088720982234	-2.5395250576949473	-1.3039339628539646	-0.42969819498242684	2.6968744179768542	0.04407829921559731	-0.6740708440018099	0.5351679051425512
-1.62393076857427	-0.7186286285144773	-0.7329292019954139	0.5383076828737882	-1.3037909064919115	-1.1706930212628983	-1.1803529739823095	0.18141795214499717	0.05149808847373479	1.5263445670349856	-0.6926380729630139	-0.2579757881913483	1.253828046446339	-1.0782450090907434
0.6510346074978417	-2.1144258300730856	-0.2633210495917043	-0.09849629618234594	-0.9076053273658848	-1.1375814476336568	1.511121429853788	-2.854722735213767	0.04612466718452419	0.1488141771666138	-0.8467806187425374	-1.6662047929951282	-0.39609245907553153	-0.32237369712971914
0.17302810806419766	-0.754381238462502	-0.28389747951925604	1.1681941623683176	0.48310515087935896	-0.8746826743263532	0.23685956196558353	-1.3568875290293414	-0.4956849826123824	1.4294258192883769	0.7196710174339612	-1.6129360884748951	0.6371537657716808	-0.06767947419923337
-0.6955037530128287	-1.2184255393161154	-0.28193638797781967	0.13779980879580656	-1.628708004341504	0.5895158501321842	-0.17508609966109334	-0.7296652694136612	0.562672600524854	1.1582057524905656	-1.4215039845317274	1.8197404248140217	-0.5273422734784805	-0.6751579229722225
0.44997486170535994	1.1758648286195417	1.6892002472124463	0.611473316056592	0.5524747161799418	0.23251627970302213	-1.2282654102286674	1.005506299047588	-0.10566286220687934	-0.6411568224374908	-0.38764433242542384	-1.0941137960499547	-1.979956567508376	0.9685523626926639
1.0948874664947674	1.312984270737784	1.2268019420423573	2.232687742414939	0.759521793888184	0.6896221901144252	-0.02786736394853555	0.03881621701497408	-0.7551236177445935	-0.18998582891700175	-0.5277798191249683	-0.20522890518148548	1.9835457056665187	0.8929853993954956
-0.5900741798857025	-0.22734525146700707	-1.7643918828927279	0.06466979447134957	-1.2915988742229203	-1.1453745906097792	-0.02202560407759542	0.5694222162787808	-1.9213856713569724	0.705315473037756	-1.202731546878163	-1.1759756942083541	0.30715159897304156	-0.6304289010288838
-1.6350255457391332	-1.0110506196296265	-1.8575277905925751	-0.610382597313597	-1.6119949903205844	0.5506543351346187	-0.7685877391799298	0.4532507909930751	-1.0825409355668298	0.7748957185544081	-0.5496802651032338	2.639877218123105	-0.2905626634650613	-1.2248885615324592
-0.06371605735728686	0.1611482341646929	0.10541925148929002	-0.13022045731040266	-0.46052361286016774	0.42915759683186566	0.10696728330608266	0.35962763405157616	0.22369682506534264	-0.7713552846221351	-0.6039890837114997	1.0317249808320132	1.1157495542683618	-0.27777825711992515
-0.45968549697719463	-1.6377957669746706	0.06696229392474018	-0.43173403799432813	-0.22855369402201142	-1.1318218749671223	0.2078183903439399	-1.1613770136128951	0.9518382992985166	0.3798692556419078	1.1247818727730436	-0.8343853083026115	-1.0601744664500887	-0.7289346655169158
0.5798489682296161	-0.5963665560874631	-0.3153403308675526	0.5626196808579949	-0.3286542154062406	-0.512731226535125	1.3730944900531297	-0.00996015349803965	-0.23437313945333169	1.4602257276661987	0.37932079658438245	-0.38531107073703197	-1.025899762096262	-0.38521051156938696
0.3818407462405413	-0.027222826535181766	-0.4919703694355557	-0.988849628551627	-0.9051066015354143	-0.4597818719002182	0.1894233379165156	0.19490418834871528	-1.517845731603478	-1.9201121296418604	-1.3687051278139484	-1.0478114315066462	-1.2505747757107406	0.10594961559773722
2.1875773414889426	0.5833695899924538	-0.25542491306794457	0.5391495849797334	0.9421517961181158	1.7228992798102214	2.5550659496499946	0.1515183069566644	-1.4598049663476877	-0.28393144412435506	0.74469314165416	1.601835673538316	-0.44339668465130005	0.5811379427487152
0.14938358139447572	-0.7753831796095034	0.46441639600959456	-0.8997030570561256	-0.14088514677812225	0.12449936289099656	-0.17929814770191194	-1.1379530166471648	0.22467504692024828	-1.8089038257814183	-0.13909555214875913	-0.153398221500853	-1.0365915811930153	0.11470694661739846
0.5002949831919441	-0.26101117584971284	0.5409125963226216	0.7135600776570818	0.8025850780446684	0.2759752050274745	-0.17667702546239034	-0.5540496196748004	-0.727424243396985	0.44641154543948164	0.9876371155645847	-0.18275656106545843	-1.686262274300187	0.4086710508152048
2.6669868271548047	2.879567854977324	1.5363897120373253	1.998287147957476	3.1958264073440503	2.037632694120696	0.7002185850697688	1.6453684743401025	-1.3140335305562194	-0.2907645852578648	2.111075962232971	-0.2738527616279446	-1.0531629985255806	2.1029793700783785
-0.8557885218992917	0.25806238713528395	-0.9810249056945111	-0.40697069346434644	-0.6322706621205576	0.3744868632943531	-0.07512917949303821	1.7774305353210078	-0.24292250349753833	0.33120703702347914	0.293769242563768	1.6957160287880129	0.15996668941607603	-0.8403892719405359
2.730227662473346	2.705267151517967	2.6545588378244114	3.585743047035087	2.972895220319416	1.7733988104099279	-0.03600814475011189	-0.3797243229477285	-1.1383560677395737	-0.7245142747519796	0.43340699428607204	-1.1227293190571506	2.0074328064321003	2.531615184000184
-1.0855008433166415	-2.0234301545950935	-1.0872815790903796	-0.08397153717358585	-2.1860142194752274	-0.5114953062844825	-0.4685404884381481	-1.7609898587072357	-0.4147820820558377	1.1095570924145914	-2.036795133654927	0.3097890088233437	-0.4445208031427243	-0.8779320787422075
-0.43452129956835506	-0.5014498648842269	0.6255990135965932	-0.5168103850701218	0.19082560551096506	-0.13805729120161656	-0.28469932791770136	-0.2751798758288007	1.528056181289744	-0.6397435723824684	0.8782346525978506	-0.0600831447056185	-0.18959134351329207	-0.29842367068428816
-0.8650900033605575	-0.8000367808781215	0.16147115672297985	-1.6365930294179312	-1.713600223680644	-1.545813455810549	-0.14845264054568091	0.8141267775889184	1.0229249849353823	-1.182104418261967	-0.9103504215207773	-0.9524353513636501	-1.6050285190386648	-0.9675071436237395
1.123106354615449	0.6267057898321585	-0.3451087764848171	0.2996617327526562	0.09248032446515564	1.5068446808898317	1.0489229647299132	0.23283169310457993	-1.3925999891399168	-0.645622601323986	-0.6575443523482496	1.360799176016086	-0.01693540713382384	0.4903938553961753
0.8446745033433484	1.2370558513984382	1.5821081686045186	1.9472867998579808	0.6221645660447618	1.2650704154453085	0.33792977768818444	0.7954878931285637	1.1144176009747333	0.9745762732067682	-0.05896731840921011	1.3247223536203998	1.509193966733796	0.4579243221745408
0.07734192494086156	-0.09787390618628877	0.913957684206974	1.8062022564724742	1.447138888818105	0.3403817941660561	-1.4913940232620964	-1.817212346844887	-0.047629741092899504	0.9688481156150649	0.765526697755001	-1.2026002673775287	0.5202517828931382	0.8884031453420158
2.115818916158017	1.5129516731225938	1.927075003970929	0.8642418784648327	2.4487748563197065	1.5237350227886703	0.12069413231796675	-0.22121737279610976	-0.41112428996149114	-1.8028215501418479	1.249146534376754	-0.7240332889299264	-1.2000992340854164	1.885701943617343
-1.1607584153299382	-1.851500539435921	0.3843360100155899	-0.8977333225160365	-0.9562847494075836	-0.3632052670712203	-0.7067803149411148	-1.5658304469599607	1.921999142769366	-0.3428230505114827	-0.0799799020668315	0.4585138605721544	-0.4826972972739754	-0.8154628118051497
0.031118217680787985	-0.3294867953464546	0.21614452512976257	-0.08789024812298027	0.38969016339759627	0.3067957357910909	0.6372339843707896	-0.0015351615690967846	0.9902000985858673	0.005646432073041641	1.2064114275856168	0.9602902823083077	0.5543214682809086	-0.4394299920611782
0.5241252981402601	0.7998948908972345	0.3424316672200409	0.5404017266054976	0.16001715796282315	0.18189581351294246	0.11295071059695236	1.2646552052349238	-0.44771631049146243	0.31746613177584115	0.09541120977084608	-0.2872921789514248	-1.2606244428591777	0.29322665632811584
1.8351853973152121	0.66277578779109	1.3497741559141034	1.8965781568363869	2.6757758198663204	0.9653011498294546	0.5851027531847797	-1.5531123247971956	-0.624209274756371	-0.4320662510977276	1.9536660652501323	-0.6072136373893844	1.4477777642952978	1.3050876298103478
0.5962409293982623	0.8284552203430389	1.6540629901172603	0.02999829800865339	-0.04912598621175435	1.2088310372517705	-0.5362378950866566	0.7219493299741839	0.6519552493597919	-1.2206673969109598	-0.9555187405723533	0.8322902269151088	-1.641966640896698	0.7236789505378682
-1.5134767021465843	-1.4007965377242209	0.0954829242387174	0.26902039906931896	-1.0816681720524983	-0.8813115117800823	-1.3670713580988854	-0.18821471739546108	0.4588384469258348	1.9098395468170417	0.022984613062632057	0.15190875498493564	-1.9062912992509455	-0.9066094474367551
2.3417841879025034	2.4471097139361047	2.772287593774256	2.579646559887019	2.9619826512234315	2.8591968011665143	-0.30328671287896214	-0.17743241464990936	0.44040461389399815	-0.37826071156915425	0.6955994205786439	0.4604674928459737	0.6495938286127951	2.4236503970034913
-1.5305013120751876	-1.4329066954400802	-1.0457152758360848	-1.7135577936054123	-1.37524027066306	-0.9785132265051577	-0.09230299238721411	0.03835114385867566	0.7669970142761726	-0.8132677070562454	0.14150169932674847	0.6719925024680662	0.5044143818916582	-1.556800258133617
-0.7325522563816296	-0.0030740782286128865	0.3273678916409503	1.3550345123476695	0.8409896260741484	0.85180452280104	-1.7457781500623915	-0.495290232019033	0.03695120100639408	1.4344357680070348	0.9114744748680764	0.5790678512600901	-0.05270747260330657	0.3046415555034682
-2.4524625696347737	-3.4341450711863706	-2.801057034167245	-2.7408125555213787	-2.6812747240668426	-3.989993957268622	0.41359199670564556	-0.37856608519678225	-0.6863690902851605	0.18087127181197363	0.6818628953714367	-1.8285797716660623	-1.5829904465361238	-2.8904073307610765
-1.4105803085162003	-0.12642469177803028	-0.8694008917312334	-0.7873636966118366	-1.0472868390385062	-0.6631235184891653	-0.9330775935538299	1.1959959006375362	0.02518032778148088	-0.25348496096821327	-0.3375346724096703	0.07529016064671044	0.28190433566402373	-0.9004030992933568
1.1134775043655107	0.9448059272014876	0.8352360641759244	2.1830161922770603	1.7619722439438892	1.13101451664085	0.08592736118846298	-0.25066112044613276	-0.36233217626166964	1.3775276352939565	1.1293164245425984	0.03412164960448607	0.6927792839461647	0.9566467426799342
1.1675939157602317	0.40433008271140636	1.9666181899674329	1.108774691892264	1.2079083383639853	0.7556245271107045	0.18669058846987208	-0.8563657547823679	1.5776959783662978	-0.036009163475655456	0.4801058604414302	-0.7052716693703318	-0.3713525904214298	0.992420053665113
-0.2838977184944656	0.1962964373896037	-0.4351483134179218	-0.3000174044635534	-0.03819024931566052	0.057362372368870165	-0.4070229306469916	0.38623774086974955	-0.6089291935518475	-0.7829955986220799	-0.0039815116071925385	-0.09719565166442935	0.22021964109830092	-0.07949013535190622
0.7673492948688685	-1.0510006004771604	0.9842377730396286	-0.968877629163807	-0.30146137023847697	-0.39536550941504855	1.3149392954334458	-0.643448094702066	0.5979813311952586	-1.244122716123924	0.19911867026186167	-0.08194086349415071	-2.0888035054619287	-0.24717104256353503
0.8869329165408303	2.538898594707743	1.4936783779938565	2.444019259125714	1.1766146390610177	0.8601455220535555	-1.0026619784328779	1.6555939868629406	-0.07239478156277758	0.9490796677323732	-0.5685205343833601	-1.015972191088644	0.9559223856181227	1.3543577254663544
1.1457337995232924	1.3410770053506058	1.748816732012427	1.3289768854645032	0.9471939857041922	1.6280492122079644	-0.37812266204832107	-0.1055680988671693	0.6471620180155105	-0.5553053968722773	-0.7453632919984096	0.3373024816956639	0.6746662035456952	1.2694846239617683
2.0658008912846544	3.2442259946495575	2.732420602403071	3.390014550749325	1.9530510074737075	3.513881264244195	-0.8267159521449596	1.3290954994512771	0.3421617247165117	1.224497536544088	-0.8244678007703303	1.3583637824247634	-0.3073254380804947	2.5082337825948904
0.7533746114045307	0.5414795354600264	1.932631073525823	1.6143239437577892	1.6686080324013677	1.3791682515601122	-1.2700226669422368	-1.6301012392917122	0.7452789927211706	-0.18387620304904265	0.24901915847174974	-0.4867975220245986	0.21783516468146444	1.4759732460987607
0.9707970463604637	1.6883924767459126	0.7512627695748568	0.20619619305808967	0.6149042006041745	0.5303727810074929	0.2693446249155322	1.406443400533388	-0.08789241787691023	-1.5078605958442943	-0.36269480993851905	-0.5355064927517835	0.7176210453417036	0.7010022273575391
-1.4276689028341205	-2.309191529021582	-1.0432773075757862	-2.1202312589243952	-1.7924497196699551	-2.4333958343197213	0.5222209016104603	-0.5719071471411556	1.1925383622520236	-0.6451478179010144	0.27544529269282286	-1.258819166505993	-0.6341228236171954	-1.8392226760134494
0.97838073124428	0.8472343677006083	0.2880099551046926	-0.2341978716558637	1.0459818893675865	1.3038940832253791	0.13504783114938332	-0.17343060619488798	-1.0821279609466672	-2.507716076349797	0.19983938813538293	0.6949283645471335	0.9242287134032293	0.7664469887368952
2.08647247276874	2.4487837540636406	0.7561206124300249	2.091616201265086	1.2461271620798255	1.2857210471178704	1.7974806539278465	2.385187260086374	-0.36066141261168233	1.4343353548976403	0.38301442492643684	0.24776286982348264	0.3443391188317006	0.9488035742454759
1.291896009196576	0.3856125642524351	-0.11798146885076166	0.06476638180712486	-0.2883243015236314	0.1294796733071653	1.7898077225790192	0.8375997912406	-0.6562167357554928	-0.15053731842950205	-0.33661920994898775	-0.10206300510447568	-0.9877766685468268	0.08060802321744044
-2.2068964542700185	-0.32489545322674773	-0.8783221404872693	-0.18981398043062558	-0.2804520366397346	-0.39370835545653393	-1.9571396459742647	1.0613967831061544	0.10514039093428339	0.6564698645725697	1.2037970047623923	1.157760440205119	1.0929888196357544	-1.1803312870175913
0.8824482397117688	0.6947320031622295	1.833897610429465	1.519123800185613	1.1384186215005454	0.4756048534939561	0.06580159134404188	-0.24986693364628176	1.6877838523914426	0.7875840196742657	0.48974878399106697	-0.9001981609954591	0.13547883707114486	0.8175563959357696
2.2509593971467567	1.0275465827108983	-0.17756079449842527	0.9351229117399624	-0.10272526907025359	1.2146260984684782	3.3485394155666306	1.2692088405258115	-0.6578702510059657	0.7143293795019218	-0.6041623027899146	1.4932017457121212	0.5755009175355794	0.15092109488829542
-0.036582115341118715	-0.3781207842474472	-0.22882844960531143	1.874221714791271	-0.7284029191571579	0.07793414272226479	0.4508875373301536	0.25716651381000033	0.1599649032534659	3.622769789566076	-0.34057333652548233	0.5372436292179903	-0.6349301762136215	-0.40543465729072303
0.9385764163645379	1.3637472075725632	1.1924125063842521	0.8650537101964922	1.2656864872329283	0.9574628629474189	0.2979103938506817	1.784882583339733	0.32531147860579424	0.39419767779659115	1.4713032343372474	0.5842613517321291	-1.4421739902130966	0.5812524556113426
0.5734003058647503	-0.4378656313238085	0.52924024189465	0.14168608318458858	-0.7293013610194228	-0.1596514890938482	0.7181941386906324	-0.3809710255038745	0.5196115740016439	0.11961140454405693	-0.9265482183763297	-0.4328673946919906	-1.0439499886899632	-0.0004930182834911579
-0.3782766272660125	-0.39249090948116605	-1.1117253166894947	-1.1345408370462573	0.011251366455270473	-0.4558269160868006	1.1947024183683896	1.64168917686304	-0.05064483169921744	-0.01438719141372499	2.2854375717358146	1.0357843704963534	-0.8156101206836046	-1.2143823914622691
-0.7922512478984882	-1.717708723181426	-1.5289829209431165	-1.0475099491402848	-1.3287388694011923	-1.8425058111073331	0.8369800563169997	-0.7453201731215201	-0.34916682736951843	-0.02823106284297964	-0.0868142133077185	-1.0429756439039428	0.5718955766062389	-1.384895734629762
1.1912101271711393	-0.2590913086225539	0.20757725277365924	0.46177108834983294	0.532377960072768	0.7902221561235057	1.0958045747874574	-0.6099573164516585	-0.8299410213535534	0.06708089332981489	0.5967873746639202	0.6163877741822147	-1.3009147458130133	0.36706603041104385
-1.7456418694302962	-2.808230872797254	-1.5066701857502176	-2.1462245317631767	-2.656104190226875	-1.1141443754312768	-0.36029033071078714	-1.722132609358968	0.052083742741641	-1.0173117286818982	-1.4870242854718718	0.6133043222697683	-0.6979792898599518	-1.6353554492098827
1.616243416971915	1.7044880124266026	1.3238470960658937	1.3948669196683263	1.016609977278294	1.1890883277778959	0.7249482073971258	0.8636987180394115	0.29017125093418983	0.0038751439006569897	-0.2819947899323734	-0.23890362883884184	0.24042762182366395	1.1381832572382231
1.2189773009937777	0.26384027305911295	-0.22030274199485933	-0.4028007506969589	-0.36417804415238686	-0.25156841759129067	2.4160897727596113	0.6924145520647045	-0.1808465534955097	-1.1027443596205107	-0.27117398635099665	0.09342988522558039	1.1701255415299294	-0.38563356648569563
1.302292045992795	1.598887636227693	0.12810732100206335	2.152503905617608	0.5587899636036444	0.5767206690731146	1.276389211524642	1.6684730529134961	-0.7827432268177524	2.0185509911573916	-0.01221879142169293	0.11793883631663543	0.9997471991573318	0.39785436464812884
-1.4892021397243955	-0.8541259088308645	-1.5203558578010286	-0.4903956280168401	-1.005130367027802	-0.9974966110283194	-0.48282099402713224	0.32983150792073207	-1.2167749587298111	-0.39639144337592835	0.33289369971389393	0.7326150847196293	1.7484669219089504	-1.401718197965094
0.4990675671105768	1.3158918604186118	1.5384068784029696	0.6158744747747038	0.4740879639187884	0.3200651846420889	-0.6737996358740251	1.0074445136006969	1.1061964010129233	-0.532480434114942	-0.40383827136844225	-1.1169677043068726	-0.532627438956137	0.8179506400494211
0.14191559183308292	0.7701645963600005	0.47293732594006543	-0.6289917822065036	-0.8078936772492208	0.01113236148180282	0.0527924191272886	1.822676128298856	0.3006894044873171	-1.0394651021155585	-0.9257176809106955	0.034848339996237564	-1.3247804852460858	-0.05848498357009581
-0.6249416553815345	-0.7269351096963192	0.0842954811403579	-0.11887761072916114	-1.1714201048529718	-1.0878486339587645	0.058289340772747056	0.404338231608078	1.1825541918136928	0.9814314339384498	-0.37588082813181006	-0.7046822229711419	-0.904102942652903	-0.7887174601305855
1.6637127722358596	0.06462426664322884	0.35978438425335124	1.992097473472812	-0.09441963723467106	1.154128217032587	1.0430188222365078	-1.8011928053754984	-1.5090632672158548	0.5038436391575595	-1.922019526531627	0.43898949436382867	1.4216354884506568	0.8610128521783966
2.1111689721393274	0.886618137295204	2.9545614167140037	1.9092538323178836	1.7804447852342147	2.610010666193247	0.2586709742067338	-1.674024953644507	1.7068094146270059	-0.30745496740680756	-0.18458041468590697	0.8134501880595566	-0.1687400782661834	1.9247811251351448
1.514208713414376	1.494266046444254	1.2701448622600247	0.6701676595943007	1.2712906694742467	1.6987100050335118	-0.10543094998818957	0.28037955747532156	-0.5032964019017693	-1.494809237947518	-0.11118148719880834	0.13089065748664433	-0.7167259170454643	1.469383495368154
-0.3656303485156275	0.8743556301446933	0.3934139384515546	0.4111293511099701	1.3559118312681964	0.37199838953608627	-1.5683180345466237	0.49586531625710184	-0.26888196204785464	-0.6122930932960406	1.298571244165535	-0.6299155718030068	0.12645833371740708	0.5515447736469508
-2.963877827366699	-1.6594455868635714	-0.5613267925210955	-0.7128280390043166	-2.248863472880565	-0.6033309605575352	-2.563882580307346	-0.6129203722395709	0.8673455027020145	-0.207066908740987	-1.3811216186614992	1.7170441615641587	1.6400861138035243	-1.6197105862805337
0.22970884834680794	0.7531309388812681	0.49006923220419196	1.7462630016123577	1.161529519707849	1.6318159602544018	-1.7109216812183738	-0.7650944219121195	-1.245520826885761	0.5547362669893824	-0.08451058049642325	0.3304578763610818	-0.1131644816324107	1.234820488355022
-1.3689202410122059	1.121006446432086	1.4310467121682968	0.28593992148581593	-0.08786896597069471	-0.8105062974587584	-2.3800609758190583	2.051146533603504	2.341899946592342	0.29520141645698	0.03088850457113448	-1.620668348631369	-0.4632969893623363	-0.017022075857549314
-1.2062109559015717	-0.23858272512057066	-0.3264044071042744	-0.363282774062048	-0.2474042453168892	-1.0500001839496578	-0.8647320922619366	1.023499706816689	0.6577558902810902	0.45276572363851353	1.0036869940025892	-0.7795669888840702	-0.4529548990840425	-0.7620915693937754
1.6265285570086692	2.272311337224786	0.6108617397088086	2.1104085283814986	1.6554214521495705	2.4606831754811007	0.1811575632151075	1.218653236249485	-1.468423052338438	0.551147347846954	0.20026641860364272	1.4384352133019047	0.5630942008736252	1.4285005553003702
-0.2105027266561097	1.126937964957213	1.3709870281971352	2.6390187840267574	1.4474912154153978	1.6065530976600026	-2.4410198885150782	-0.4985535215732406	-0.6970751323758848	0.354033177214568	0.3702699090852002	1.0660181284573063	1.9372926454301307	1.0386115488151313
0.3318006905256436	-1.1807837260395389	-0.38044386377134704	1.8023158607847856	-0.5167112218635139	0.2343019573773639	0.8102306846395976	-1.7509785760321028	-0.33561513053404224	2.8201715841368533	-0.6338083956106805	0.519378446376983	0.5748930894460746	-0.24517519830949216
0.9318670192428374	-0.33527948253807677	0.7614572810238869	0.5856688928776785	-0.7729952385014005	0.7997861473350204	1.177784064104211	-0.7288419698223297	0.9525392268757675	0.45639460020204203	-1.4603608301693272	0.737499774865025	-0.3303855897807516	0.16810281731147142
-0.19304363541181285	-0.7278710478560965	-0.1887031286107072	-0.662050578035962	-0.5476779432494895	-1.2523913394216688	0.5973908305232344	-0.3233289025137999	0.6584869231402195	-0.5923602580326611	-0.01692599205516372	-1.3330978802443803	0.480197998462586	-0.6299133060403337
1.0931872215106466	1.4467529715711507	-0.11717675923801257	0.991465128732566	-0.03802402093232604	0.6712399155933153	1.0200279036925122	1.6652983555956589	-0.9722777468808315	0.5719612786818574	-0.8093649570718036	0.012090779066031107	-0.08573001748557642	0.46471996171087077
0.5887072490920893	1.224027064203799	0.86237635182291	-0.5293371359511951	0.22400982233913286	0.491366885694606	0.10418875795939479	1.6929120205125028	0.4905723003540488	-1.6711523163720818	-0.016758084264440323	-0.03755542450755645	-0.9313509697383506	0.39455004584396747
-2.0804823548528937	-1.7785600493692941	-1.8246034022934696	-1.3202150533418227	-1.5704288523406695	-1.1500935557239398	-0.9948235583045607	-0.5021133408635078	-0.5127962803968741	-0.08510211721234538	-0.15411006893146972	0.31506001273696005	0.2723334588060393	-1.5317587366123973
1.4564620319975794	0.9314919672967021	2.340590789096926	0.7646299946299548	1.5225440299313227	1.2066819407818454	0.6143369735536263	0.06123561120092626	2.135149106119111	-0.5905928622184683	1.0378790722298683	0.05459676940278387	-0.5362208375855831	1.001994768093263
0.0040813519908354245	-0.32030421647232554	1.2904590997409187	-0.31215357154053286	-0.09537507587763588	0.7267259368969827	-0.5647204816964346	0.024250947115290255	0.3268025042138615	-0.7382454312998522	-0.07512528874836341	1.2308465100531671	-2.2195885552359766	0.10906292630569563
1.5611895340877329	1.0080243788888157	0.9186991967683404	0.7796502119035577	1.4116214467383015	0.6361886382485584	2.1648031015408478	1.1948797864611578	1.1231261340483942	0.3964682034389583	1.8815807501501542	0.51926532126515	0.6365102437032241	0.16379445827147632
-0.0420889612842385	-0.523844960266659	0.45913909549813803	1.5483438386408817	0.08340729324900995	0.7901089362051268	-0.6587681959785446	-1.3655990472553712	0.2155492148137017	1.7511828163059324	-0.3536963111355151	0.44495742998362525	-0.14921143906801768	0.32535675590016727
0.006509242322406572	-0.9679509210792688	0.41772513937921213	0.17622936185476454	-0.8501603234296287	0.1703710657701175	-0.8360256083540423	-1.826967995968457	-0.32971558288526187	-0.40640140728646473	-1.707596379590313	-0.4489351459886687	-1.1390921459889982	0.35604830569960505
1.7796282373013141	0.3268266949870119	1.3837613578861656	2.0051085705000853	0.9356496501193556	0.5005614973926706	0.7254871294375583	-1.1008798745825465	-0.06873047195748339	1.2271150684780276	-0.14897588767366163	-1.3276754295277875	-1.06148170230092	1.1996509601967238
2.144279862572481	2.38821079771289	1.7061677518922667	2.2197507646817094	3.030477584416275	0.8634400001205665	1.0088199828704105	1.4011182612433413	0.33710578030955474	0.7677723550360122	2.4734014692753745	-1.3492046895720713	0.32161218175491224	1.4832174046159028
1.7276062738821265	0.68213353294299	2.1103941827827875	0.7395761742276007	0.6115278069834534	0.36663452349294173	1.2195188452581642	0.21628187874644395	1.527728050724052	-0.22669177105543356	-0.028586116847007143	-0.8326241135026866	-1.3592914600100123	0.8242226976971261
0.5905801986729408	1.0292065956732344	0.8126104753467227	-0.3020333236419369	0.51646618575409	0.5876867118362379	0.4222039638816041	1.5806257479862824	0.7965780818557945	-1.0425168122076574	0.7047982113193527	0.35275288646774955	-0.7325430608132544	0.22733975904411577
1.9105413976613885	1.2759041874874129	2.1117344162864327	1.5652402789257427	2.4998346562776153	1.754366342897606	-0.5842388430757802	-1.660704528086833	-0.18963221616852613	-1.5382885505871102	0.3820603261121449	-1.048997098865552	0.3737692262553255	2.1975730590884477
0.66113847459802	0.5262310164818188	2.821755496531419	0.8068842170416488	1.9208085504006025	1.963626145971424	-1.1624397678730525	-0.8602992779331062	2.3713872797350213	-0.8331911815692481	1.4217799215470794	1.0263688247677822	-0.9256797421734027	1.2275465316763632
0.09174459225900361	-0.4436597982447389	-0.24578189437286546	1.3446471533314739	-0.5216974491467472	0.19806420989077117	-0.40414596559248017	-1.3967426552823836	-1.0629268810295618	1.0179326679346419	-1.4758120399208683	-0.18144940264898285	0.9877931904002981	0.19682715684463162
1.9416910337851694	0.8925753077487972	1.5632761417180867	1.7710833776451413	0.7698031459940112	1.8239128523956605	0.041332923096586725	-1.1478913147604868	-0.6866053895481223	-0.1375382095710244	-1.4038133612292254	-0.1085503714700689	-0.9898477755157923	1.7792796517082476
2.6519330587160344	2.1215387788774596	1.2973511650564418	1.3603366899421037	3.0364459827216432	0.885158625639896	2.2715797447445962	1.281500928002111	-0.09988235588694293	-0.5731647311543683	2.8627397313233547	-0.6119225185619356	1.0226966448735568	1.1480988931014815
0.42739603739513	-0.29341247528099945	-0.40875892283962056	0.6535024245899336	-0.12732531088807358	-0.43797532265922523	0.9164462935050147	-0.4746480347476592	-0.9009583566221967	0.13729125470674772	-0.037731151118966265	-0.2552661569984871	1.4758067061823805	-0.30378499566888006
0.9954268338868889	1.4605775129861165	-0.25257032948732216	0.6093185832473927	0.49204176225799745	1.9045940769906853	-0.039653487078712885	0.9551446998551077	-2.0603908058537987	-0.8156688120717009	-0.6615495132672	1.264310200950603	-0.3549077755872422	0.9584722481905001
1.6387677909609002	0.48866060839309067	2.32024163155678	1.2480997944770869	1.3029392988282806	1.7332917812805997	0.34177388699495714	-1.199956201017769	1.507212587933682	-0.3224100080437651	0.14328634999347906	0.39451441230481066	-0.6341951987925598	1.335473368762264
0.36767453931481664	-0.9686475956484901	0.5626472733182947	-0.17404744954700896	0.011168391004876876	0.2680196687359134	0.806629411773552	-0.5841668687231812	0.6276732985702836	0.14837458028868833	0.8599806748803862	0.9533464670076486	-1.5666286175686064	-0.30482175090086006
-0.8021247812724307	-1.7099212466977072	-1.7120884782817947	-0.3810980479713584	-0.8055563877950824	-1.0975554017961404	0.2896603491404457	-0.6318693803483281	-1.357541037962744	1.1152341231411338	0.8138057066103747	-0.12730977135986335	-1.0544062580042612	-1.119918366887858
-2.5886570918282192	-2.2258453923365815	-1.7707913135040845	-1.4352568344132979	-0.7389033334290146	-1.2543801808299713	-2.5149697658311685	-1.9134225511038507	-1.114009791961604	-0.9327148980448813	0.5649784999509005	-0.576355570883781	0.1435843483575054	-1.106508731345772
-0.570181052922502	-0.5391332644451245	-0.038639295454943545	1.1147383944662654	0.64362332096262	-0.28923751040041656	-1.2670189983415163	-0.992911027417436	-0.3218223660847127	1.4110061687475162	0.9757796115052529	-1.0083339703243404	-0.35976965575247843	0.1285672831558327
0.8200755344685073	-0.24344195532480584	0.7408034577696352	-0.40002450555237756	0.0627420972482248	1.1566911136744937	0.9928186064833395	-0.4350645763494716	0.9014133569043037	-1.0756888564493905	0.06469945068007968	1.4266585924950945	-0.5778651426365358	0.13316981901218428
1.037957782564942	0.8107369325277383	-0.4276041704496124	0.35967058109429667	-0.2794172677248401	0.9487578992377004	1.3783013662583534	1.0833698783733297	-1.0292964406597693	-0.004419649370290879	-0.7336743916403761	0.9396906133240058	-0.12951842086832002	0.18661868967740453
-0.7264042900435216	-0.3039726926775197	-0.2551279985280731	-0.9445746077194688	-0.9393573953551323	-0.0886510246072284	-0.28013947654766286	0.6583898192897127	0.5645393824412867	-0.7639828564774428	-0.403629798806497	0.5808740911216906	-0.38078077936142024	-0.6228504283790632
-0.19149528351404344	-0.7641579455552976	-0.5096497132541075	0.05748078810648005	-0.7511195615951299	-1.1077513648499833	0.7794184691490627	-0.17798940323853255	0.28620399179395994	0.8546756012320608	-0.15610809630859104	-1.0342406992564537	0.13949899250005915	-0.6852641021121898
0.5766231515841727	0.2696564287384539	-1.0498218274416071	-0.5970227616288555	-1.1700971959892348	0.12517608115750567	1.5345735468424238	1.0105920380477635	-1.1188442447590283	-0.7835613855571324	-1.3875377742902961	0.5503618015650151	0.29771908760322807	-0.3962426116108498
-0.3418601096130097	-0.7950413194827107	-0.1068355136133018	0.05937751735105838	-0.28071144641705215	-0.5605279420518101	-0.42307112666038976	-1.2130845257407117	0.01699205780499765	-0.1782953819852111	-0.347791311406917	-0.9340315863601193	0.5282715176443857	-0.1728449075671609
-0.9384452098434733	0.8119462867703393	-0.7539470639486261	-1.1608996100807043	-1.2603769502838882	-0.6248232251525807	-0.6539243927078933	2.1574751224635786	-0.4597358281968405	-1.7160030522450154	-1.2401631752430364	-0.0705491046113042	1.0216954076723608	-0.68687786824228
0.6357369916900859	-0.22826831930353875	0.08329458434969605	0.5174687924654175	0.2511561537623176	-0.9673553449233395	1.3082299853476929	-0.1131473128696705	0.3964796481857735	0.79628377721148	0.6858922374600906	-1.6875409322115504	-0.02814168089617957	-0.15475159540250055
-0.5646926019658469	0.597007691640635	-1.0949330305616103	-0.781288651363546	-0.6363354227502016	-1.0107826049924458	-0.5471961980339755	1.7998930381658549	-1.4177525074927013	-0.8963553736528213	-0.27437865216737256	-1.3681976221970573	-0.7013463388900143	-0.342658863480875
0.2580345198931902	0.7182362594488702	-0.5574562522936641	-0.18286818417200618	-0.7309212543387688	0.7744088591791385	0.16603748507793914	1.0765899922236009	-1.1421607389627424	-0.7665232746878895	-1.339316356256289	0.7698937855999466	-0.2264913178052154	0.11758052767575271
-0.1878804259825559	-0.04698734929770182	-0.261261633544483	0.09057616701316513	0.0912478593459129	-0.20416174690400632	-0.5055367363146342	0.4820125144877217	-0.9797163801126576	0.16547533340003043	0.5775702359887	-0.303203747995681	-1.387806998230283	-0.05863345834427826
0.9192929162043558	0.41633116275721904	0.5552118358442157	0.7753346839892791	-0.541840506925212	-0.05332889611973479	1.040751852293815	0.1291882418639715	0.41046066284107613	0.24523008689476267	-1.4384470566356993	-0.6092941234788536	0.8171531215417399	0.17538759333048815
1.7699356761512366	1.5835169505930549	2.7318570919354355	3.0349926289650235	2.450146133208617	2.1265945181076895	-0.9667993321653973	-1.282136718469502	0.6801587475530639	0.7981607014289603	0.16254894745181475	-0.646426966368965	0.1762496198547334	2.3175490577038094
-0.5056244607836112	-1.8677238542430243	-1.426778928792798	-1.9371390532037127	-0.4900953219912241	-0.6788831246056568	0.8497238903339475	-1.5506659933175548	-0.8782647736673155	-2.344064693682918	0.8267385694694723	0.6852176583463283	1.1614536781214637	-1.1696149938767841
-0.3240571657279699	-0.740703729713275	0.34189783974832777	1.2073222598371185	-1.0508867990804964	-0.7526099344304323	0.20075004473964914	-0.8034268929977418	0.29194046050303035	0.5559031574206345	-0.9368743832859935	0.008540371311231375	2.0417216956395525	-0.6669919330425405
-0.9911820997600105	-1.2042400173836678	-1.9231910473068665	-0.8129600548831453	-1.685737405589144	-0.969926548318838	0.30964216978947035	-0.05266940157690979	-1.193212795172644	0.25721227020197335	-0.8545526636695754	0.08699968928442746	0.22273653112750538	-1.217185682663023
-0.32081952387884244	1.1355785901283404	0.5966825804977474	-0.2997672569991759	-0.6976852561876832	-0.29009926958488547	-0.01383796922703319	2.319514235043648	1.4373332317747625	-0.6177086871177487	-0.6904650596284212	0.06586310629868268	0.9495141395481245	-0.44603277880747316
1.9543106455477257	0.4923668859572669	0.8767316015235971	0.5671365316132297	-0.1551878279916754	2.9678784091045003	1.8949293709138255	-0.5496175501175969	0.15090874905989818	-0.7683011185349804	-1.628156741997665	3.3303816164044364	0.2349628699612714	0.7751448420355708
-3.0018114967483607	-2.4981006648589914	-3.0223328981665185	-2.3059925248589677	-2.2684684948307363	-2.3656074935983424	-1.2930274558572001	-0.5103140043630403	-1.3143735934983336	-0.6289077509747412	-0.10880076825117155	-0.30971975951332487	0.7025280248959215	-2.3324178672203515
-0.10697414612225886	0.40530443211436895	-0.007461086928200356	1.7358410334672452	1.0197663962596382	0.11900204463628627	-1.4055243274021068	-0.5863124053679327	-1.1911678557565601	1.2422592256109601	0.44581813170205814	-1.1758327657354197	0.5271800653611407	0.6516558622629004
-0.9666739951486274	1.487233388596749	0.6082543593325367	0.9318940349695936	1.5078397319729797	1.2544882943895923	-2.828197445376463	1.2462400717250248	-0.14439858452152052	-0.03372129461423203	1.282672428188396	0.6554694330549838	0.33561988435770584	0.672365368690193
-0.04183137582302471	-1.1035999247803696	-1.0221987058348352	-0.3043447225085879	-0.30528135792029687	0.7656564410209742	0.47753153420678646	-1.307467472864765	-1.0975029847473954	-0.3297341726895782	0.0251467378597807	1.604974029337434	0.33534086610344743	-0.38618761428220005
1.1084614915097606	-0.2560615967863482	1.2970145655705954	0.960587399750483	0.0861593973147648	-0.1796557125153454	1.1548927760419718	-1.0717245750896447	1.4907634090952562	0.6218318977088739	-0.5013775400826261	-1.301049137845758	-0.07264025289008033	0.40150119884545465
-1.3841108368383956	-1.9164379983460809	-0.4503518186646708	-1.0247489886238845	-0.7694954788598869	-1.720270289108945	-0.5105900960228514	-0.6837462138388047	0.755303574675858	0.27665758819683667	1.1140944595141204	-0.8793762146930701	-1.3064555164362786	-1.2448991667555422
0.29031070548875426	-0.07042153082556085	-1.1200764829275718	0.03616703083895079	0.8249816823213962	-0.09044133334755422	0.221598901540253	-0.27242143948889636	-2.086848588948468	-0.4325115641407592	1.2196584524104819	-0.6901749191936418	-0.16708821595697548	0.12644897605917205
-1.2657886719790064	-0.5681310043611429	-1.008867284839127	-1.416688236864883	-0.5137935068419393	-0.33700668684971846	-0.9970125710424147	0.37115586616385626	-0.5100326131384368	-1.392802994699647	0.45972202775883536	0.33088214979735153	-0.330592580942642	-0.7247060078709283
0.9432988720680466	1.5656420141028893	1.5288550585893017	3.0521798101724142	1.038854649206694	1.286475549550497	-0.5446499833662731	0.22700149327857647	-0.3502897912139866	1.2175105144053417	-0.3586034711682063	0.4642831724123717	1.8408725054641668	1.06126661704291
-0.12940544020350375	-0.5308993300412244	0.5868433427024446	0.12023665882752932	-2.2828021969741954	-1.1338688559944166	1.5170552554210128	0.7092074337335692	2.4882181766325	1.0812755088345691	-2.119536694486561	-0.01118178636999613	1.2082945256187947	-1.198082695405125
1.7872279487267648	1.508512822577487	0.2963645598639906	2.438682138846217	0.8549268410071773	0.35255064946458725	1.0718906972010647	0.5550595490262231	-1.3914146330450894	1.677467552106601	-0.5179588264675166	-1.4098328997692573	0.6693553443102835	1.0416060242996965
-0.33436781624623696	-1.005635641300853	-0.7551968306859527	-0.6860510618087624	-1.2210604623368249	-0.7595303410138696	0.7460170268521796	-0.5452934816965733	-0.3074596279354828	-0.8856791095625964	-0.7694251200588403	0.26701061942769116	1.3880836063069906	-0.9560762735443071
0.964299395950925	0.8856967016874608	0.04787122227085272	0.6563550533735752	0.5105259144535571	0.9709806663640194	0.6703393918157331	0.5357590108950027	-0.8172548290487013	-0.1839581653448446	-0.08932409827868933	0.3997337982747994	0.15371381380703228	0.5334985323890529
0.06964447705110877	-0.030733545808373286	0.7592950692541214	0.8692295837948241	0.5204173995988648	0.5790967481452256	-0.9271291388862007	-0.9557672734981859	0.2722377827935187	0.20343532144026968	-0.0377598900624633	-0.3376039057243608	-0.21842042456862198	0.5864109032042627
-2.016352415216085	-1.69800909342245	-1.0775069762588467	-1.105962089780803	-3.0032742695179326	-2.0775411872310268	-0.21885989774755749	0.28474191213682015	1.4016553720215812	0.8971982096030363	-1.8854209553070678	-0.49415992942775344	0.4579261819686616	-1.9604394770982745
-0.24863768349549792	-0.34166828159980867	-0.6720643035995941	-0.14590669381200017	0.6177822326778629	-0.4605670770530471	-0.8693030819441705	-0.5555804539673586	-1.5966263069067825	-0.6479543772219072	1.0147327026465973	-1.2537547712753447	-0.8119289038737367	0.15406577155535384
-1.720975774600889	-3.961888673099091	-3.029211683580354	-2.4440829821756656	-2.3813631862128153	-2.612040207661807	0.9589444078432948	-2.41312704909484	-1.186998659731874	-0.2681000507539411	0.20862594007959917	-0.640114578455385	-0.6113054393391544	-2.391751355774357
0.10610891678903087	0.15593058811587146	0.19356753865712956	0.2302636759994992	-0.9560272233594491	1.8748147107575512	-0.23572284910464145	-0.18175898758544087	-0.035863001306850474	-0.436093346448732	-2.029034214042846	2.546268408268998	0.4777111267552808	0.16944375531607983
0.6218211631116154	0.4355275086287818	2.0380849276058264	0.8889750223872857	1.2263687140235067	0.4947275986273663	-0.1396607346943313	0.47055393998111744	1.536753724596483	0.5849385266207567	1.5331372853465242	0.045300769138498495	-1.7503750223105314	0.5032701491022177
-1.5869629395098257	-2.2163281737106404	-0.2058629792665077	-1.5270920683335787	-2.084022596886426	-1.8571529468482137	-0.4227563267309653	-0.29914041176410444	0.4874768879819039	0.044024337329766426	-0.6069012004365568	-0.24667295927999433	-2.318239534351656	-1.5731960197818466
1.4547685554934207	2.556537029917105	1.9252541871601068	1.5447200479109302	1.7543129459982358	1.5338667786991425	0.23717794602345807	1.852137543360319	0.456547300971384	-0.9942751043169417	0.726221410989422	0.7117615047854476	1.631528397072656	1.1189488244863823
-0.1065342506322356	1.1825449794857954	-0.4421587177344585	-0.010557302230645896	-0.7878239491498574	0.11927415455199748	-0.08728907889766124	2.3185093611430174	-0.5886134757508177	-0.02910016656957395	-0.9695415649393267	0.10187292766593903	-0.42078771960763917	-0.12440309327848728
0.09088230952358212	0.3206599886702839	0.14087165293417808	0.35892380636035615	0.5974589236032279	0.40475928962870744	-0.7956055523936686	-0.05084401295042155	-0.6774755121951201	-0.3714426215031462	0.39814107922401293	-0.3871542236816111	-0.6094831314867145	0.47306302273787976
-0.5111338212716001	0.49706185979139034	0.28120903518497126	0.4178675252498042	0.8172205305806681	1.3161225522011142	-2.0657368842520842	-0.4576451082772856	-0.7661136357381457	-1.0689661425834283	0.10453053911316475	0.9476616654395276	0.8100668627094563	0.6096355522158704
-1.518236381234777	-1.0615870230161053	-0.9569193485498177	-0.9081233210225146	-1.2908609201892687	-1.319161706642086	-0.7556485133778358	0.8435467431371643	-0.32740408000149224	0.5065555453185275	0.27131961736848853	-0.1093431718314486	-1.5703117740445294	-1.253652714089498
-0.0340056582967031	0.40648009900818577	0.06020532960859215	1.0754798827537289	0.13268014649513013	0.6749164084900106	-1.300720480599326	0.17976728274405432	-1.4850521631775062	0.7523224608951394	-0.4077531049335885	0.10398289302263403	-1.3743224084363697	0.5734842110490271
1.0805810896092296	1.6009661157701716	1.1282873500742336	1.6191698873899831	0.8777939809922377	0.6003083280397763	-0.3648870447578036	1.0052557729824416	-0.33234759165472183	0.6043533357195624	-0.2362333692827376	-1.1680858249453734	-0.8781931161603591	1.1734512752127784
1.4539747075798506	1.3858158763183406	1.7279305948987729	2.4362647097435075	2.2184509219472974	2.162631039688555	-0.672864205393371	0.08363912402749374	-0.7888784674659651	1.2231530086019284	1.2573556889940938	0.8547141525667651	-1.6396556656113004	1.6635635350241045
-0.4656928593023273	0.11443310262319548	-1.2558382444755172	-0.0038866146938070917	-0.2252251223151684	0.35957851744754443	-0.31019562974297504	0.5711360407909111	-1.6818013263405245	-0.14438160067505101	0.043528558351168464	1.0706110915571572	0.8968064589957467	-0.40760981365050053
1.5616760710127158	1.3166956705706996	2.055749137668771	2.1529465697940724	0.9558144973379226	2.400534274707832	0.4500405449766286	0.3454440103213234	1.3249360223549618	1.3699061876886314	-0.2630220134324279	1.6920609438519554	-0.5033899039702573	1.210107245171957
-0.3834978086747989	0.6209506735357633	0.2484117387729995	-0.5934780271775765	-1.1958188473512665	0.10833977847305215	0.1525912123764139	2.0255572395569463	1.2641624748548372	-0.34715628838799467	-1.004193728056595	0.7482541970593857	-0.319444702400661	-0.5304947297182723
0.8113712204739237	2.003283408197056	0.45352131000700124	1.1059358762008293	2.117861844597177	2.3600039396088603	-0.8807588623938766	0.919174072196069	-1.8875469181986628	-1.524916262007631	1.265477124488749	1.9634326782883291	1.4598710747980284	1.1598047499198088
0.9533437414587849	-0.03052727941423128	1.290242128812421	0.9526457255348738	0.6177720371859656	0.32080332663449584	0.7656830888430292	-0.983261426157213	1.203851669607367	0.05844214939233362	0.1565743623989394	-0.21926238958562774	1.0408398596992667	0.3512616043402431
0.2708733150129729	0.8935519187269553	0.5717908146590855	0.2503160442023804	0.5491215659979352	0.093133625840356	-0.40450797230174945	1.1416291941880483	0.04560464449328174	-0.3637823984338331	0.5300616013969406	-0.6987961368085107	-0.8889809677403614	0.38637059576219857
-0.47045164028587305	-0.1161315061533324	-0.17700123714917418	-0.015073851053101772	-0.16099396269989866	-0.6450300035406389	-0.8613097498085239	-0.3985249843327292	-0.5564342857149017	-0.8977660671916812	-0.39469038026008363	-1.0343846486936246	1.147594973086812	-0.10653551017105731
0.2131467007930613	1.2739086683459377	0.7396020792087232	1.575719101472294	0.28413201851033465	1.0215739175522052	-1.635079337913319	0.42263841389982815	-0.7036214719290199	0.5595990087747321	-1.2330024918511462	-0.4532952241027034	-0.4783898567546944	1.1160035913569797
1.3162255661030995	1.2016459901737906	1.6612079214196163	0.7642093468492915	1.8417164573577298	1.197951158968182	-0.14782213949443135	0.3669759670791218	0.1492584636584252	-0.8836302769753888	1.324249561174637	-0.16154422905490973	-1.2891232954973277	1.239285069025783
-2.196840900689234	-2.278095166700731	-1.0333759709277732	-1.8943964823335624	-1.262124340786174	-1.6721612530886558	-1.0390786317627532	-1.0425921647317655	0.9485039804043598	-0.7431211288953704	0.6501985255509265	-0.42800544895548465	-0.20732421382023497	-1.6110750250976247
-1.6352061805606493	-0.41836674896083936	-1.0721116227453837	0.15842720215283868	-0.25182730975014744	-1.1354338029734414	-1.3835371618794678	0.5363435551831088	-0.5653418795926125	0.90423759577702	0.8723048075707827	-0.48388155934276755	1.0350999302975488	-0.9471928681302144
0.6461643970935853	-0.2580110234283589	-0.0461348541444383	0.006002639428996204	-0.32791279748354085	0.28861475219792404	0.49970855226878563	-0.4092938740587339	-0.7918732436295747	-0.4397311810380155	-0.5896344644639695	-0.01485698393460678	-1.0675200015094306	0.20106930130876752
-1.3404055391560388	-2.0437294102543935	-0.3234117424369847	-1.2727781112970702	-1.81425965457041	-1.5409936807400026	0.22101843795993698	-0.4867707109704707	1.897375302392153	0.38105908009219164	-0.13222588406457486	-0.1481097585727403	-0.8035145948546847	-1.590964064701174
-0.0810629467489023	0.32569482192641486	-0.1793389108049524	-0.8799728595721485	0.544828309305598	-0.18825702409842987	0.2710340649727792	1.0823651558811762	0.15605003667463782	-1.267261357894424	1.447075933904329	-0.1701714682825723	-0.2097722831745256	-0.2817698149673858
-1.0481303744022195	-1.5848492372906984	-2.0381080009831964	-0.43550962671123816	-1.5310062181814363	-1.5360126753684271	0.5524967461644201	-0.34596643131451144	-1.0562462987172785	1.2316722857929079	-0.2559941216437298	-0.5397137158733035	0.16155386876814123	-1.40958015225562
-0.19519220087942019	0.16517227254353795	-0.2294973917720246	0.7819177993933628	-0.40399420016378834	-0.7135036278149288	-0.41756575555188663	0.18275115224572408	-0.461517128175764	0.8770240498169165	-0.7658554204608565	-1.6006314062012188	0.04233580030042602	0.047054421136018286
-0.5500842267659434	1.1654677854446984	0.13229596501201812	0.08295733942113781	0.007973267554293811	0.23792164849871283	-0.9013295381501358	1.9254732394896863	0.28682999858482133	-0.26345458629654384	0.003522451123526352	0.25785663917009033	0.5084036034648063	-0.09149687894207469
0.15554939182008978	0.9413096970439538	-0.06440184220726525	0.5921231284087143	0.7961571649504251	1.6689521050235268	-0.4036586600108797	0.8120078528939482	-0.8481178524224067	-0.31480652025610595	0.6155096762396493	2.1470600720679083	0.9492431632122723	0.2642563526651306
-0.48667290409898145	-0.8316224334484161	0.5443878623367779	-0.25812716874206854	-0.08248679538804948	0.6676999457339519	-0.3818914462559728	-0.8093312246018566	1.388262180911102	-0.19522280301118727	0.4385274452898988	1.2875498153038676	-0.23298790057346447	-0.29942611857260937
0.6296211386933585	0.6600609807240634	-0.16365234498187414	-0.6643560336069435	0.7306318832355589	-0.637591557280992	1.1672125767567765	1.5295539964342346	-0.10517694635908009	-1.0489984368356744	1.6395683165616106	-1.095412931420497	-0.5176572113684725	-0.1541399748627828
-1.9630813551850221	-0.8401803208675853	-0.15172908055389348	0.44275096368070094	-0.0440151896469394	-0.5980321616394182	-2.795361473811199	-0.9407561372544353	0.28279800381293313	0.8406783147055332	0.3886153531499384	-0.7322659075042558	0.35305178338491405	-0.34633699519190697
0.8376349140199513	-0.20599692729669758	1.438628129070312	0.510789609607291	0.7476764863428531	0.6377403292996614	0.5951540816193552	-0.60538534654776	1.5189794093809876	0.14385258251396074	0.9386608291289192	0.29033542161115417	-0.9491483754429032	0.34706395572053905
0.13581081933143468	-0.023652655921455157	-0.4057174189202511	1.1772861252984625	-0.21442438941744157	0.5913042715695968	-0.37478422671268996	-0.6428347384459847	-1.2440272196364452	1.0228329511373395	-0.9606880279523403	0.0917217469866065	0.12151138910476839	0.337745909325182
0.8933069202274608	0.7749958123592896	1.4245665529579217	-0.16139369995576947	1.3305303680087441	1.779205260282216	-0.4463110155387413	-0.11101139728003294	0.3670501718072667	-2.114502706851597	0.7712026985408733	1.0529643101069648	-0.936547596054952	1.0289121699382997
-1.5558359277851617	-0.7307087393486023	-0.6247214758043736	0.08932616191073985	0.2725777372609598	-1.102169033690124	-1.623627956505431	-0.40311149594956985	-0.3536381206583272	0.17856412014130874	1.3798854605716138	-0.6815257482025581	1.294679930442071	-0.7477778278672745
0.17329262242801663	0.30776950028240513	-0.26176329424019673	-0.10553779740880581	-1.0524698278189868	-0.6657794524393567	0.1394809563197912	0.26327745631922156	-0.6820730544894233	-0.9916607272906389	-1.9527263315980703	-1.2132718014768626	0.9882494852152175	-0.04784687055217126
-0.6421294356278299	0.40379311995044337	0.7309602166503077	0.2724892380359033	0.24922806652531382	-0.41281187441468353	-1.6297363275629522	0.44789034733354716	0.7025794003036683	-0.1478956731028654	0.18072126651460943	-1.3820678349884703	-0.5591356497583104	0.24688604150197718
1.274633815478048	0.6776933486556402	1.217318288395823	1.714773975613113	0.7835858673727686	0.5190331090348644	0.7671719505656398	-0.3853378510881027	0.3785993468400928	0.5442866263876054	-0.09421276127266902	-0.29896871947426995	1.3101315355646435	0.6468697521955732
0.521293260242233	-0.4418740276752928	-0.9998306814657789	0.688653145245679	-0.5065983085870899	-0.5694038770580102	1.4056702888298651	0.3207391638828471	-1.1909888301961036	1.7669274653597413	0.17236604156178548	-0.3999066365114835	-0.9125865330252947	-0.45180021939994225
-0.7609845115038388	-0.9718716388395336	-1.8580417248992203	-1.255965745748162	-1.4820372987508703	-0.22984938704707236	1.1837810049135997	0.7833830196741706	-0.6171190062532703	-0.1100503531180387	-0.05237806451625929	1.9680376119459868	0.6437207273982748	-1.570645596123691
-1.1530325669014203	-1.3124324684695856	-0.657858086768986	-0.1470781309129574	-0.5944780125069806	-1.3272337159801673	-0.6062993942320593	-0.8990270930724052	0.27469753487214044	0.6687734342330687	0.30287258076731144	-1.0696274479130794	0.4587929051089415	-0.8647747936479308
0.09621046306573022	0.8040126109875272	0.566625193916309	0.882733022914926	0.2949510614277349	0.5965954545566667	-0.09887804878060116	1.0367796022445785	0.7207621869247671	0.7591107764574124	0.20044836200085506	0.6188077191336242	0.6054284620173477	0.06085915723731053
0.06659013639629342	-0.7163027808870613	0.13740713240104063	0.31453403362408905	-0.03542456568882607	0.19968335878322271	0.03594887799800671	-1.269473936175942	0.17254872695628254	0.11461538432565985	-0.13466413326460402	-0.05511391493998165	0.06127277603978551	0.03312702561054677
1.2702398067911738	0.6443920754485579	1.6770211676914952	1.7197998248586366	1.3277207678405054	1.3285149996499337	-0.1710737101188288	-1.3172541304719747	0.4021551766002934	-0.10048221505437681	-0.12477675165704187	-0.02081073809707333	1.0048935927479006	1.2337658351821625
2.0635241435279834	1.3101738082696424	1.240435329292768	1.0796674608897368	1.9509579286897825	1.2425164265808593	1.29640657728502	0.7319973786680591	-0.3319368120779557	-0.16642660501059364	1.6976293562374543	0.09731656674922834	-1.2587240196670062	1.1227201850022082
1.776878841049606	1.7041077692605604	0.9382409915627765	1.6660443654528323	1.523225204869278	1.8825638048274826	0.9642040667315623	1.6092237641918343	-0.8082967806709569	0.9927474290501245	1.1649406586363389	1.3832552849961341	-1.416566655793493	1.0218868419041585
0.5989083742326277	-0.22451680844748004	1.4187004393311735	-0.6872717386577775	0.6299727134943355	-0.3785921394936726	1.1496983169026118	0.26456227776023317	2.481114853498605	-0.9320717290488864	1.6560593934265935	-0.4953705109285524	-0.8477494246625197	-0.21370429017111597
1.3162194088859542	0.3342323490322561	-0.1912572040145879	0.7935429210408668	0.12259772135415975	1.0056972083393765	1.3824239383223176	-0.2665196351532467	-1.0727685299385452	0.14941839003556565	-0.6177981998444422	0.6327535099806199	0.29677864501565004	0.43478840112107414
0.6293166290744748	-0.51577494546121	0.692569246064352	-0.5687864453054112	1.3820228666911636	0.5380458284100387	-0.02991027733976304	-1.5250777218682543	0.08744989426308969	-2.0132809458728995	1.6188601768618007	-0.25768301679276195	-0.705876490041073	0.5404469856679571
0.463298898175646	0.8814110694251409	-0.07944078390310617	-0.7917269935346962	-0.6136660174798623	0.29713108598170535	1.285614720598622	2.669697172401359	0.1301664596856385	-0.6311590730900236	0.07744402508316987	1.1741141897260117	-1.2505235992427883	-0.4703025141671169
1.3538657014686943	-0.3459173889776649	-0.049763418143270594	1.0025732287959883	0.5633897793765286	-0.716074031742959	2.027686064119606	-0.884230844971374	-0.34917220273092286	0.8647356405315929	0.6646878754000666	-1.4352534425931132	0.854392335485148	0.013742650908129948
0.9928416998892224	0.8012677432576399	0.19654131123981494	0.9918221595060112	0.11185041005365773	0.8518672948287107	1.6103545514308382	1.2724182445652896	0.3424782837531321	1.2303489529824365	0.12624713742011148	1.170566352972764	0.3727690197029525	-0.036737007422124345
1.7657801155801494	0.4241823267114456	-0.41813995050055264	0.3042068236016423	1.022798357195791	1.0213354812451318	1.501051886140832	-0.8095300388619258	-2.165437080267456	-1.4954346334320796	0.2183939664980293	0.23497031290984804	0.8257448973608031	0.7447513705564404
0.5189586139056521	-1.4184265795199318	0.5074876527883893	-0.05123442082457741	0.6729394608530537	-0.7139656380161401	1.8713679428404784	-0.0768251639722185	0.07508193813692832	1.319702567546102	2.732547270168647	0.5209827251314104	-2.569828961882757	-0.8583656887600494
-0.7120896926952713	-0.1405392768771729	-0.17776080216932372	-1.1295837471456436	-0.7656498548074174	-0.20615832670154433	-0.5776633161784714	0.38179824314989375	0.3162790893606472	-1.5999603084474658	-0.6600527815349041	-0.06432996430727504	-0.01034286015088472	-0.3675496507369322
0.34505472269830184	-0.3406320014347138	-0.22221760025456583	0.12565262933175736	-0.9100364695315256	0.2909919992516989	0.5267653002553725	-0.5147731018181542	-0.37819766443684166	-0.07489244550630475	-1.463997458053158	0.15621763836580138	-0.15752999456815825	-0.0002621414301896415
1.360134873880248	1.5637095944061843	0.3247550867758201	0.5676243899139598	-0.3756769052202664	1.0107879540788276	1.0841609357368933	1.2934709925922792	-0.8333621761892861	-1.043385655188238	-1.8577549509172586	0.6255498695508748	1.160096181016732	0.5556077626474704
1.545866022785301	0.4124755995865564	-0.4368082692105558	0.6386719597795274	0.04872801066153687	0.611593627961835	1.187373289130114	-0.5834218463518634	-2.071926359549756	-0.5451239662800702	-1.1900184405568859	-0.6408445743412499	-0.18490451568676128	0.7995096105350267
-0.29523672726485334	-0.3622812065549955	-0.1529574940274791	-0.8930434571260694	-0.4798426109557929	-1.4920101043386669	0.2761033595353025	0.8963091537304748	0.19508646021610074	-0.5232247589202621	0.5771741918542553	-1.509524578331268	-1.3439866168659425	-0.6312693754200919
0.5591555082810591	0.011352560288094449	-0.7877685689186695	0.6272800637892381	-0.5105504826067886	0.5040268130618699	1.5441687525194612	0.525439092862799	-0.8134160944093607	0.967268490220202	-0.28834978555103924	1.512439763416848	1.0205381021430215	-0.5080185158581892
0.0073403981107741795	-0.15221025064428562	-0.8774092857897698	1.1255026467287947	-1.2463575596023357	0.22210964941759445	-0.11628239507124664	-0.5379222479748542	-1.8766584933006323	0.8017149291891935	-2.2493212343322475	0.43019866483923086	1.3001334640232918	-0.08948359466403143
1.2264180163636593	0.5574089091755847	0.36797189491456156	-0.06700988907866201	0.8336497388307115	0.6235539195670152	1.4459149168883365	0.3586088889533906	0.028295203753600034	-1.015712266955903	0.8190061582482653	0.12181355777625288	-0.04199260538706244	0.3506420968809628
0.12684168118186614	-0.7650356955137222	0.9685848452400403	-0.2976967692911589	-0.5412219495123122	0.1304526625368177	0.22682150460776004	-0.19336006660584418	0.5684364582099443	-0.14809884408308283	-0.22035112453460187	0.7684738202990031	-2.075405430086969	-0.23393856953282177
-2.56698150423957	-0.8432170419258231	-1.6063871090348376	-2.2098748699170376	-1.3909891671297714	-1.8620412748230237	-0.9738658140634522	2.000465643295976	0.6676504480146868	-0.614567021612529	1.0872944078037838	-0.07934399136897424	-0.15771973537274675	-2.0119524808288594
1.0187450043163113	2.070480667288735	0.7448387532442897	1.6794856984263609	0.19066252285421248	0.698248198435201	0.4715597425297854	2.0783227005533926	-0.234635214195893	0.6808993547898471	-0.9546483929639425	0.10203211711559136	1.2487751157895348	0.5737320237987923
-0.19437934419427305	0.40270295473457873	1.1185180887704056	1.9723247656658807	0.4276778686156384	0.19947083827993994	-1.5616037173665178	-0.013211264023873008	0.5351956092125986	2.1515151823137204	-0.02109455672809918	-0.864146827630922	-0.9777872142056578	0.6061871559900341
1.2739058156902119	1.6077256114742693	1.0454092141641411	0.9526365261181065	1.2060360907482124	0.6488475009043029	0.49192368935640474	1.0693416322621088	0.1212015544268281	-0.35597387593914687	0.3998573070024822	-0.8725615541513007	-0.03182539141639393	0.972485710400283
1.5582918975042783	0.9474654344118394	1.3326917077106206	1.687763408228771	1.1815108742010725	1.339693282502627	0.5656876847948888	-0.46337654703429204	0.2458138395462399	0.42278262816021583	-0.07209074689462538	-0.036836706832780224	0.2796361945502174	1.1695641237223713
-0.16732569685633492	-0.4540841059999805	-0.0999636883852198	-0.7238831191686794	-0.45012851637095436	-1.0368915584095992	0.36476987644899733	0.026846117655943396	0.5272713691301482	-0.7637008857145245	0.0328434603645669	-1.3432996117135247	-0.220643000140284	-0.42606317656548975
0.9959189912326403	-0.5209195576781931	1.1671566326152787	1.8099150366398775	0.07362288235997382	0.7807189968963278	1.4695517438655503	-1.3688485138857518	0.7330231408965463	0.6227958302638705	0.006815037394000498	1.6339651471712997	2.0442687548223155	-0.10846420031120517
-1.475632190726816	-0.2967823061523789	-0.5950093365729707	0.5013836562632901	-0.8897808972758843	-1.6364987718321817	-1.623418006761898	0.10686448131328061	-0.7826024654152254	0.18706330657937623	-0.6473510686138859	-1.5199124515313234	1.6946822540251272	-0.6998374457453727
-1.4592722879521667	-0.7895969046693905	-1.2395282756757717	-0.24888997228163567	-1.3159681817847075	-0.8476556756536384	-0.38910695343545704	0.6430847320244816	-0.07327541117093898	1.0308636657940182	-0.196982191232824	0.6311424342249754	0.8865534562700936	-1.3527584351380981
0.5729324811552425	0.6884587492373805	0.0867944806515879	0.9887056893947521	1.166264919673044	0.8284272224266347	0.1758842910796447	0.36312618886391684	-0.5885307792222523	0.5238494694494997	1.1598448897160276	0.3320549308848661	0.1891148743835687	0.4327600610423167
1.3489767264661765	-0.2937757153818418	0.5612114241358747	2.1971894021372615	1.0191159240878216	0.45807278445201655	1.6928878944733892	-1.2812375739797286	-0.2552987146143649	1.6079622399822193	1.1441431264096085	0.5834247642638019	1.7029626426005466	0.13437430048588606
1.3366975501681897	-1.376497059342444	0.785993649363154	0.9057373442205989	0.9769967146242828	1.686529596740747	0.605085378273908	-3.938745606090937	-0.25414844797572816	-0.5001112096802321	-0.0125432869739669	0.9958286334795444	0.40692976210214094	0.9053643518916898
1.5072180028172852	2.3642837509156474	2.01295268194068	1.600767829209666	1.8991991470606022	1.2534563355514048	-0.13436069615417606	1.1110802420335486	0.31326169171089474	-1.0901728038860468	0.48594657539272723	-0.302644298370391	1.4417007518809388	1.4092954553193304
-0.9686738304552343	-1.1232864431872085	-1.0657416534749842	0.2252436366788063	0.003118914134293882	-0.6353630630482938	-0.46718523151688995	-0.6636525946936871	-0.6019860982088845	1.2491394243934506	1.2136436823746013	-0.21361368247646326	-0.09390610293775681	-0.7063136657834448
2.0831208034989253	0.7996174116365402	-0.3744865101663245	-0.4497151301964798	0.9422309806212801	0.4212754244270039	3.000329230817151	0.7535051733591299	-1.2143257571907051	-1.9202448242305536	1.0490777329398353	0.2958712023913633	1.0319522371747125	0.14112386018611975
1.4001301966831203	1.0640402736824341	0.7973306764873028	1.75209402332738	1.4891186296552337	1.8247718377726807	-0.14135404831721876	-0.47570911563570234	-1.086709703371799	0.3179091532946208	0.23005562210187183	0.3589834639237975	-0.3657099844824675	1.422607739960349
0.3798084749553803	-0.44220853183885944	-0.052400460244944824	-0.4963667112530987	-2.253821740624903	-0.013030862652379516	1.6998825256111367	0.7330586563943622	0.9965838723375087	0.24613585655955914	-2.303873771345383	0.9616632953473714	-0.6867875589759667	-0.7446862138802834
2.15418577869944	-0.02522218244704727	1.198002174869177	1.4233997704011223	-0.044722030666518586	0.2613373444643484	2.348388542544383	-0.42921728404468085	0.21399948389454967	1.3828448988239137	-0.664024782948884	-0.47521933282565226	-1.6062933040684126	0.5535668487934438
1.9799925312275364	1.3984133552326523	1.6268004122811002	0.6764959448296707	1.546564748689136	2.621407107348579	1.1651351950559181	0.19581182846185172	0.5804847438104478	-1.3407422323880798	0.442730919259249	1.9049040597659666	0.012233109778398355	1.2784796361998616
-0.7908258164942504	-0.8898088644374039	-1.4511165843418166	-0.6477427424933827	-1.4997626064635354	-2.6575476135794562	1.5738066603058527	1.0680298933492014	-0.7238001593419645	-0.7479451107927587	0.5042011210745687	-0.9614194598736316	2.178973364455623	-1.9664214733380494
1.1224979374447877	1.367762831611682	0.698693390229205	0.9484400506421504	0.639709976093698	0.8626215556052068	0.2695664416159255	1.2506492367344508	-0.5470891784738875	0.09245840926728754	-0.018082757509216778	-0.10550321989670394	-1.0158720390298874	0.8205476973769891
-0.2451534493495896	-0.14228444278971736	-0.7258175968049828	0.45091674357141975	0.056624789057419245	0.9697595896069768	-1.3037381280410612	-0.9604167942446271	-2.0491739012940666	-0.31650123670507724	-0.6300361735779884	0.48083175962980085	-0.27369603273636517	0.488704840304332
-0.13015183709413944	-1.645414227127481	0.31975834883186616	0.9751123079369732	-0.8345284673423993	0.27428901801104477	0.3165249889465692	-2.2753658419663045	1.0588142372777338	1.6286206109601078	-0.8991944296748792	0.9419446152825761	0.7707815393719111	-0.4343510298220807
0.22046450197688583	1.085911640623184	0.17967527587933113	0.5180967363187289	0.2687065086748098	1.154873150217158	-0.44986241116275966	0.9920573713808598	-0.5009144987530441	-0.2881538619650555	-0.3699417742397527	0.7926123848663746	0.055327326359660874	0.47961175252273586
0.23217502988637304	-0.9474494284881971	0.11010786793988644	0.4566173069359121	-0.10965645774336036	0.3533523781324007	0.1597066955464975	-1.9674675420374337	-0.3504635347105866	-0.44318390452993695	-0.45185373213243823	0.5635348837975911	1.328718565111146	-0.03271261628796614
-0.9497656664443563	-0.5413378208015498	0.04139033020775662	0.5589069540847103	0.9592012269961945	-1.0221588238682364	-0.8487898986861554	-0.04042847524047248	0.8506263556399154	1.4537153325808854	2.460024117704338	-1.2352431662098877	-0.20034010481006184	-0.4770127146952539
0.8810567465295005	0.2802729575210159	1.097054655165626	1.6829103129124348	0.5726279425686565	1.045079135232394	-0.17757005311903654	-1.3481934268039475	-0.15670173596298675	0.13299379179705498	-0.7305159210777694	0.3176271360102548	1.3714547697386064	0.8148980596556632
0.30002915269654906	-0.42721716735520154	0.2856806217904444	0.6070581861571498	-0.8704355209513173	-0.43837772669889474	0.16511498547508466	-0.5235221390888812	0.07708813546798043	0.76102793989306	-1.303512552793774	-1.050639803754932	-0.9186818255189022	0.07063248120190761
1.5115835825634814	0.2633358762560796	1.1055830087154654	1.826893488813651	1.2066653474093898	1.004501258112838	1.5745194999395185	-0.5655595338392042	0.904919464480296	1.5944460193159289	1.0271235695839567	0.6608611955937692	0.7231561501245898	0.4580403665346841
-0.45661465585335936	0.19824702684530127	-0.30352435092425295	0.66100798062917	-0.29270544552065736	0.05546923776570048	-0.3277848058979405	1.201606199918424	-0.07443566055406334	1.5649426927457757	0.3603222804642313	0.4694608116563026	-0.7527045511890226	-0.37217578286794856
-1.217365848109616	0.027637266942168615	-0.9270318369090251	-1.129511511967578	-1.300846212216214	-0.2884447090457477	-1.1143303842403458	1.4286801118536006	-0.6515227709887993	-0.9182693594542527	-0.814075926234483	0.40200323689365214	-0.8104438672721662	-0.6674820267155585
0.17808938425309817	-1.0362474285511187	0.6579275192788655	0.963439031196592	-1.1768353278492658	-1.7897630153805573	2.05291965061791	-0.30422392458011943	1.6998244885062632	0.8941727059378553	-0.10298929035760043	-0.6635238943906122	2.1458218311502537	-1.282877440033098
-0.6265845624670259	1.102279679993969	0.6262166123963572	0.590014118678568	0.3360126113313442	0.6633354751504686	-1.7348741353613915	1.274203689387513	0.4006148382970272	0.08083135232819263	-0.0033537925570454982	0.14918843674503734	-0.2003222224686279	0.37782191085518674
2.4810482214088116	2.5501228052325398	1.470270507825809	2.0936217851575876	2.6211510934676765	2.469757746073307	1.9851098181761233	2.069669389328291	0.35322440502737373	0.927760580693398	2.194564107285025	1.805650703310328	0.4914287766860607	1.210035416298353
0.4247448545803952	1.4449893304753658	0.5375115076615482	1.7722650944565927	0.7917619975010568	0.9039091483007557	-0.5423180249562168	1.1377725587648357	-0.29532432278493226	1.3207610055208032	0.05235359151956222	0.05808611585127211	0.39090586367629293	0.6841446224812059
0.8098365959362426	0.603832628479751	1.1754794355610143	1.7852396749520054	0.28892768836898197	1.9125116295982783	-0.3733679473776603	-0.2799276614844865	0.23493250722774925	1.2815474111921037	-0.8275975921953653	1.4072587872041038	-0.7504613265789585	0.9218814906862346
-0.7291080992980128	-1.504909532340738	-1.6963748490516353	-1.3972765085737142	-1.9516850897915576	-0.1549000318583461	0.3703756307864128	-0.10529096820598324	-1.708682653079226	-0.5069194491095333	-1.0254410371527922	1.621131236262265	-1.525548930800054	-1.1366251652571373
3.0231838152303547	2.145446455727431	0.6417127771742148	2.433108313011585	1.6552323354716891	3.3953491510892966	2.1326901310389603	0.8253593744521042	-1.7832441094535587	0.9621245446822545	0.007507070728872639	2.5031266889233237	-0.24641949261183305	1.6995147295785353
1.5223902384031525	1.0535720058210898	0.3790988101377152	0.6153238367270454	0.9966089161393964	1.7546746292142457	0.7936791503568897	0.006049885443551591	-1.0634297314244696	-1.065328682163492	-0.08839960031496209	0.9171835667004912	0.2066182142886325	1.0086184316972322
0.9270211465828556	0.39455542207888544	1.8467008048830245	1.5922724734806453	0.024229557656497258	1.2102194036711476	0.7637638150976058	-0.38147659837194176	1.5546996095979073	0.1902643232658088	-0.7213829406520211	1.656777883699006	1.8046832144666953	0.2625047382087114
0.2092025189099399	0.360971749619005	2.2062269195671838	1.3859338885602197	0.46957689509537703	0.4947354980677061	-1.456489165391707	-0.294156540278953	1.2136521837081218	0.7795857306732549	-0.3589621702434802	-0.5950211862769417	-1.7254998714400478	0.8825656480743863
0.027593447946664004	-0.6039169168238366	-0.19133433622151924	-0.013122758613904634	0.9022559132760352	0.6269628020497297	0.08816110986769125	-0.970933266142731	-0.2276067951667763	-0.32766040054798307	1.5398830723888624	0.8253362811219103	0.2120182469604657	-0.06376060653029127
1.3866012744945455	2.5802074804096593	0.6190737357350433	0.9176839760932773	1.8386160177238413	2.7001310420572855	-0.18981362261541362	1.7192685663871308	-1.5098630041466747	-1.553997153230193	0.5176770657119242	1.9900527444030294	0.8629407503000142	1.3760581905173779
0.20244252886268715	0.7642186587705082	0.29296093783346716	1.7371795910582897	0.9136859574914569	0.25100584474430016	0.40770959904994547	1.3059247890735832	0.6027460153030931	2.531386356070247	1.5644890376575473	0.3532827439776705	0.5569887412237285	-0.1307339629183874
-0.685482366732805	-0.6267575646803815	-0.8826354722872995	1.6956631956545238	0.27202319991085044	-0.42107613993617254	0.023623284234410243	-0.22511269637386072	-1.5364976712005276	1.3589536301639018	1.7389888726391483	1.049802822214024	2.2043372279116036	-0.9325573924383858
0.054897577576570544	-0.3841722484633435	1.4961214402737184	0.3562777611588592	0.12004471120731863	-0.6628085754545345	-1.1236080267826722	-1.288583745832601	1.173712735169842	-0.5114839629377766	-0.5018119131094328	-2.2666659964083147	-1.0048518201729968	0.5899483630708164
1.653693366722519	0.9592131305757141	1.3576279717923647	1.1328614433331845	0.8393958770345442	1.1586406480548224	0.8035036159259032	0.538948590629988	-0.31153659583064286	0.20368212579366438	0.10710655611803174	0.3476363576374528	-1.6894131098230745	0.9737265981623362
-0.920135204050579	-1.6874046704714534	-0.829889504010613	-0.23005294152770012	-0.607669623034446	-0.7866114890525862	-0.08375749826953179	-1.3425391907806334	0.07627323113927705	0.7528962880212993	0.4570176876784038	-0.1844733130887599	-0.030225015011996006	-0.8758361530006743
1.8362197330084076	2.4655261721209922	1.9244666402063138	2.682467416004762	2.3106225088054106	-0.1231524220289737	-0.21802667755794566	0.6476687295372854	-0.46683194654533455	0.07970876475904673	0.539719810024884	-3.2286463652010915	1.4424459500016258	1.7884357443982961
0.8682291873203882	0.9877995444235701	-0.41430923039594636	1.4933781202247118	-0.629271580279531	0.10092892039145718	0.1464603419557032	0.672705048912993	-1.9451810750892398	1.1403157312117476	-2.031299319562827	-1.2722053765833994	-0.5455211609092926	0.6932807472576329
-0.7384455429900205	-1.0504374010877955	0.21387463906265947	-1.825549595132284	0.8589155104789635	0.04605705880859068	-0.13767193591492652	-0.6094926885631325	1.4713789051168338	-2.235559283127098	2.5727400769298825	0.8610530905398334	-0.07353763582905032	-0.670034260784106
0.7045752808005163	-0.8234556390127334	0.10570505822261222	-0.4728687498147099	0.71667174904222	-0.8187039147003228	1.9600927584996597	-0.5801189118321739	0.965189154605579	-0.3291566643058433	1.9867600162337902	-0.908777941285484	-0.009783568647980414	-0.4734275781838331
2.1459456953430447	1.1675340891603723	1.9535406966300413	1.0769161074715377	1.4292841915800598	0.7603255056947832	1.0665011179453714	-0.02885250044721741	0.6711935756073805	-0.6238690233795978	0.3629510880578629	-1.21760244650612	-0.9421840413707786	1.3732823977028583
-1.441378750972483	-0.5807765861269857	0.05550545125248052	0.45210788486530196	0.35058457346138583	0.1585876042068322	-1.9355748496104717	-0.39523585484288076	0.6010911903924065	0.9885992475385879	1.156782826329455	0.45318894538414556	-0.16515340425458946	-0.3106043923703394
-0.062247531630885145	0.3922221379845725	0.8040095332284655	-0.12282812864917247	0.3247105031552472	0.1972406300928558	-0.9642875278939143	-0.21959037853114946	0.5370772149299091	-1.4282748778564642	-0.3305762134036937	-0.7618454983555748	0.3026824999238811	0.46343986511848595
0.5877045838875606	0.160052091004171	-0.41984776951673813	1.066831710439894	0.9751009037302416	-0.053636370691426905	0.5481832212815919	-0.17844417078635316	-1.072785706098734	0.9808666646787314	1.181729722976164	-0.7456932447420861	0.3169008374333819	0.20373842598930647
-0.8217041914299222	-0.6485359689297654	-0.4767141880592371	1.2800518053971288	0.223058549302394	-1.140193331616171	-0.5277968820244855	-0.4812885850161078	-0.6166853169476826	1.4279641833561703	1.2192942897754844	-0.6705610854134495	1.7309748576422535	-0.7059577894485515
2.1689454549875777	1.0213797316479534	1.8060450931380645	1.3754128424545784	1.4910303412846821	1.07766614356209	0.4711347279599909	-0.582113983333419	-0.6839354308982941	-0.5970403567406075	-0.00514672819923355	-1.0119073116037736	-1.6163154656490084	1.6939112147778066
0.536143193192379	1.2072317815157554	1.3195360918563277	0.9752856702594283	1.846066530058117	1.812795217351882	-0.8814195400445457	0.5682709798054708	0.46898720904691116	-0.19441763618143068	1.6237297362505614	1.1095168088306007	-0.5532677076501207	0.9769227351624971
0.8369117342870311	0.3903402380203149	0.1389051278090218	0.7817327108169035	0.5073126478165911	0.09537762186225623	0.9477108025283115	0.2656545620615122	-0.188272780728602	0.5831695805761434	0.4605602300187259	-0.5895940909623422	-0.09548843591952061	0.25004518796731173
-0.24232023104524178	0.7311066303316962	0.45915431992612576	0.3408402472358554	-0.6655640731533057	1.480483720028234	-0.5564818027471365	0.9883303855864279	0.5786459322294204	-0.15661065331574808	-1.3070678206470407	2.2979402988326307	0.8453864618701344	-0.03096889339418734
0.5287094480527651	1.148319941699349	1.3907811922948254	1.1740511435556016	1.8970375467414837	0.7648269280327203	-0.2737027287894616	0.7589612616495583	1.1667027473998857	0.46849287585754545	2.006824011475159	-0.2098267514738293	0.011040087812507326	0.6907351671471126
2.0839500097810646	0.7670565554658534	-0.25401904226634	1.5119328990028684	0.8444151556896322	0.8546757435284625	2.0442884785412927	-0.07309553610950775	-1.8194670160197735	0.8327450276014748	0.055740810951846194	-0.29784263281318607	-0.11946464876523037	0.8348068068846041
0.3519359828863499	0.8373760853428224	0.23288150416736564	-0.2851191808624477	1.492641238546808	0.5800574038377458	-0.5475261705877822	0.8940373635813917	-0.9241850392542474	-1.4628824281003907	1.9094616387185372	-0.05395610682199393	-1.1377406090799707	0.5285017890099815
1.4981582987625153	0.2849361857489685	0.9136911708518043	-0.20484766413854477	0.7259867705793758	-0.10234335829576369	1.9388256850739163	0.33882676254647	0.9720003284201129	-0.880140942742121	1.0535070287625505	-0.7975124769964672	-0.7223969191278461	0.22611951204665576
0.3415429702344758	0.6467854291248998	0.8101512663869243	0.7226416940961231	0.823280031902818	-0.15040812426490546	-0.33373256393852085	0.15883437554832985	0.5063976368040665	-0.07035123456488677	0.4552525888457918	-1.3686777637291523	0.34463139782146285	0.48255852423160933
0.17976145868956298	0.035915699513889066	0.5636197876380431	1.2927935249655271	0.178979848202172	-0.4067297648084063	0.358945591415664	-0.06731101137158038	0.5886500333816098	1.0793846914205574	0.32635779715407764	-0.35557670476202424	1.459498466054636	-0.21559738687408989
1.888849192119571	0.7753300484699069	1.8874000641611939	1.3272477164396408	1.264060400098927	0.5962841401367888	1.8081890560655893	-0.05201981925471899	1.8485159639205577	0.5293932749770479	0.7628044641208825	-0.622198344600113	0.1702383755944231	0.7724942649038538
1.05546349214531	-0.38082985693186566	0.9892383936809398	1.2828021447353588	0.9041439989624672	2.3068352280196205	0.3033341094209418	-2.121193200437665	0.2455694796339979	0.2701825374013403	0.026994612783327813	2.228798218649273	0.49270528622641563	0.7933450060854502
0.05006829900677151	-1.5311704602645326	-0.056828018521284274	-1.180119115352525	-0.8404920536472696	1.3562531871309076	0.07926310739091946	-1.9002255223346582	-0.3069203709427377	-1.8122319327444973	-0.8354205308175143	2.391696216400559	-1.1857629591791603	-0.15388255502790543
-1.0519421115218592	-0.4555474095872808	-1.6464356517459509	-0.7165814552784248	-1.8518968592946408	-1.7320315601925405	0.40952718054617404	1.357193335713324	-0.5493838833170156	0.5081101058616058	-0.9568394419500214	-0.8329786031577947	0.6236545441852756	-1.3945943198523303
0.31191403832881215	-0.8420082633048771	-0.44736920840828315	-0.8731696033072275	-0.4669389516059576	-0.13840276303387103	1.141814542875551	-0.8214435742143523	-0.08217456781604601	-1.2736768271348093	-0.18602493137152798	0.26234757354359906	0.5734047361418244	-0.46382306600463064
0.5299728063714141	-0.540411520634892	-0.5314040771497186	0.4225941489255625	0.10557465115605869	0.3516299257974352	1.3646206398629603	-0.5545117119015017	-0.614338861132497	0.3523442594007568	0.6091022519523519	1.2042669742964063	1.188853152071508	-0.4454751239082925
1.164763649766658	1.3864991588218998	2.8435687856572303	1.5837654383057564	0.7112292429517275	0.503460190944207	0.156425520165428	0.5551204277435193	2.968193388000631	0.5502436877946529	-0.5703342215522912	-1.2643451595307544	-0.04417759362667473	1.062262420901123
0.7554692731612048	0.8296757043423344	0.40932846100521114	0.7682609865583492	-0.36683498880507065	0.7032299849114428	0.4348345167708778	1.0891013618136303	-0.21244847420985427	0.5446601769283498	-0.9482527630399011	0.36889618578618216	-0.9327991106169898	0.36277470937755424
0.0781504925281522	-1.4912528260499454	-1.0512479109938064	-1.4488655408048017	-0.26995436689926744	-0.553056167321679	1.782550232653838	-0.6006116663671642	-0.04052443451323716	-0.8843093917497992	1.4319215696874514	0.5273822782827615	-0.37736131651612814	-1.0554135629264212
-0.16823700807123723	0.7081980732097386	-0.21803872195750212	0.807448039383698	0.4437064690556609	0.21871423289839473	-0.6585873797055599	0.7324527499775935	-0.7565340486081793	0.42558047451915443	0.318467224366885	-0.05299472760506596	0.7928761170206858	0.11015119981904534
0.634283002658315	1.0786756885692983	-0.5369476735788363	1.8436803790500043	1.9767545274091285	1.507002559179713	-0.7738443211188087	0.22974147887783458	-2.6683394405933742	1.1445027937291963	1.7221431207481792	0.4971696753812098	-0.4306588782539783	1.0269625768933932
1.3995715380820979	0.8602834819971296	1.7156733136993123	2.513825806359072	1.9087279424366002	1.355509954272322	-0.1676048539066538	-0.889797942493936	0.415507847959881	1.5207071405086312	0.856372699946037	-0.4785116805760718	-0.2816852225477098	1.450499292003033
2.8243443165463034	1.7856585670222205	1.7966672400099575	1.1399694369762872	0.9184911746607115	0.7842217405969205	4.040247007948562	2.308907334679	2.3384370791470266	0.899221795727827	0.8636306792776582	0.318298469253108	0.03475368724233223	0.3933634287663539
0.34654186080643934	1.5650097133162029	1.1211732028292052	1.3705850751269524	0.5850024274785041	0.39860106905954695	-0.7228904389674214	1.0772563595708378	-0.040407762245879275	-0.47001029348897255	-0.3287822677214874	-0.2728524909774975	1.676354458917533	0.5833850057901936
0.9894078770122066	0.11228643902379351	0.36386287835504444	0.8836243696045554	-0.03313825249130073	0.9606143114879769	1.2891029325048273	-0.19058613070705455	0.3058356107201213	0.736683955126702	-0.43030863317371726	1.0329329041204043	0.36355597347363544	0.15392692275329914
-1.0304299298932493	-1.394712071399431	-1.6053553835093188	-1.2661783435920135	-1.2680273300422753	-0.7774548165954777	0.7081111317634919	0.6119042341298977	-0.30364017926630993	0.39177554381863144	0.7848984541003088	1.1338953270334549	-0.8940648046770215	-1.5830416509419651
-1.8104046186972604	-1.9643123221375351	-1.8648583556187721	-1.531167944562098	-3.531351519420864	-3.260247172491372	1.3073768816272435	0.8699442455623623	0.8300483901365243	0.6744463057760853	-1.5948389554082576	-0.8593243439098887	1.4311054714001674	-2.772499963754986
-0.6971061702051015	0.024143171194525026	0.5330938655281146	-0.1490589062861056	-0.7032599461018572	-0.009617324008260375	-0.4527842011241963	0.7402542828081284	1.6512333179970788	0.10677881013346469	-0.47120461415168097	0.4449196953423995	0.2513710272291327	-0.4702836039361786
-0.14184117361715765	-0.1750142959743059	0.2987477155255217	0.7499904269701196	0.060029777889623936	0.5548848764559386	-1.377289477746434	-0.8151709942911569	-0.8030186224617177	0.24732717251717953	-0.4943051413188726	-0.11678685700159543	-1.1069701123576694	0.5354823230719221
0.8149599295271066	0.6190385584821468	0.8915277575770986	2.325542588485449	0.8376721154305716	0.1158446776406965	0.7309947093976626	0.0986397420307114	-0.13812871027654294	1.094507620047593	0.8380402447250741	0.08063570242559279	2.0240575292279885	0.15504320741812236
1.422671742510687	2.5614592407798753	2.19897435547018	2.2844217654494114	3.0682341886855666	1.8614562701954616	-1.2183304261390848	0.5207053858105604	-0.22269808412845268	-0.7462585841396809	1.4817202666642755	-0.29054050817607363	1.3171817320942527	1.9855996628746886
-2.712220597688383	-1.7441251861957419	-0.45314985715076833	-1.742328838358842	-1.4088916859771126	-1.6571251910475264	-3.433892975992348	-0.8216501480238854	-0.5444391105588718	-1.5085147622023956	-0.5912701893995285	-1.20267092658433	-1.9234775701107338	-0.8664395833592639
0.9774371819946593	1.417545230099107	1.4616661159267603	1.1123174126081996	1.2087612558525214	1.1372511790873019	-0.024438413068945026	0.6843388914060762	0.8398514901043065	-0.1945856198485012	0.34093375191097136	0.06047505761740886	0.4362298420609077	0.9196959268432797
2.5856756074212743	2.1332516828216237	1.6081374664824364	2.6628769802450982	1.606236379315662	2.858154434705543	0.7958658253966915	0.03805154960191434	-0.7927641107441943	0.5830309602576076	-0.8400878991589709	0.9697578558931447	0.15812882639451994	2.0787949877815715
0.18509774267244333	-1.4034347113129124	-1.04104892708799	0.2825803291152973	-0.7806943243720883	-0.12166566264376064	0.8681413183727036	-1.8228215007889361	-1.1388861621518844	0.5796626289305213	-0.7730993090113953	0.23866795272175487	0.600612649371029	-0.4298643407137567
0.7129935122755315	0.20275694406467576	0.34275054109909275	0.30565146467650967	0.0027681805061307574	1.0935659959026771	0.42401448622711035	-0.4741114774106173	-0.1634929585032181	-0.719837911551363	-0.7935123701148412	0.9536579752073813	0.6345824225145584	0.36030734600813447
1.1925750279938918	-0.29907813764690655	0.5287185645289776	0.003586651772063864	0.7527688758388325	0.08828288730715551	1.9290354618756589	-0.04147426293771179	0.765196843448718	0.026810150755228326	1.6723081108897142	0.09669406528433828	-0.903199982796512	-0.0935535833249771
1.26302288536216	2.7506938417034417	3.351316776767959	2.3548086770098497	2.553812491710392	0.770991625579259	-0.7782440775940812	1.5452658588888513	2.4156109875868346	0.09453530129858775	1.3295948693042923	-1.4092208077601303	1.3012985019508267	1.5632746259799655
0.07850868316240141	1.010864370031326	-0.04159236052291359	0.14811216148368744	-0.3355525567973335	-0.00736971158228189	0.23577195884936838	2.0749781268802034	0.09036120533715304	0.2720140347596625	-0.17476709164310608	-0.0759974555775655	-0.4703438111607417	-0.1400537438646477
0.14192701209932154	0.15634913112387006	0.6201590421485055	0.5041774755855498	0.15235237612569313	0.2927166898270085	-0.0014363111979174641	-0.04006343701792016	0.7963749573449224	0.08605555062657375	-0.02443436394968334	0.19018775544343544	0.7444061620226661	0.03150596093008893
-0.11494226855674089	-0.9270790923878226	-0.1646404068795785	0.8279940380982814	-1.627067780033629	-0.18666832682904055	0.5523528891972611	-0.9085925051996876	0.3517077841513292	1.4259517792865157	-2.017613421808252	0.4973816976209585	1.0303702098423049	-0.5879976312364711
0.11946734980470947	-0.5767038875515027	0.22367520694717347	-1.3130636369842668	0.06663659200941363	-0.9428295181312142	0.7186965439280658	0.3710940810102665	0.434238256161353	-1.4345859735772297	1.2709679983051976	-0.7627047151820355	-1.5155552453455898	-0.49624928708854454
0.6377617833919861	-0.21479179401456538	0.8167076054569817	0.2968655334798531	1.0132358349000294	-0.6473240174135879	1.1131665583442563	-0.38912716821316945	1.367711071022998	-0.04205330703819809	1.692822397659753	-1.0348910069631845	0.8701111720135357	-0.15533772748937086
-0.7993333168147132	-0.7686364355913582	-0.8131405661339668	0.4228825061193205	-0.24178874921902016	-0.09760902544720569	-1.0914256875184507	-1.0695844000953223	-1.0605578428332716	0.5375873690386997	-0.18543100900437978	-0.08686640375169685	0.48000811412585215	-0.2228874183593353
1.3673330350370727	-0.1835806452931925	0.6903988782929655	2.56397065080995	1.4386963672509623	0.5137402043942862	1.259642640898316	-1.6283615804555243	-0.8505170045178169	1.128647248531536	1.444721923858797	0.3468953836185171	2.0120727132375835	0.3910217603326053
0.11067949266862144	0.03395306767719314	0.018173572404110466	0.14338078088170098	1.043662807079188	0.6230529599129251	-0.13975097203851436	-0.266164306041751	-0.29319749639181336	-0.41711892144203616	1.4166852590388872	0.3816038967797044	-0.00219726670380598	0.19409110464300494
-0.8676785772702541	-1.5406121150942422	-0.016259793934373712	-0.03308436892540867	-1.466408764755701	-0.47127860768643787	-0.04213131612311506	-0.9718361680554898	1.434751739637583	1.1931189753114466	-0.8497710685659624	0.39019699872850083	-0.3074638584606275	-0.8960176425688229
0.016135432190509613	1.0197669725192657	0.3711167484211447	1.8848483125427755	0.6029123554848534	0.9627005349631779	-1.5975292144941358	0.031744977379343675	-0.9693991960690735	1.0659265929903203	-0.6511742292275011	-0.1380065942094591	0.600902922924198	0.8805394015068199
-0.4182346300459797	0.7641509700053575	0.79201079122015	1.322759873545738	0.17569359563530965	0.6675008355889	-1.5502772006004557	0.6252774725561194	0.5255503786761807	1.2066747466054755	-0.35746593157600975	0.038903441899669274	-0.3297471830104505	0.45493392307377595
0.9148526041631775	0.29001241601313443	-0.16907953166210954	0.8390419389283155	0.5112427755512535	-0.439492252807434	1.8460285586371772	0.7121484170558112	-0.034282007811578516	1.0870670119338495	1.1250489582482337	-0.38679688474777174	0.9402630307281652	-0.3253292403659853
0.3951089946541736	0.8481836413148197	0.5065345506704015	1.2141720486259215	0.548447047943063	1.204649071548757	-0.4480270876777914	0.16803437939448632	-0.4862375767983075	0.06326028712302777	-0.23999383272638408	1.048017328591849	1.210331201170475	0.505296773444033
-0.11124116380538401	-1.4473814004407157	0.6330818948268736	1.076137410789069	-1.146129349645472	0.019413088739523077	0.3335540498765228	-2.0972512522250306	1.0885419623824684	1.0592431288507402	-1.412934481756011	0.8547364574274299	1.5463922937959027	-0.4983091078648781
0.12219803914516358	-1.0484415616554665	-1.475343478068908	-0.47379432108165176	-1.037653926689266	-1.685535736474326	1.045652469723999	-0.938699412402367	-1.5669525172204068	-0.367347318619635	-0.9131968691893274	-2.11855438733479	0.5158029233660022	-0.5883824988872467
-0.3941863755200137	-1.0530100689864894	-0.13335379635557543	-0.6723948485160389	-1.0457942663173774	-0.19616791340651812	0.3386885236220651	-0.7600477124005472	0.7932774008313104	-0.459765894104463	-0.7480053642723238	0.35743540996208256	0.06605758047985513	-0.6101929576421321
1.681357594555728	0.47062434370615036	1.1945005126468717	0.29122817026710623	0.7140521570818597	1.007073220074949	1.2300808807594188	0.10731429949408483	-0.20779951961943524	-0.8176743157874489	0.2790746626868465	0.47769254069621236	-1.694247548031937	0.7450852736160869
-1.20252771877528	-0.39352257773499805	-0.15991474868682737	-0.3563779063314924	-1.8015498950136666	-1.4687969603291158	-1.1590441987129476	0.4920468875038032	0.6302791139901629	0.18489182811259083	-1.8615918239137903	-1.7595606215334798	-0.501669838710228	-0.5884167424952343
-1.0090357329039743	-0.628718559286698	0.20063675671734926	0.6415784069918371	-1.3481593480141263	-0.6675879841226396	-1.1945643712781846	-0.09577471224854439	0.8025776417855317	1.604116441104254	-1.3228479990263717	-0.6598809153943015	-0.8044997194012761	-0.41035378805731615
0.19535556135423854	1.4292293365816553	0.14666568366664012	0.4356144713816929	-0.008871017205492215	1.8331132188601238	-0.5964347257750661	1.440053703800563	-0.6184627792663239	-0.5778496185007888	-0.9535800833025087	1.93358857345412	0.38716744873227427	0.48776362455486283
-0.7152749988009393	-0.9504499604609873	0.49281609880836197	-0.10015881678684892	-0.11131442767078732	0.032767806076998314	-0.9210848934619399	-1.217486334861955	1.1311724940593681	-0.13716072901653847	0.18089171667385714	0.04208869830409353	-0.14834698239659985	-0.19028876306449433
-0.40413038352215847	1.2241642371150314	-0.02052389361249851	1.1688062025430077	0.1744716739906832	1.0475964410399206	-2.183564498986604	0.4592132175315434	-1.5623517909955658	-0.10908318553041771	-1.2625152730393039	0.20055779633897766	0.8020833857458535	0.7882196294469346
0.08781336390025651	1.1341105683804933	0.9566979843649067	1.1069970168722416	0.8924601967450204	0.3241993722223723	-1.193738112304827	0.5278557648435884	0.3128617488663666	0.11688961121027902	0.12893002099036488	-0.9905652401902604	0.4110105182972003	0.7351950058149002
-2.28828800617847	-2.468855985558697	-1.3037240756254285	-1.525312977091809	-1.7536574594827588	-2.5795562706962913	-1.0528702547039388	-1.1553930290375731	0.6464268176954813	0.06858464129131445	0.03481599169968914	-1.7626649473399436	-0.318657443297976	-1.7118886794765578
0.2108179024720136	-0.23492151736228353	-0.38355247317196056	-0.4990358874356608	-0.6494355359746766	-0.23312257620908827	0.7282128218784742	-0.04221791500821395	-0.20705263422166775	-0.8577385630572475	-0.7276100226175586	-0.1829968883600963	0.4632661111237017	-0.3022439905820955
-0.053970701230567686	0.6136650445000343	1.3665549443834082	2.041633775797328	1.4995171000422638	0.9965698269406427	-1.7438532011259342	-0.992045513160956	-0.6940268909070507	-1.0716867586313725	0.9839870371081811	0.6152495875203292	2.2664635950551464	0.7555996333855788
0.7958595268451235	0.7349571412793794	0.05325834831282539	0.8567099532153214	0.27515228185392576	0.6066959820530405	0.2581362391030616	0.12861518920591491	-0.9245606754576017	-0.04469940399110219	-0.6320990363131322	-0.22671677035761725	0.4678498964577123	0.564218048464288
-0.92660558628221	-0.6588182179933083	-0.6408576957713069	0.09377030890930954	-0.2658942307714998	-0.5051368079497749	-1.136648233603233	-0.29900245040565016	-0.6377432265941912	0.5623039715977405	0.339927135990902	-0.5267732351323139	-0.664484838748719	-0.3465197800001744
-0.055424438079617125	-0.7265205628933114	-0.13716871432651087	1.4015828789498628	0.7051411809576752	0.9405163722837918	-0.1571514848490799	-1.4433858989262556	-0.6262100562848034	1.2548934988040181	1.0709586285109054	1.7207510574694025	1.3632680434891855	-0.13314263223539521
1.5401473166727258	1.241703920060731	1.95651171020643	2.001060321667303	0.9395580630849752	1.668235895527282	-0.2715653167725725	-0.41095738081253796	0.45856443503863187	0.4713250886643942	-0.9264649222042372	-0.17554242034796233	-0.6024851487321661	1.6087753782946868
-0.5460229265248034	0.13974086501493388	-0.5946062887028574	0.12185947099830247	-0.9218778310573998	0.3818993127273265	-0.2180908539774379	0.8738129272295626	-0.2752789425623315	0.4191384283339747	-0.8799370146553469	1.2339784541182435	0.6598118918814411	-0.5165092696990918
-2.0969153912594205	-0.8034859957200431	-1.0022085788977013	-1.7964926079406471	-0.5539021501822171	-1.708676665848165	-1.1797438940620562	0.9329323620454049	0.6818825329632752	-1.1288107385619417	1.3605552891205537	-0.6520527055946105	0.5976553703495064	-1.4827764870171873
-0.3141604919872255	-1.1188597711578951	-1.0036035128366745	0.5333034232139853	-0.04196130544953769	-0.27570507958679763	0.34281245377246433	-0.8056749654132559	-0.7483380842924306	1.6002149535320527	0.987526579371369	0.17906696529687674	-0.3088699822861692	-0.5736807954527079
1.8341004409135073	1.3432614158526865	1.32731520793891	1.6158544087166375	2.7019777962400333	1.535896594411121	1.0921998481632753	0.020659404103542483	-0.4725570512884422	-0.9157051423734	2.554265876444681	1.0072393334114806	1.784491466148012	0.9739674801609588
0.0629936695141216	-0.49459992423505406	0.2653062806601432	0.13640830173646404	-0.8057936150120254	0.13001460406388266	0.11667903919181667	-0.3436823583239554	0.4321248713703999	0.2892875462470822	-0.8911472713231524	0.19729903647585811	-0.8122916350388433	-0.12593218223291217
-0.03210421451770487	-1.3948645334863041	-0.46422515263158004	0.6269849178477241	-0.672690362429224	-0.03268252561775356	0.3536660169711701	-1.956635898897247	-0.3236440612922841	1.0149709539468612	-0.7431523240146087	0.22045703778723894	0.5649722360607341	-0.3338774413601028
2.027242099828593	0.7072372845774828	-0.12845777541456904	0.37449729117247355	-0.09242578661406178	-0.1385630809677985	2.8534979045803213	1.0926492155972385	-0.7418557624109067	0.12974465834528248	-0.2633602082587173	-0.8114425196545385	-0.7550058302909098	0.20264892127732173
-0.3422676801380099	-0.44443001408354843	1.4446334317550693	2.0325094306936617	1.1618286580062684	0.15776388830588017	-1.5850929145839527	-1.8032684261883933	1.4223458542485643	1.9073508273650586	0.8878300848137559	-0.8558135231925804	0.635920520460365	0.5103469375374144
0.7182150545637981	1.1023199495093532	1.6335605162971747	1.135697755168753	2.147554061284506	2.3007378143262516	-1.0345844952636292	-0.39458272290478025	0.5013212652020361	-0.6724651153909817	1.3474760494072955	1.280480479817159	0.032569930771821506	1.3325555970978569
0.16897857425974194	1.5096076349809988	1.454086945914397	0.6952540276158163	-0.19691295870205316	-0.36562509192472303	-0.6330979903419071	1.4316621343292344	1.1683979613111117	-0.78368583681521	-1.2816969733920935	-1.3015393981188428	1.3730344058061854	0.37600347322222105
-1.0039245207260534	-0.4838296539382682	-0.747478787663231	-0.33735350167086164	-0.21190145983838526	0.09883594216769098	-0.24797262215071725	0.4553227502341588	-0.1366823645128379	-0.12811186682207876	1.0310402570119774	1.7976967868101772	1.3412904823045224	-1.025281400539668
-0.694880079879564	-1.7242007922487381	-0.533565946959472	-1.3777626276770896	-0.45588626072286054	-1.5533066402654874	0.3759898912178819	-0.7825171705211121	0.549827415341675	-0.6579976811993549	1.280718462111046	-1.0103317421659874	-0.9853082066890932	-1.0576288485982523
0.3194930992310132	-1.3171681677844747	0.3232668943887703	1.201745941452906	0.21036764674771963	-0.2535348834426398	1.0872317454996305	-1.829499332387167	0.6730575427200173	1.406870898054065	0.8753093188880395	0.40091535323465516	1.4718563091037027	-0.5138398301729149
-0.2065878864030023	-1.033025567253614	-0.9324234780280016	-1.2558496236422436	-0.45766939048057365	-1.2162061990748299	1.3345612991813984	0.04397898137847425	0.16084204188049114	-0.6636064881152907	1.0027712910496207	-0.6364397963338496	-0.13436682181684875	-1.0325395917173286
-1.7553308928343943	-2.8789851665213204	-1.3851019308930375	-1.72192314835361	-1.0022359201454285	-1.4283645183519937	0.343450352375798	-1.0403235506383586	0.9242840671412657	0.4620895026820626	2.054555369452674	0.8739550148016698	-0.8511451901267095	-2.0845619981129633
0.9439291994195024	1.9649152441644635	2.4743438400001194	3.228721541127098	2.4861415914036353	0.38658455562113947	-0.8276284071842657	0.5928443356356043	0.8601390945475321	1.0799541972822224	1.7850093391456563	-1.2884857492375088	1.9125362658857628	1.2267013896059484
-0.19129258245874325	0.3548032950634702	0.12689047814249305	-0.3814487766850406	0.8060769113935693	-0.12635623242426477	-0.3074756587251768	0.5970882275481323	0.2694760587567891	-0.9700731627443702	1.3496195210332689	-0.46702147506991687	0.19459465988764385	-0.04236857344293795
-0.6398005972145364	1.2226109668492697	1.1757222459278005	0.867384971930907	0.5925115583258442	0.45831806166993966	-1.6280119026301139	1.4758312356045797	1.4082773515114742	0.5502726059998542	0.4256675261570288	-0.12018968773179547	0.03286185376061297	0.3305398547343993
-0.179115874554647	-0.05583238787734028	0.12438417642408132	0.556916983306181	-0.1589665870722159	-0.2195062668066177	-0.2003655317255175	0.2071291215252802	0.3640568084966425	0.8792205177696562	0.03334515610137902	-0.4898328492434998	-0.32480286165423855	-0.11514928846166067
1.1499845386612333	-0.2659102116849439	0.9062396421261669	-0.301076462906259	1.8163574054536304	1.835609267453349	0.3133279756418855	-1.9062179085545818	-0.042625662122801146	-2.305739916784033	1.5636291840280323	1.197397909281903	-0.22109120765698717	0.9220387749792025
0.721674305123152	0.33916765581875785	1.441176727888204	0.5100331219631424	0.2884236193178698	-0.2045724817058166	-0.0069677871319107935	0.25991801740673187	0.5451736287353043	-0.08684066937262691	-0.06628099819902927	-1.170079224791175	-1.7145605718429817	0.5261289597433151
-1.4349344710866916	-2.989211894766023	-1.6597205083439017	-1.508703413172718	-1.3930415421686766	-2.0759511237333585	0.007736630666757059	-2.652411745984105	-0.38185289722704546	-0.6571892259737879	0.0347066626584482	-1.099947673407785	0.7928828875838065	-1.5563414246923215
-1.1500771698976662	-0.6717532250953039	-0.9458371537053859	0.42067008167608566	-0.6092348203009786	-1.3770435850513745	-1.1341687636695488	0.25105577571509374	-0.9206240234069364	1.6056662678437688	0.29481933390481957	-1.4401722063243971	-1.0474558973733887	-0.6128955110496823
-0.8998461421108647	-0.6288833673755702	-0.04090821853887072	-1.5757009940273048	-1.0418350043284508	-1.5799237277525036	-0.24690146956898665	0.08130043432050674	1.0151859070594982	-2.1471332518918875	-0.533073071368726	-1.2737142854237384	1.1230724885328536	-0.9022781256744449
1.347743965665239	0.8828380888395679	0.3541002293849128	1.1621862749491099	0.452658518597191	1.792844929984859	1.280136548278939	0.48772565482003516	-0.31663804082049324	0.5954268628630669	-0.22664984589574405	1.8127580938721977	0.36070969291329025	0.5180607573648888
-1.3761227151537494	-1.0637731325835076	0.5095565524783088	-1.9146223730834293	-1.8123554550791463	-0.5041595121798547	-0.5416716967415033	-0.08801100216075523	2.5925120037481353	-1.9709030314787748	-1.310648050699234	0.8643084224610007	0.7740062181455196	-1.1657677749161584
-0.6742915482201018	0.8422522799412282	0.29250747775507113	0.19751010176843642	-0.48652408584567197	-0.3958054323036984	-1.031782086864869	1.335446694696702	0.2759021825269233	-0.5511194864930546	-0.7609379038657161	-0.36771056057979934	1.3245662651227919	-0.2239289899013513
0.17980379243101488	0.31194156047800414	0.6431581663531789	0.7984048497257963	0.9188973225623511	-0.1424668111179928	-0.2907168135166873	0.4796946601822171	0.39312160246513006	0.8404273741145932	1.4426743142141447	-0.7895161490652625	-0.9716664712247591	0.21845805861362574
1.3006519422509653	1.107289162511606	2.1240253635922266	3.0586159079376234	1.559737964277707	1.2446292770393514	0.0024154178090193645	-0.6514440457716681	0.23154035638085216	0.48466649929915995	0.5344317729926137	0.4695304673042768	2.1385138995277226	1.0704528100690622
0.999878783487555	1.6214030987285308	1.4575195562991645	0.5991276873988154	0.21053068182816137	1.2526385331713894	-1.0685305684168318	-0.05203542607396862	-0.24657777671058845	-2.116712286566781	-2.4004439517753475	-0.8491669113951226	0.3807970647885373	1.5764649414152045
-1.0001660509872656	1.2539821949419094	0.8234351559088164	-0.18097493633914008	-0.6639527638569271	0.0394438886186268	-2.153928040538767	1.7896331676353068	0.9427840485912581	-0.9487834533396865	-1.4083980785523953	-0.652721164522867	-0.29863143061532543	0.2399285804837904
-1.5630422376450497	-0.5832667821015961	0.28803395649268637	0.7719684315186017	-0.6835643636931678	-1.7487670522403156	-1.367400583186989	0.04781077423500155	1.1694965266982857	1.169977503232792	0.08569615057038214	-1.3421582264499192	1.6142021520269825	-0.9347936770479934
1.3651223037450142	0.30898541468568547	1.0415232179611182	1.5000022110527031	0.9078386336373232	0.1174715994283076	1.5237428746758437	-0.4275648010394398	0.5548909673423943	0.5836403369635784	0.7326581516253299	-0.28197647169741463	1.4825078682797717	0.269022721653395
0.4813554511295217	-0.100910002489314	1.0974758196705607	-0.7782746553079091	-0.008052361819759796	-0.5285517554689413	0.493101599769822	0.15456107435168745	1.3424660753557975	-1.460199124624583	0.23287443089765653	-1.0772666734676566	-1.1365250098263222	0.03365835486493797
-2.5046833730970324	-1.1789922675031592	-2.737629210721331	-2.0969616959625323	-2.620661250143369	-2.9948839540593575	-0.6527739597355823	1.8345392266916984	-0.9851782177210957	-0.05881084527910919	-0.5734918792405536	-1.6434185615462524	-0.4570619714247987	-2.1883034092332183
2.6176544189566195	2.4274138061749815	1.1813924841814534	1.9003940304398634	3.483754958880515	2.074924043884026	1.0178268489671716	0.6382634132821641	-1.374824577161722	-0.6932623669188934	2.421018159293853	0.05309090086555096	0.7432228635717003	1.8958111854913426
-2.1086338232968336	-2.9111539895788794	-2.9520634356181743	-1.487554178927341	-2.173376093311088	-2.183831802804428	0.43654589952286454	-1.046986838550413	-1.2183716656769183	0.5804992973445837	0.28254133764564454	0.4755217282482682	1.2480690149866143	-2.5325756894459546
-2.479302896880458	-2.515788798010772	-2.424447135068942	-2.8642727332359263	-2.784825690617557	-2.2997833289429708	0.5810993444486596	0.40561484355011146	0.5317259082454389	-0.7922637842187213	0.02201472283888009	0.9641523361059395	1.073040243458665	-2.9737657528325716
0.8887639714201795	1.034968956864747	0.27717788734852666	1.6485680649955854	1.0411355850917179	1.8352177226291744	-0.5749257554012405	0.20696854543924442	-1.671491935047151	0.7844815576435055	0.1720097580475923	1.0302862430757298	-0.9479040347613111	1.1003686365534626
-1.7550760629997808	-2.076589582231811	-1.27554357243606	-2.078204892041761	-2.3909308889972953	-1.8082144303200378	-0.44617116677023594	-0.693488400723393	0.4072875996552602	-1.0619561660350756	-1.2233209326395804	-0.7011716182677631	-0.47616701841580145	-1.565263138114615
1.9660984254051876	1.3471622153484688	0.9454112961253187	1.875860967754237	1.1494735455669383	0.967687898942466	2.218190011626312	1.3721398846431672	0.574308962153883	1.906648427918755	1.0412140327388508	0.322012778670671	-0.2967045696819502	0.5832191984989588
-0.2924303077555359	-0.7953233463420528	1.4271288707050782	2.570394100625071	-1.2736920144926958	-2.489656003020504	1.579354180731628	0.2231953671415793	2.058259521560789	0.6248208423179211	0.326077351664836	-1.3021200138173492	2.9201381410940215	-1.5132681948458047
-0.9808630533218785	-1.2838905678845838	0.46590368483183797	-1.014890172491516	-0.8140978622044457	0.00813429839976676	-0.7110308329203537	-0.01127088433645984	0.19901237095278537	-0.3909858011217479	0.2010522487496184	1.5886774623340583	-2.3927705573920606	-0.7985739258042958
0.46103135005333984	-1.0773713974990975	-0.48240484977493314	-0.19218383787059934	0.38553959291513396	-0.8710220918969769	0.4509325135631012	-2.1161988842961956	-1.0836676467059485	-0.9778113113551684	0.3221493926912341	-2.054435621053102	0.14329420266824855	0.1636890925449701
-0.18585439737120907	1.7941564974738586	0.22770117088102776	-0.26228149528484157	0.5855214990485201	0.20358905338149927	-0.5913833647082601	2.693415828261232	0.15673352864126114	-1.088076829033803	0.6810707899306433	-0.16139447906908036	0.3333558705031656	0.11143582641648639
1.1668769416756413	0.7386972960824644	1.1968651252049696	0.037796643908839855	0.9343276134182632	0.22776421874661287	0.7151375857654915	1.0367266252122247	-0.20848792147261594	-0.8447451547943619	0.99670779935358	-0.3429414751056549	-2.0052909582854936	0.5177195126122284
-0.625039153875867	-0.19149651597812178	0.8905988404012294	0.8027307796983723	1.3080978209442438	0.25541251968199646	-1.9078621081846154	-1.2026579882565103	0.6774870786714475	0.09683697469265452	1.299207795575017	-0.6504817396510013	0.3584317086601586	0.4584119352437527
-0.4910955835455382	0.23795622592977775	0.3945998363093799	-0.015515942080320463	-1.0814405093521302	1.3129885060695368	-1.1185486774418665	0.7653814732586813	0.132307502455679	-0.1603749240458187	-1.5256008761270035	2.0360435236752514	-1.2124368497281928	0.021214711920207557
-0.6614278420996745	-0.4360382730414331	-1.4150821071219524	-0.9187819461793978	-1.5755744021488227	0.06579424335136663	0.08820227475099919	0.6811372479529758	-1.1086733927457004	-0.47509747319331713	-1.2204774380339818	1.0875134832950597	-0.35100690460972905	-0.7745192408912728
-0.06266661672542517	-0.2760495213870642	0.7683589707590996	1.0328435992470888	0.7631475522870593	0.1502889166545298	-1.0800650314235498	-1.5243831068199076	0.24178355713142172	0.12905552430133244	0.2486308867135008	-0.7111356686066036	0.9165842878420056	0.4552634851364793
0.5409874588228186	1.7831822073899761	1.1119827655415442	0.9181772438600866	0.7604396113121823	0.7266811476202264	-0.6603565824036519	1.3915964611486602	0.3506067381154466	-0.4092821056347843	-0.3101859082889031	-0.5568065591927794	0.3697235253106648	0.8742796256386471
0.4528674070111369	1.1711472138450085	0.046727615300283354	-0.24363823246096372	0.15363805700147504	0.2951796717302786	0.3854730249660283	1.5520085743545373	-0.23871357248364475	-1.187103990723204	-0.13731402442181428	-0.03786807599475213	0.4917266819884779	0.14159673283459065
1.9960331241536997	2.677144124888734	1.5403039771617208	2.014931725631488	3.4162546508427862	1.8275294404457865	0.2652320044922222	1.373678865769668	-0.4383754207188015	-0.10386829836649489	2.610732887831876	-0.1897613362326732	0.4557041668964284	1.7617959720476482
-0.4097259276585242	-1.1241164738778942	0.5785584422236891	0.7485046442068457	-0.6836628868179869	0.3341612647712372	-0.5432008955032062	-1.0555496622705913	0.8656271772855092	1.557581308268631	-0.4177431754191002	0.8534624316403427	-1.2320057915144553	-0.24438551821264834
0.21650695957289112	0.421118732152943	0.5714240310977847	2.9894847654932444	0.5175637398402324	1.121687484400188	-0.726534364012348	-0.6583653862035626	-0.954175894471856	2.0747536694710407	-0.19091488149297964	1.2336987583949226	1.8743936916069899	0.44125922555368247
1.5842032407335653	0.457879320082839	-0.1768236324821878	0.9577814720587832	1.3975335053803057	1.0664163599801975	1.735655888832884	-0.3591059707445385	-1.7467321955938604	-0.6612410638432008	1.4117073303681158	1.2070308804420704	1.6132672238608448	0.35068945775739313
1.8029939414307448	0.8975339537840663	1.9532533793465328	1.2433568764429623	-0.6005208722074282	1.5086203776032752	2.239175163913754	0.5832563484366591	2.2373724836554665	0.41077214248373106	-1.8125928266886135	1.914914164635602	1.252494998093615	0.2970811451033479
1.4746933427781277	2.3918158196491026	-0.020498163600905173	0.8318110721240389	0.3953942061423112	0.9638045141958351	1.205996910794167	2.731718649691539	-1.24971686798504	-0.2048338706965053	-0.5955121022435138	0.06665267999871773	0.1356696049192446	0.72565070885033
0.3376955334747	-0.5459262070490807	0.9131611266585791	-0.1026893405647561	0.19036050353511613	0.5720759996618614	-0.4770827236938812	-1.9465805060751749	0.4836195098170281	-1.541189583965581	-0.7194359946306383	-0.4181774505270648	-0.004813451545906074	0.6229847869052053
0.4547423200442777	0.7823359054979097	1.0994777392315493	0.8558513854654899	0.03060520495932284	-0.7718708929184231	0.411427497708398	0.7116511642108843	0.8041634522513746	-0.4979480389162486	-0.2865751769064441	-1.2370905088600388	1.7482677215031746	0.00569166267074418
-1.2028532602835742	-1.2022388482255921	-1.6120072845493423	-2.1127296047560695	-0.15841337555393753	-1.6551939143244994	-0.1302958863680845	-0.104504228331227	-0.8004183542905609	-1.9555535593715365	1.6352019646261946	-1.2050265175261146	-0.03749436858375537	-1.1320374375101048
-1.1547113771393867	-1.3391558173280569	-0.0029308940168459863	-0.9747183276267227	-0.7307536357671763	-0.5089960775151732	-0.1290774766204764	-0.4427922386494417	1.839034581014513	-0.17641745176584245	0.5717055993040068	0.6837306020487944	0.20734976923947243	-1.1149504279862863
1.0717286324787356	-0.011450831192652888	0.8656766102341749	2.366264699484903	-0.13244499533720933	1.1307945119784888	1.135673187853226	-0.7766973545091949	0.6754033813598496	2.5966931769782735	-0.9210260887515356	1.2978567984465221	1.0285215222930904	0.2488632770542459
0.6718073283731373	1.2518280506732276	1.6349408424184873	0.6627222435617074	1.042265716592644	-0.046673831924386455	-0.6953601001337797	0.1787522541128035	0.8357981882287657	-1.3435725970192876	-0.12624265015708916	-1.8681150873288712	0.9409378146387682	0.9563891352777917
-0.6640345349831224	1.1664797453390356	-0.8994452645119593	1.614226393789628	-0.01949576906429884	0.32816943210826033	-1.9949016638145982	0.9829518101477263	-2.410043323822622	1.2477141707409671	-0.9645600855434429	-0.37106448193483194	0.815214772268162	0.4136657047967677
1.4071095545906502	0.7400670399063206	0.6528968534766308	0.26370378738173433	-0.2969952292233085	0.551299447334352	2.0602142505512013	1.2125892010313182	0.8606343906697943	0.0581601316525745	-0.5203081386271832	0.4511221806233035	-0.43274514147012455	0.09906254758155462
2.005955342179751	0.35804062455246577	2.4373272620475324	0.9401933752097544	1.028402097166006	0.9938260601913503	1.1302649891996357	-0.9841758036741001	1.6714917509669767	-0.49982445227529704	0.05657216800801273	-0.4436363919221178	-1.1368966135807428	1.1759254294730743
-2.361954917817004	-1.8199884666524249	-2.6309961835710913	-0.41630921145525357	-1.9628206032294735	-1.4204884626118892	-0.8106028293704813	0.01254229242983445	-1.299510297180337	1.8499964555769153	-0.19121449253177392	0.7487963584169285	0.8621038307408289	-1.9999346082584915
-0.24265541070099012	1.5799348741512849	0.5131659265335817	1.2307994359752235	-0.16612114759872754	0.8780914148374446	-1.1304033199341563	1.7117315521398608	-0.3193749787974132	0.1304409661412303	-1.0293924535448946	1.021560536179498	1.5047262586014696	0.25195069114707425
1.5409050725206468	1.3159880512523334	2.0429801096203977	1.7164197641876062	2.268176462405499	2.3815686141346606	-0.6134656930516256	-0.8585219287269363	0.2713192198263876	-0.5309487055391123	0.7279889679742365	0.5230581486205311	-0.2038727485706133	1.871875758202618
0.5550226871241206	-0.3667323148530311	0.6517995606160216	0.9270317277029836	-0.3419412457649598	1.095727207116477	-0.09170116533193531	-0.9032477362143996	-0.23718256097072407	0.7218304477478562	-0.9812389595411403	1.0113711683006794	-1.328787535941296	0.44097383406386786
-1.255978477303685	-1.274212322453103	-2.0001406338841803	-2.2405304505117734	-2.2638250775777626	-0.3503478346523282	0.13353255181961318	0.288153730604208	-1.049523961008059	-1.6689602510210353	-1.3626333157297394	1.4104575334800775	-0.29585898102704966	-1.387932764610218
0.3420688322000385	0.41152366485740033	0.29524360356831714	1.0800759602471464	1.6941591622759737	0.609447618901034	-0.7642170246564972	-0.2277753067239944	-0.8342348593212237	0.4842573308477156	1.8897597072494192	-0.38848433434817814	-0.7198271809343616	0.6921542850786693
2.2156555873351484	1.3679526195191114	0.9901955313815406	1.5714839957157836	0.5572208868943578	0.23237559314685485	1.9118647089205445	0.42289217349211994	-0.16099773383206653	0.27174539362349787	-0.8969850694853235	-1.4145583467211622	0.8359825609830142	0.9470208032272367
-0.628395003113756	1.4088179849366886	1.1272407423316315	1.3676511575711572	-0.5780228158874092	0.4797440720509315	-1.8500305984942294	1.4386125010775566	0.9602872285177403	0.7818052507775605	-1.815803319702689	0.0596510657096792	1.0263930134929249	0.3403718815915698
0.05342646170762788	-0.18567156255446482	-0.5248754629299947	0.5302528792307875	0.538628377785608	0.500500299483849	-1.3267373916209237	-1.8553694472247568	-2.482997517373966	-1.3395058510532876	-0.5669454150914262	-0.45758439865467343	1.1609574181216051	0.6953586221560683
-1.1311333286849834	-2.2048746776489656	-1.3473512903947882	-0.4270676454194984	-1.3280014232703374	-1.2822493654347558	-0.24283195111946804	-2.14488679483462	-0.736999994680507	0.20913443761406122	-0.6208289622713407	-0.41660333751869777	1.0603182451148185	-1.1300062497711576
-0.046264977517983745	0.6887994036192013	-0.7330029021110214	0.7581920423984426	0.824246836893739	0.08364563197236054	-0.0007123140214203208	1.4721414025602289	-1.0865708166852297	1.2305866614296435	1.694254960319061	0.022396632749300392	-0.40394973814104396	-0.11369549028872712
1.3599524385801316	0.05524227163159923	0.5391380877023461	1.0506206999389722	0.5009993334934619	0.9770273538404219	1.0928304378988913	-1.138835373411844	-0.26302121721453053	0.08050344694304064	-0.376915963060256	0.3786181369014951	0.7050283194141581	0.5975378317958739
0.4173878531266844	0.17739548553814327	2.820886374663087	-0.2809077022639854	0.06482508634672501	0.5372461304551863	-0.7780188714550924	0.19652196994094417	1.0755253975090084	-1.5180920259288269	-0.8069206133076708	0.1790040287920187	-2.7909640172631067	0.6176751070261981
0.5511239024437814	0.15867239636950575	-0.5141799208980053	0.2723744823240343	-0.16168503402016998	0.7552826074140939	0.5693564862028733	-0.12493538745608351	-1.1648802759225103	-0.3360522490656523	-0.6484946210758428	0.7811723399138316	0.5746530579529384	0.11870301725256815
1.2196461727318288	1.1816324057337566	1.7870011616098178	0.18921787472548335	0.7407241451844757	0.45701159531843427	-0.30691200469089275	0.6077104716208821	-0.18360589581624673	-1.7230360252716095	-0.4350356091060602	-1.1251793527515181	-1.8771396428673879	1.192434051334705
0.3870130596532376	0.841602442438376	2.2767216455564343	0.17957065093963398	0.04308058751492205	0.9809722784383379	-1.5593297274089692	-0.14172406437718818	1.3768177839813565	-1.7441355894250772	-1.560665230862918	-0.43009112323085436	-1.194098719235292	1.1654566249117473
-1.6011832560386245	0.27775460331593327	-0.5411296435663119	-0.12393366339587064	0.1323511643680283	-0.7652003952309387	-1.6060646474641733	1.5090821111612862	0.21985630064538075	0.48359353909672725	1.269060280846617	-0.4267518159457942	0.34750017332307903	-0.6971946980454543
0.15767134357787568	1.0693388070268537	-0.11507558875160512	1.4307475919547326	1.2637764201627784	0.5457537355414073	-0.27861350318480876	1.2266914866239431	-0.6747724248681067	1.4766354905303611	1.5525690984200924	0.14440230267710027	0.3202230393408126	0.26927930718432536
0.49694819291940767	-1.167467061600622	-0.6491314897626969	-0.03403209771502569	-0.4745415963863819	-0.24027957315957243	1.5394759999898464	-1.1563576033044445	-0.33753741826494965	0.3970356291316283	-0.0015793466680454073	0.017825436002332478	-0.12065876620824498	-0.4495207463763063
-0.304304111370717	-0.09246612070880386	-0.11072009956501622	0.5341158340440268	-0.0711818151367189	0.16105168126404606	-0.34820470403167775	-0.21418702163371314	-0.5797862071469242	-0.31492739961227517	0.028532969381909648	0.7650725888734229	1.6205033075625308	-0.28805456924108214
-0.7832793259866169	-1.3473354783138443	-1.7829841158732391	-0.4224695857715559	-1.2807481968087322	-0.3791634468506231	0.579318254919535	-0.24555638559688917	-1.0424723935290214	0.9574591315012421	-0.1349014739047704	0.9800946765000641	-0.1800770809249657	-1.1639862307707176
0.5119608703324091	0.5514301388495663	0.5394328591889175	1.2956764180431757	1.6228182356072671	0.8534525593257136	-0.7249387703013213	-0.8140637979361453	-0.9618277685389103	-0.35969702203118564	1.0827088328406504	0.03072900490863376	1.2958049468965689	0.7807074282319396
-1.2276740471240624	-1.53259226317122	-0.8837641114040717	-0.7393469241210409	-1.060519375407001	-0.281202915245667	-0.26335338745525466	-0.7912674253050281	0.3689966647351872	0.1693538135555847	-0.0013453770438874419	1.113536444034748	0.38446434007157826	-1.134724676002519
-0.29170622755219144	-0.7854676896685904	-0.7079128895362241	-0.02914881828573576	0.046142715878368226	-0.4542233267649889	-0.49519589576359313	-1.3200689614821788	-1.157730764613239	-0.3950308483262707	0.06602580561040018	-1.062009363456519	0.1117225089513791	-0.015770814569558943
0.1799708032500098	1.2005204826109643	0.27423356137529126	0.463865716650298	0.624350101322931	1.5247180894091148	-0.8461589782582277	0.9495573829587873	-0.650514963774635	-0.6149713289406203	-0.01090335100877032	1.1111102878190797	-0.14713401550366792	0.6602128559364255
-1.3199477616907558	-0.26442811434684427	-1.4521252363385757	0.26807970683262283	-0.07343831573417414	-1.4711157294352744	-1.3335881445260187	0.540820797026139	-1.5095024181550452	1.0899070352117832	0.8588133196529542	-1.8582900338157111	-0.1800617880640665	-0.5529082349497144
-0.6649495217775467	-1.5693567044264727	-0.4662032895222535	-0.7163259529557318	-0.6359691974014101	-1.4425651724996518	0.745885766955704	-0.9129905825575618	0.8072712042612638	-0.2615895245562838	0.749462358497998	-0.3720083569923352	1.2778057045719198	-1.2771234958063198
0.5238180675830977	0.7654230422202606	1.8149548894265901	1.979146015633879	1.3139943967578271	1.6070969157062442	-1.0905511141867401	-0.6888166356682627	1.0840967394267713	0.9997073159793809	0.2254943222016477	0.4072983616226769	0.07701168958640746	1.1633106857039368
-0.05962950010617418	1.8663606136984408	0.722548987025478	1.6455451303195916	0.6237664250547239	0.43113008223096655	-0.9035462841684458	2.1465516599143064	0.09822186529994298	0.9687493735389489	0.19319596215487997	0.11318697742942799	1.3221503819121394	0.313999541367429
-1.9809650196119621	-2.7154337072463504	-0.9379806546343916	-1.597636430384078	-3.5781214697770496	-2.4190969160610516	-0.72668657243813	-1.720251810664292	1.0709044053580796	-0.21124392979898343	-3.160949755697234	-1.6613053602111636	-0.3739545840561045	-1.6084917040365543
-1.4737418954156405	-1.4378908882196286	-2.101314681923604	-1.1086356863039708	-0.4726914974126155	-0.14654219191173112	-0.08644240233321568	-0.02764450617994177	-1.1095004367212529	0.18675159306953573	1.5810470657057585	1.8181282719610974	0.07756796629036743	-1.436817777769737
-0.9696169078305701	-0.3643270764855147	-0.4315017642055029	-0.5121492213383911	-0.02522964691796581	-1.56999208980901	-0.8138578652174344	0.1933480708793376	0.11180171661472081	-0.38813378026502904	0.7585685956961998	-2.1138611782889885	0.10154595723733746	-0.5006451104605848
1.650312833641717	0.6864578605398409	1.4404434885306565	3.417301297805886	1.5643454161227484	0.14521287275071448	0.46444176923936226	-1.339144659642182	-0.3411819639227342	2.2032257188530737	0.29553785740286603	-1.7561834209199843	1.5129363517989345	1.1873573859653632
0.837223074911462	0.7881313884858459	-0.4535246769569579	0.7261569736205038	-0.40201317327873204	-0.016485928221004892	1.191890303392895	1.0457482636676452	-0.9621929628742519	0.4845387648669984	-0.9144969011261673	-0.2858011573758723	0.7560143597763074	0.009479558329997211
0.15384036865072848	1.4462123872150983	0.7052229825338769	0.7782624617819265	0.4171790607061712	0.8431607921183217	-1.0516813254793869	1.298999376178857	-0.07447342891929272	-0.1625823693840135	-0.41779657654359215	-0.1281944849714777	-0.31576429922395033	0.7299656213525741
0.1336888717971329	-1.3615633004188923	0.08026431342649251	0.0823004671078468	-0.9965564724306712	0.7821510003381602	0.5801848618498806	-2.047455060973492	0.2797495822190161	-0.3408292575707796	-1.35168385432906	1.7988450694721823	1.1910312146707998	-0.3712965067689573
1.053099335472588	-0.7637623638149293	-0.9764601315801742	-1.0417252720143257	-0.5648147676303534	0.656716909507909	1.7693247146587034	-0.5622925747570249	-1.8774907918536414	-1.542454180264017	-0.3356270082292709	1.2830826168309244	-1.2697756390185806	-0.1724316911569983
0.8967520839772187	-0.19710830927364675	-0.5967225159135354	-0.2589033022591133	0.6857137511478641	-0.4483917980429398	1.660291545878901	-0.07632424477184672	-0.7929333130674988	-0.5155060028288878	1.3949127738706193	-0.8700963453255476	-0.13384238710227717	-0.12454528499008327
-0.6215683220741322	-0.6459496553255271	0.03616680742938816	0.09296436522631372	-0.18111538112452796	0.21850501744059336	-0.6278108269610578	-0.7785210912896291	0.3422221169771359	-0.14721222423916225	0.0564300793417298	0.844025866050304	1.0462167051402593	-0.3880803415798014
-1.378157722118517	-2.2163574634247754	-1.1061548533373013	-0.6831422785783666	-1.5603255541687095	-1.9400167009353533	-0.15777674734664812	-0.7605771671119547	-0.12838746818433833	1.2266067121388464	0.17265616216937413	-0.8235606502221591	-1.4759665871806946	-1.4648178457214638
0.5480244859045516	0.03963600103444437	1.290122178518541	-0.5925000575179282	-0.5214653492667991	0.3636284167682679	0.5407884518403598	-0.3270764367454763	1.8366124320084949	-1.7435063492742697	-1.2588890741687684	0.03617233785539093	0.3933966175087775	0.15720253957997465
1.6320042932555934	-0.008691182320246849	0.6238838712683574	0.3821203818004125	0.15373126934413847	0.6316595155530655	1.5198110825470668	-0.4210527036590689	-0.5833036499711698	-0.3375614576608319	-0.3101341972917621	0.12264888803636362	-1.4747476058674749	0.5388899610486895
-0.6828660052203239	-1.7309826383435172	-0.8144858002112304	-1.2869195356869134	-1.8079629909123258	-0.6026277987059252	0.22749475100591954	-0.4806115017944437	-0.9752525580321333	-0.4561065908872098	-0.978759090589761	0.8716160623658697	-2.0132463785658783	-1.0399664615536752
0.0722235880557659	0.21409053890355412	-0.6139447840657649	-0.6442051415642857	-0.4718940165532638	-0.7337512088450249	1.2476232335299173	1.4543002189876495	0.15749081076143986	-0.35573839511697714	0.31722341951944766	-0.25908229577663894	0.484137786029879	-0.7553171496950114
1.7060584240434702	0.854029452369864	1.2277275004655732	1.5810853287602915	1.2804115462043648	1.0841073414123696	0.4280008890278941	-1.008627354248519	-0.31002409151496974	-0.15313963870362873	-0.2956352447414085	-0.8218904370708568	0.3493996936327888	1.3893259261924176
-0.6941710465817366	-1.0439778286577575	-1.34397365021133	0.13469655647027157	-0.28581197090883403	-0.33652093823909957	-0.5733191851136363	-0.9499586532934062	-1.5974971925285124	0.6646461985562495	0.31162474907525084	-0.19671697409403355	-0.3322478656851314	-0.40755306354468757
2.721666308813455	0.8232892190059427	3.1705741923253634	0.830279952052815	1.2708217467943812	0.8106165941478369	1.4579348580235347	-0.6380547576748195	1.1399352674605732	-1.3611572335228976	-0.2940771497254498	-1.1899828078897183	-2.0792353113259994	1.6219691358760342
0.0359859548613226	1.517872307996458	0.3300992437391627	-0.3047100620702951	0.2537941541052568	0.28566593513667926	-0.1434895306718341	2.596052799636973	0.403544439916237	-0.8032496183502772	0.48448319056061645	0.09361177966711555	-0.4426875186803583	0.04877813195034601
2.249855714378183	1.274193083868897	1.0017940436853001	1.6052977369123203	0.8749834790323261	1.9237559058040445	1.0630255104171717	0.08490301406174064	-1.2147999017255362	0.1434114141046106	-0.6634207588045175	0.6474713060097362	-1.1694650479850859	1.45714428502887
0.2551415946189681	-0.12150622223116436	-0.5092922450430671	0.39355323682559	0.8453147813375547	0.3732831357625761	0.6197647084605049	0.10707203941000934	-0.6099513054125334	0.6270915644516722	1.718117932103976	0.5438254179209513	-0.17980873810809037	-0.14978769825555188
0.7141134955035031	1.4487877524826063	0.9826944297626309	0.031086192996774287	0.06377086273127719	0.7753105429144332	-0.1856453353246366	1.3539661176197464	0.31090054413860246	-1.3809291168737574	-0.9622829210082997	-0.23178333687643307	-0.5240752447176699	0.7412231308542924
1.1875838931357694	1.9031156892184553	0.7324627076372662	1.134896931857843	1.0504245869899684	0.1447753705549959	-0.022108240053872057	1.5004422168856362	-0.7355524950200856	-0.1557213708089557	0.07013410221251597	-1.897801049319549	-0.551056243885749	1.1130616078642235
0.5163533620543507	0.13238392866503687	-0.6049226729153336	-0.2918270869266359	0.30830205320501164	-0.4644297885457869	0.9732098228839838	0.32929498251336936	-0.8542327585360109	-0.7156936180887992	0.6227289968749117	-0.9402524096144992	0.1622867855024206	-0.09765041794346886
0.6323884785326311	-0.015472199333795678	0.9063397417834916	1.3437430517108204	-0.057221987367290505	1.54741174472831	0.5795669122624518	-0.521305952149946	1.0949974680977381	1.3802331427648449	-0.5873812658240797	1.9094689227446258	0.3992555468356493	0.21746026258904205
-0.49631708507010813	-1.0433870676486443	-1.499420625545622	-0.5041265184414747	-2.132221952220317	-0.5447355299448725	0.5367257135236854	-0.05949868896767397	-1.0862985156376879	0.4671098915655398	-1.8821438843924552	0.3081778004318813	-0.5248081237603229	-0.9027262295159753
-0.16650329901259497	1.8793554651628148	0.5048543775231858	1.1605283206667238	-0.15259324522709117	1.4264237911122957	-1.2399293816855477	2.1556869361692725	-0.0625770050565918	0.6052260428289192	-1.229077751065565	1.1911941012231075	0.3203158730453694	0.5218801288521775
0.017585654935763917	-0.9093468576585915	0.10701460112082123	1.2327735117506127	-0.46919368796036376	-0.09505820867103701	0.6786396692471361	-0.8882794037101456	0.8862241098983212	2.316498542147706	-0.1509238349806944	0.2993217144992475	0.4089134857859647	-0.4581619125896972
-0.42136079474091437	-0.6363490945548798	-1.4307804764559366	-1.4216522320884288	-0.5787696440342023	-0.10893006054474841	0.8034560508070429	0.592969433813952	-0.8271243133625215	-1.0576264912869764	0.6882292059320961	1.0698624934002703	-0.2335695822647884	-0.9454168383902933
-1.4655622428979367	-0.34812691904018034	0.2009360792208291	0.6799343124892913	-1.4739992231100474	-1.0584398087148585	-1.9434951623316508	-0.3592423876935737	-0.012897083180249654	-0.23858725835816313	-1.918382430195451	-0.8028633328007855	1.8986704678962358	-0.5123155800032834
-1.6084883903436948	-2.2725150792125985	-1.234350009683989	-1.4639954726617885	-2.4898775154412656	-1.9233171937878097	-0.17570336641259574	-1.2998828080221523	0.5071533000116777	-0.31006636465531756	-1.6595871864365328	-0.9100400230569985	0.35958268076352956	-1.564501930552013
0.3740803261797525	-0.15862844985332586	0.9600792459817044	0.3185152550856628	-0.6078002167972876	0.6703052062680203	0.11602760411677697	-0.042134557208929724	0.7781178112099871	0.2193448668794458	-0.9127291350556075	0.8165107272038584	-1.3392339095173296	0.1344990663754979
-1.2734586623346065	-2.079390949315758	-1.1591846787118296	-1.623365292453012	-2.024090484717083	-1.1864751303784582	0.2995842447042927	-0.2572133455003077	0.08009292743645657	-0.061086934833826864	-0.3202350213851727	0.7074577307276337	-1.4593653396468327	-1.6331898740862067
-3.588832988807792	-2.425751169476185	-2.4520278106762126	-2.4780912041031167	-1.33927847520348	-2.1144330878601094	-1.7121829560775619	0.1825925333190042	0.21860252042455297	-0.31280894859656516	2.005335383674417	0.6278537712904834	0.6028923353958754	-2.6558851565467627
0.35973231710790576	0.4378809898093622	-0.19582983661521103	0.2033160196249306	-0.9322177854351192	0.550424295159557	0.7109370344492183	0.8141860496731088	-0.15924781941426328	0.04890323878286352	-1.4640235038210994	0.8555401556722726	0.45819718742416865	-0.14227007747933682
-0.12424308424086916	0.5041252580135912	0.4581205354449358	2.0982548369135188	0.7373149155006856	0.6143582206393515	-0.8765216505941943	-0.013383478467099388	-0.30597066786659954	1.7085196063091126	0.5269602509931037	0.6118369899675115	1.4474903457847068	0.2226572759369095
1.072886684681708	1.3756727099185386	1.5991193539364168	1.9914644347152666	0.9678755724642883	1.0329120182765061	-0.3989041239015017	0.021350446305165124	0.42653654043993877	0.5328875243586146	-0.6207360247291307	-0.46337771601348954	0.8894546670474871	1.1849715087259423
0.31278508588725484	-0.1226711832182623	0.6242972833190839	-0.4788195593616997	0.17908917094844484	-0.31618388067530767	0.3778785205858972	-0.3912992293649708	0.9336026481110974	-1.392439601317348	0.12346023949701941	-0.7885769312392388	0.600681181253132	-0.008027881849906245
-0.15856047458625105	0.5527658895814811	1.5225794876550616	0.8352767339929985	0.6807662539957939	0.26226088000451964	-1.081273872730917	0.512784533084877	1.7350308151663827	0.5853103763568235	0.7077741420238519	-0.45929034966490184	-0.6967995421637599	0.3844550781633069
-0.8016774203448869	0.5240083565269162	-0.7683869486545016	-0.7276496905961091	-1.565473286279488	-1.1983221328594507	-0.08189248962041676	2.5205366655251167	-0.004490356119644417	0.04094007988395628	-0.9780927206144451	-0.8343073362274362	-0.6675206803424059	-0.8548095067196726
-0.4874038866857878	-0.7052298648194648	-0.2099059663913726	-0.46236287406393994	-0.7611891334133909	-2.328330173772004	1.206379592954915	0.5659143965152512	0.8257561824178963	-0.6158788406124796	0.7885158065538811	-1.4011526648340709	1.8953831496877576	-1.4238551326661673
1.7622674276857302	2.18508609180718	1.4052504353439483	2.408597328142246	2.9015343954699864	1.3705526527201737	0.3500557572056667	1.0975945858677967	-0.22531306819601843	1.1360848797017897	2.2916596382929093	-0.6143453674076701	-0.06528283175352682	1.5395859066372075
0.2757181475016769	1.4444359338708614	1.238405249551295	0.9802955504649217	0.5563986051361275	1.5873951883752762	0.29871013871507707	2.236445822927566	1.9583232344524015	1.116515347383456	0.7574391930123038	2.2422565152986706	0.2671602614937453	0.04913638781557277
-0.49122421449647163	-1.0900834223863731	-0.039194673075985786	-0.20252187654531636	-1.0465666054297955	0.28895400205003663	-0.8034891605657052	-0.5581508387126972	-1.6885319195184407	0.065759317139325	-1.1090176331063613	1.1762548595858102	-2.482547063999019	-0.258683506358951
-1.429213662901509	-2.5183913325992195	-1.2710825977070703	-0.7044969521832176	-1.2474920209528269	-1.8068188278283281	0.1856624789804842	-1.654669756014015	0.5062786922554385	0.9977349154162366	0.4681568147029264	-0.6240195568938821	0.4391861064197798	-1.6134267002747666
-1.8111016914926437	-1.6638515497265782	-1.4676171761095318	-1.1773646179484822	-1.3530192947210844	-2.5079506897525023	-0.5345331870882248	-0.3187808674312241	0.0915155261950141	0.11268206616123115	0.20546731981380909	-1.8597234929244466	0.4831866955503421	-1.569220368377912
-1.2639060609419563	-1.0433393049759694	-0.5282471202832653	-0.1135910032152424	-1.0622503848579088	-0.8030622545909301	-0.15718393470660483	0.051601087796560384	0.7711626980116579	0.7965096147309144	0.1363183009413978	0.8070830729480006	1.3165635877371875	-1.337612675201343
-2.2125485992855256	-2.6558833780507864	-1.5100838785652813	-0.95608101388724	-2.044855017828888	-0.9143482577288579	-1.020681699183471	-1.14932930848485	-0.0015899500644028209	1.20773488661642	-0.19917295299929008	1.2356433584078887	-1.0924130815106314	-1.7478031766577504
2.1976775812664955	1.5630508592838943	1.7928187251706305	2.5847339397090527	2.1496473111962637	1.1800846209822429	0.4749333673688939	-0.08771704697875526	-0.2406902188874666	1.1867906387797083	0.8555429613033566	-1.2303808151855564	-0.8629962748150907	1.7882803424341658
0.6759242466911237	0.3914506221802101	0.45630501523510214	0.1886064484478593	0.4020907954742323	0.8843287894815088	0.02944378587311739	0.21462063357103336	-0.5490835215752915	-0.6221636806502232	0.14456788876193916	0.5154658866418769	-1.1927446442725598	0.501227170892102
-1.3798326490531463	-1.546118867780361	-0.474516084523556	-1.022792007609609	-1.2210240549562243	-0.7086950126486702	-0.20617906134126396	-0.5003080038230785	1.3619316719640349	0.014974794177398427	0.04396733083712045	0.7007663470083321	0.35407231611964507	-1.3167485287104428
0.6799363062713434	-1.2929070255251323	-0.1992806793010095	-0.01551023388897127	-0.1243132764528363	-0.11361530594777364	1.9739728249752704	-1.3274421749393734	0.566598070855082	0.4503823684233894	0.6218649213786609	0.4240347993222023	0.31023437155994804	-0.5584885948734979
-3.7622077851747964	-4.1456728453730625	-0.6593044488027486	-1.8318525398100358	-2.7054093781309443	-3.5740912125912874	-1.8825611658220116	-1.331712372020431	1.8387411388794102	1.706996034296431	0.5177721730937347	-0.9289886507109284	-2.3584054033940047	-2.8749643414820025
0.3037382734964683	1.2775008847899367	0.35373412506389734	0.0028897749644090087	0.6502465614783767	1.4658697769211226	-0.9335751670133267	1.3158834582250207	-1.0211856437950952	-1.2918069890538006	0.19611341465927018	1.111088603110975	-1.1255379132552243	0.7130783925059694
0.14567041272169207	1.4345488046831503	0.5232972998956028	-0.4758876711236484	0.6369828467005043	-0.17896753893794726	-0.3347155421071686	1.7451516163738703	0.28299836712114035	-1.9073305512574288	0.4417581043447012	-0.9191954418471349	0.7831999714344124	0.23081784057194565
-0.46220611216021246	-0.017278356278054408	-0.45584838201731087	1.1680624274871656	0.4232692205538165	0.48245631137910727	-0.2239235520536838	0.5169617403639801	-0.19393213146413302	2.158492212188668	1.2512224703887926	1.0386429200400176	0.06430344643541559	-0.34031608978352557
-0.2744132370358785	-0.18851084705079113	0.5937210900862988	-0.49006705866426487	-0.10662827025624877	-1.2504026859192423	0.49735777979655965	0.5600794656704935	1.902929865446986	-0.4454623341939195	0.7310864026798904	-1.138116573269167	0.8641544814443071	-0.6973894227419486
1.5472381263515	2.3964079883958913	1.1740949846749116	1.5712631925731353	1.7636548287300244	1.9137384129817219	-0.4977418462134833	0.8998890827517995	-1.0603448714902617	-0.8333697328517231	-0.15208854204109618	-0.09577531645851993	0.36166401725767905	1.784141735293276
-0.7989940674779763	-0.6136892598174892	-0.41544565218665575	-0.2966926384576367	-1.589759956133109	0.3484518512297784	-0.2780970300730398	0.42176994232536436	0.3839487616518543	0.557183188406918	-1.2209173932406092	1.5415057598087716	-0.6639078916197355	-0.7339696468887608
-0.2030704330295494	-1.818207643635449	-0.8504075012326123	-0.5078706237171935	-0.906869340676459	-1.499907407973374	0.776795902442336	-1.486087603423309	-0.2986995302400225	0.2928590779323199	0.011282441865287273	-1.4479356961303622	-0.7356522538579875	-0.7794246308098662
0.8936400817846349	0.7975693064045525	2.038508025900823	1.478822758087743	0.907478731535769	2.7241841733949856	-1.0086536859804025	-1.0701595636010972	0.9391592681115275	-0.27179227201481654	-0.8871769117866534	1.7603548208484137	-0.15325117860091078	1.470315280285393
2.43902255110484	0.9497321952896569	0.8286132882737729	-0.6112290017110794	1.222177396315447	1.351244033434448	2.2767097714380844	0.43594752828559286	-0.5966284069406573	-2.655888030603934	0.809767850645902	0.5854678099447939	-1.1559387883008627	0.9193514359784738
-0.5254118811342356	-0.4460416813071989	0.09678512293271446	-0.09186002682950406	-0.8856953740527129	0.25164232941861964	-0.01458685812806544	0.2523193239145729	1.07148780435146	0.5023146160559484	-0.48096333130804303	1.0186469775573403	-0.21177846264754724	-0.5550775831264332
-0.7629564580017011	-0.5988926118288	-0.686298290543012	-1.0446693531149274	-0.2612819947890158	0.4609844184319787	-0.42718465638917125	0.5409452405752777	-0.5610272441380361	-0.718010744421627	0.9995901779013379	1.7853734136436095	-1.2660376724659304	-0.6702522216807805
-1.0949300747507305	0.1658477704242552	0.12292556485656803	-0.43252557855918866	-0.9297109684778362	0.05031987843616048	-1.2635893643614864	0.8337794431201754	0.8073736921660547	-0.5014315559145169	-0.9919182312022113	0.3660568561895724	0.1614645882275733	-0.36671281309336473
-0.41385427502914673	0.7565461128057314	-0.013467015986760693	0.8077544920427807	0.579411388856033	-1.389292410859125	-0.8151721757214632	1.4108155987102047	-0.09169091683033255	1.1333049519394935	1.1104926742194503	-2.6162203604911913	-0.45260374902639927	0.000577503384888467
-1.3555555574285667	-0.45843708711140296	-1.9253035576510709	-0.9800821223239247	-2.394979727766941	-1.3236259796652905	0.41448050602219383	1.8563768841712098	-0.5154838529261186	0.5567189976270549	-1.354363117232136	0.3801222557367442	0.6767762953386156	-1.707618476681852
1.7799796177639622	2.0894812794903665	0.5360324939133214	1.6995616817472383	1.594837605491413	1.3806757108830132	0.6771151183995943	1.183796356671935	-1.3422836554416122	0.18896676365259155	0.3602873173531095	-0.23592399780901346	0.2530260976228165	1.3285982459626424
1.3976685970988632	0.12070393754341846	0.5874840480373333	1.6732865917636062	-0.25489069235600326	1.2896969176211233	0.9698524009338445	-1.2334526171157738	-0.40816558829685795	0.8669747825594216	-1.828895497674912	0.7658204625188539	0.8286935746448759	0.6950367928839075
-0.3581182943562302	-1.7426287447451356	-1.2815144726701821	-0.7825573107816842	-0.27153426306811157	-0.7592802115163099	0.4458407622196196	-1.2982556956995002	-1.194477247622378	-0.15369158301736574	1.1010195160033245	-0.17267364857836626	-0.9980774399687757	-0.7640598393316804
-0.6683567538521835	-0.102325679329964	-0.9396825723455798	-0.6231190622764347	-0.6639025605490768	-1.303813991074617	-0.04711971910660882	0.8190693350986046	-0.5323999326659096	-0.5423453057861007	-0.08477702623090615	-1.1241749303011217	0.8429625901107344	-0.7623597984112737
0.4296319354508547	0.5751740861453015	1.4975500639283943	0.43482753449366984	1.3314278435732945	0.4359547597888864	-0.69044239280163	-0.6225976740346112	0.7283936641523155	-1.7409562577517417	0.7758405044196454	-0.44502134132136606	1.3993919470145835	0.6688543011631515
0.5292547083844766	1.4058412418086879	0.8003782101056214	1.640128754993379	0.8071934661731963	0.7605749672574443	-0.04204881638318743	1.2312397454971715	-0.0052204846191693756	0.6670547681997627	0.3904870324816885	0.6092190612184054	1.4654354104929497	0.3740103124117951
0.32221305596585614	0.872108006453383	1.085799530685143	1.2653385507314894	-0.21358164719549144	0.6806765413637429	-1.344494690400123	0.3936656249816688	-0.5470744811322434	0.4655997865257225	-1.5943208052346254	-0.44898301552955155	-1.5348655826615516	0.9428817479966921
0.9575471473492385	-0.3146139763900687	1.476525448311485	1.7803015451753796	0.13476241693755764	0.41957900783131913	1.2231380193157995	-0.9937871487376367	2.0024116193299983	1.9439662533515842	-0.19704098134644307	0.36230033830606634	0.965940789483882	0.08847015495573692
-0.25854479883724163	-1.1410931460324862	-1.1261268281197858	-0.35192827000904503	0.28349907398855156	-0.35417096020212147	0.5246410648429529	-0.8969597048605004	-0.8990137680677881	0.08405952231756388	1.4773369292362497	0.05708216036628038	-0.07532058818137735	-0.5878532054799107
0.23612214930995035	1.5070739072201496	2.004194036670278	1.5622876646681694	2.2999375881299517	2.172658469672106	-2.437847815867388	-0.4560981449940357	0.2941712253216188	-1.0679042116721502	0.9538710808220281	0.9300225033691562	1.1962704476736608	1.5414787046818388
-0.46953448807497133	-1.4066100295774446	0.41335202076158056	0.2336757676713812	-0.9718750311625712	-0.1513497899447689	-1.2654979912510393	-2.5038195293416288	0.2528258826564654	-0.14414389373433042	-1.7878432202890349	-0.8774874815503042	-0.5391698685493356	0.2035156617373998
0.6919384358970346	1.537243769638307	-0.23918530887678868	1.2251261647105949	1.2961293390087292	0.9978542705039043	-0.11205107669131638	1.2798047276025954	-1.604674055958286	0.40267817625887864	0.8803982683507885	0.18619620100648876	0.35408578510931493	0.6985437760548868
0.11766761296629721	0.7929953050538622	1.3862282680251652	0.7062271591314144	-0.19055553264448008	-0.41475667149361095	-0.33117265571779597	1.408116312751823	1.627350059188656	0.7859858150009518	-0.3006452024029062	-1.122651590284931	-1.099519795296706	0.16802947646210958
-0.2877771586055149	-1.9288387957638298	-0.6859022328702413	-0.36778197987979855	-0.8813428856932424	-0.753616193379415	1.3136750883179864	-0.7513330265303123	0.4231281476441226	1.3465199175603675	0.9019452506636273	0.6862585493020626	-1.2150216593223064	-1.2350346479811811
-0.20636580740817945	-0.1771194391782451	-0.9558208729911036	-0.14282502096281624	-0.03749557768776485	1.1040713865538012	-0.12316556748833023	0.33560741981966036	-1.3586224493470822	-0.006039823062460313	0.5497464449335364	1.9826851533043002	-0.6996593009833814	-0.23855203087336507
-2.1052264654776707	-2.010894762854906	-2.0153217516669995	-2.326254751116362	-1.923816139820559	-2.2573522346758765	0.07194968399402367	0.2042712216417412	0.27893772538395056	-0.6918319493247874	0.35402043228327945	-0.36244083534069943	0.43782649508913196	-2.2210227948577765
0.14688307584272764	-0.9119739118801653	-0.7424296176824665	-0.7732496050626414	-0.07022006973880968	-0.2729287808356501	1.1797780335228776	-0.3846768423692906	-0.2439273587974856	-0.5023572854024886	1.0164032261077776	0.25689282538468533	-0.32187165681332436	-0.616793475095926
0.3361275519985798	0.7846137378383344	0.7254254726851999	0.27995301772074616	0.5632927563559267	0.4142915958715856	-0.22375727625211983	0.5757042848800515	0.4484592938108522	-0.5997556706697326	0.20680810095077443	-0.4002727544591671	-0.07947704651860485	0.4550865762140245
-0.10459493910660522	-0.25026602175766577	-0.5517128864072713	0.42835466207873046	-1.0888364702380449	-1.272902853883485	0.7653080310408171	0.25929436181725984	-0.7493653947952793	-0.07753169019567457	-0.8505455933527933	-0.7497016013902841	1.8299417079667777	-0.7718309804413772
-1.1579610155073814	-0.21236441533988637	1.0764925870891588	-0.7710621753393192	-1.1074780364444166	0.37510088950400045	-1.5459215470095546	0.42696720898391366	2.198250925081185	-0.8989012238077849	-1.081583775731902	0.920850570825962	-0.6749186626543185	-0.33356100819937085
-1.4397234775630232	-1.546200422894478	0.19124926099826434	-2.11152972517131	-1.8026834336644135	-1.715233365442392	0.21939187691623238	-0.034416724806382255	2.9067234768590313	-1.4676092254422572	-0.4303919308361821	-0.2601465993785628	0.8373837792002897	-1.6930271438507063
1.084604585810412	-0.14827101558345612	0.4847289447340399	1.4638051771585512	-0.1491962053945035	1.2582193064584077	0.3959232622168148	-1.201271625968358	-0.6179571784456721	1.0708396058251275	-1.2293991260680397	0.6448947008095504	-0.7903706672965806	0.7305660934568747
1.657291919959956	1.5192318642774376	1.447206115044344	1.1941737344308423	0.2258704084633295	1.4419822716872466	1.091138618604808	0.839565232571279	0.7997266695544893	-0.06665277143886819	-1.3124274112850516	0.5385725078525967	0.4031137631812408	0.9348699720984222
-0.4636239116204547	0.013253264677917043	0.8709401705316813	0.5451608800087593	-0.3056013175201583	0.2885922218040207	-1.1293540927122914	0.5532761476580641	0.48440015683302695	0.8181206898673293	-0.20617854203651387	0.4885066186072306	-1.6783164374681498	0.016950863576708605
0.33769725214048796	1.1824516580276625	0.44592205862382395	0.4463802659322276	0.05040261908423638	0.8778167540192708	-0.3444458372581109	1.351064588149879	-0.10967838257627928	-0.24128194423497684	-0.5415512521941058	0.3886724288067288	-0.4744644247787	0.466705790093475
2.12676576423184	2.081673560958519	2.2004537299446176	2.4589900203921293	2.1551037191710316	1.2012783926138642	-0.17062155549422375	0.7064135239787775	-0.8062247120119167	0.6746342232226958	0.5452191707659163	-1.2853663569010758	-1.8198740381543512	2.0218002542021227
-2.458435020279675	-0.7810774940868529	-0.19645837371804675	0.09824400780529996	-2.361891876954145	-0.3697760462541687	-2.2587306708620574	0.49496106218757013	1.5500484310159894	1.5562335323926768	-2.128600510213002	1.0993756938213697	0.5885070356456038	-1.1957555385285157
0.7784670598492462	2.565765428085025	1.4049508648848175	1.9663032664000035	0.016953044016587704	1.4000685150188987	-0.9075817949139117	1.9470539012129577	-0.035581311766634614	0.29443215917454074	-2.226236029108843	0.23712458727802135	1.1275610113269774	1.172020885091855
1.982177193652765	2.841925794158522	1.1616719117884462	0.8236882948165107	1.615317181922022	1.285943157836539	1.4723560083099125	2.8990858343334107	0.15302592359801157	-0.8054997736741646	0.8552171190226624	0.047839124196513795	0.2051944363553866	1.0614354062873983
-0.17767203342309157	-0.2660082788576591	-0.6209459849000951	0.615373983737162	-1.0093618141373533	0.28081910871033877	-0.10597815762583325	-0.3201227227987322	-0.8533731084600069	0.6840496796827066	-1.534048033862201	0.6108689710285151	0.7739755952117713	-0.22872976422077407
-0.2466935244280548	0.07933851151826699	-0.279284425542477	-1.1566975831111765	-0.0635047562398946	-0.19802260868222035	0.4317777632412238	1.3552579455956248	0.40504492985937074	-1.0944475587225388	1.102687515874284	0.4118264815931758	-0.6434703152705986	-0.6051221927849882
-0.4461246302062256	1.3221474419084505	1.1000157377207973	0.5800310685901902	1.2531918178904933	1.1956929037269077	-2.0238453326921206	0.8915452659791571	0.6046578138070661	-0.7286470000126493	0.7835576032744667	0.5558932093312833	0.5019584631746847	0.6868285896860193
0.1494836463638776	-0.3247251084536631	-0.44067901662925807	-0.23755657814524905	-1.5183417935839236	0.04302562533363671	0.5106578748637699	0.26060777763552995	-0.5521083627399567	-0.04010605428299406	-1.7745645593081472	0.36283904158022273	-0.9520257849805852	-0.290684618038864
-2.8284890683850743	-0.944551644580212	-2.216166743563031	-1.5186006680641144	-1.1480393292526214	-1.1501141914392627	-2.0870239426776243	1.056199649405929	-1.0648331934152002	-0.2338862128952224	0.7170535013489202	0.3786002170493857	-0.004998053015347217	-1.5772718236207
2.0799605112717776	0.6006234584321642	0.8598672201916215	1.4608386245639164	2.2940030529735127	1.306308763951779	1.236902643907917	-1.2596608888708458	-0.7442616812748429	-0.20788653117396316	1.569310455193408	-0.2116463118544813	0.4953971737728247	1.2573405570001068
-1.6882890035156235	-1.6451759388659843	-1.3381315402150264	-2.215337479407712	-1.4267778853098587	-2.431117489747537	0.0912819594531704	0.22092492702413435	0.7005419633450941	-1.063946270970134	0.5848831466312923	-1.4505164418377645	-0.08853282346179293	-1.7600243303881062
-0.8740532469303586	-0.2320359593526259	0.3980136092881832	0.5988094448401948	0.36419476782703336	0.4301102194040946	-1.3777850476916185	-0.13848124045230306	0.797643499020404	0.9018538020244742	0.854155149441523	0.5540018029760023	-0.26933323390187974	-0.09508056830086811
-1.1576066566763301	-1.6235854798219622	-2.184729645297395	-2.206920956966191	-2.597864937965337	-1.5371352952842452	1.3091316852981136	0.6015224110054225	-0.3728636705600906	-0.7058505083705553	-1.022343127656788	0.37876077609372916	-0.1061661631263957	-1.9632656937999367
0.43196501265671705	1.3823326180531652	1.2116242086903184	1.3513303449351843	2.025013148806469	1.0717535817589208	-0.9953747860706813	0.5876076766469506	0.3270583161491459	0.20156370771728746	1.6587682241005	-0.23635327801908648	0.07797389336774288	1.0141732333914462
-0.5681169973990948	-1.0071854592803788	-0.10618681476873393	0.3317396066168382	-1.016449658742393	-0.16433795451896782	0.36889765547699777	-0.39133650842262024	1.1933988619582665	1.4631506330271633	-0.40100170195156914	0.8738288413410817	0.4719444940240907	-0.8667724530316248
0.9100804898201933	0.7443512118118768	0.16474243093910967	0.7815133626911219	0.00659727658967818	0.8735845998369877	0.5019939195247248	0.8283571163258003	-0.8831667088228548	0.4177833953116402	-0.46669717522114146	0.5267604617772337	-1.076872718732279	0.4627114857628524
-0.9407786336791992	-0.7435696729790013	-1.3624925795041998	-1.334164818185107	0.4540891473179023	-2.268137955598328	0.553288630899096	0.7744955781773774	-0.26766296548624263	-0.8007292005708325	2.828307245041591	-1.5941635812528552	1.0309059223298112	-1.41444820435139
1.0399773934785412	1.076360853943645	-0.1760351055461582	-0.15091389726273552	1.496472076061652	-0.08409903274162756	0.3027334733734955	0.3497123441191427	-1.66578357356072	-2.0474046208367156	1.0516130703701103	-1.796652705544857	0.3142368292944691	0.8036860816132655
0.898040388943632	0.028241269859696494	1.603111506560503	-0.5986961868480176	-0.6624811013898253	0.13965169291348317	0.7119779589199748	-0.3319246255021265	1.902882417506339	-1.7742798109083573	-1.5010724172513716	-0.633517097656855	-0.6916081799310696	0.3657176811471863
-0.3113033149625813	-0.2346880952137268	0.35864825014669677	-0.8917973693572887	-0.26395568859711227	-1.3049484783178626	0.47902470912547174	1.3661524446649471	1.2325068665555394	-0.2783987218600028	1.178634632436717	-0.9409468467911726	-1.4020038015551757	-0.7739788017016598
-0.2982086220176543	-0.79057593413519	-0.8925655429595498	-0.2798678303629648	0.09367578399405774	-0.3270652774266522	0.8849510241027566	0.06355598057645465	-0.0846950974860006	0.5805640927306638	1.5373279851619508	0.5269294003678913	0.07011025824571411	-0.8427315741302056
-0.4108198282510731	-0.6899283599201745	-0.8196531602291333	-0.29953598896934797	-0.04199693668929755	-0.33726314664458384	0.0016365293535802984	-0.5283392184132487	-0.683626284288721	-0.33684576637476393	0.5751753145797002	0.07076421060173971	0.7593013615113187	-0.5247851011744891
0.4082556829605503	0.705360129082725	0.4693362859783372	1.3460066334665937	0.40019664190539966	0.9732726665922571	-0.5078147257821362	0.07780039234990284	-0.36883970883313183	0.8090849771799161	-0.4309582275978294	0.14753757313101906	-0.1401570807443787	0.6867113098216591
-0.42819202536541723	-1.8276694560768378	-0.12161392919464435	0.6843918926755836	-0.3735297221350817	-0.4022148331371592	0.03309998042539328	-1.5414256776233277	0.18348258322068223	2.096771519601437	0.7442807933970492	0.31101536303902627	-1.3988293372177865	-0.623048182059284
-0.6016457709668166	-1.0474852038037143	-0.9159470733196505	-0.2519770077621629	0.43459592946018377	-0.4231828186094213	0.0959138661036285	-0.6603497930736102	-0.370023729635834	0.31454933862448753	1.8114071800037936	0.16534521064150706	0.3083950363195401	-0.7129543352234562
0.8963264208220074	0.978245803016622	-0.20307404576210875	1.577191154158942	1.6590009570474042	0.9127797794510992	-0.8589730340543271	-0.8396782994805584	-2.84039873468928	-0.46811169592973606	0.36231927198394726	-0.7409714930718238	1.0878452702306205	1.2644837286588329
-0.8177148533579269	0.3756678471625863	0.2583712695287782	0.05345314787460287	-0.791018114906333	-0.13102934575814495	-0.6759445550737572	1.5143308762138077	1.1760775543089597	0.6282620751592283	-0.43201805424445977	0.24594211596603088	-0.32357578737205694	-0.4682155210912869
-0.12338256579048826	-0.8379486032692447	-0.23277311654716643	-0.7787836387745026	-1.3095348017243675	0.7366834323901087	0.18550311260901453	-0.4822887309954058	-0.0606776014979507	-0.8228086782392997	-1.3094843677808274	1.633620213155144	-0.9181128463976436	-0.3649527953924726
1.1195270568677316	2.1546914338558496	2.0208953437338133	1.8047105426661156	0.6948585123697478	1.389227031189758	-0.5359049538864527	1.032722523543402	0.6770349592139939	-0.34484051269111426	-1.2869514837824676	0.10441256729567693	1.305035553486951	1.274050809032418
0.6155846665852047	1.7923978077176541	1.3811231173654892	1.7990850109006626	1.5047724776053986	1.5135287690067245	-1.8169628609694881	0.6595853727133137	-0.5981528180582762	0.2347242079460229	0.14101011427385454	-0.3125753734824013	-0.9024411290866886	1.5771348099070035
-1.0731298030603786	-1.236025961039164	-1.566827495641554	-0.3423863857276624	-2.2197405735528144	-0.8795411949136952	-0.2638447972935025	-0.5359568262584168	-1.0678613328195912	0.6194516501817352	-2.1754678412659048	-0.2537859133929664	0.06215773768219612	-0.9268834128205532
-0.09234821366960763	0.48023406902135557	0.09995051073345418	0.7290583890915463	-0.14806877671807553	-0.6097349160218722	-0.3712980173631892	1.414437267263778	-0.5449337762294582	1.2401798865118454	0.18193122850104332	-0.9257762995043433	-1.5558928325766888	-0.05724972482157336
-0.8420699291866893	1.4698563282185173	0.48253231493227544	0.575931725975606	0.514524531530876	0.8881251182208384	-2.176597229807778	1.9103894907773973	0.09030608686068195	0.06594076845206813	0.3151537113027608	0.5047077048117005	-0.3795624738010012	0.3995351285122791
-0.4768935965722281	-0.27427020852190526	0.06204775780635044	1.1469825648660967	-0.008844395146866683	0.04012095929654762	-0.7291414362696554	-0.38625391652475854	0.17165984557522515	1.6491572900967195	0.056122412858949304	-0.19818782634535564	-0.007787894047630424	-0.04096027979752407
-1.1327593590510907	-0.7317388455926462	-0.6078654059358964	-0.2861259214957008	-1.1647229301922895	-0.045537619636924376	-0.4240849367071817	0.24076112168649869	0.49029440652119455	0.6460360509683252	-0.48068227792219126	1.105792238401685	0.1524840380936988	-0.9066923262232852
-0.07514490565711734	-0.41287896874340624	2.517135049187665	-0.3417175396216127	0.23759254260079116	-0.14535522333895812	-0.9218368264582951	-1.0650735250132874	3.407211458197385	-1.3483584045222123	-0.00098399258080154	-1.109560485445899	-0.7178732035903161	0.36973978698262944
-1.9504069870219678	-0.9109535754290414	-1.1128704790640054	-0.22131565950670498	-0.4669459066750699	-0.2746647180446303	-2.533161648773844	-0.42502279654824093	-1.1078639072733392	0.336012627185028	0.30102871712262363	0.15539211024633098	-0.6353144119584122	-0.5288770151084146
-0.38735934887022827	0.626406554964511	0.007785959857384395	1.0192373361476532	-0.1816115380836108	0.10558726461406526	-0.93014964328428	0.8027636596385425	-0.25172209389106204	1.1234380390995475	-0.5439491295305408	-0.41987561609252516	-0.06599848502728355	0.1579480561868423
-1.4740294386350188	-0.6882545792468278	-2.050295826382909	-0.25569202084941844	-0.46765020474682056	-1.5290525918785134	-1.1109220382175786	0.2935706658725117	-2.0328057153710772	0.6777325432863313	0.6610674670655774	-1.4865666650505882	-0.14724254190400676	-0.8349484703895333
1.4294122293973939	1.60347850584873	1.7553561438169853	0.9807541809387129	1.7251016380434727	0.7842114470010789	0.04166714472762529	0.3275769852168282	0.6271359339745247	-1.0485644929763522	0.5305418324100706	-1.3107936549120698	0.16726685832609428	1.3734789430534142
-0.17364028703573708	-0.6849195623523414	-1.0901678320658366	0.01935360820042964	-0.47091528258854765	0.33473489269334533	-0.11680427026943549	-0.8914171000209146	-1.6114626374449985	-0.053253304638025925	-0.5348382585647672	0.4371902854699686	-0.11959282089512302	-0.126150738160768
0.3088199326630261	-1.9559254278823632	-0.8515563347202819	-1.441155061349057	-1.0299861351447852	-2.2060009705788386	2.420796062316817	-0.5205359792317253	-0.010847698844514028	-0.2525783622096558	0.8360756554502239	-1.4609272521432966	-1.5598011128865747	-1.331643617766013
1.4306444170321628	1.9017295158911365	2.250202387193569	2.750932198467866	0.7263606800634225	1.4584501462194344	-0.5638754917963839	0.9704452775488236	0.4560482890642746	1.8418469115210891	-1.1213012794425739	-0.29156913780336896	-1.3803072413746136	1.595523797636765
0.614008555069012	0.5697298163470285	1.5173735081329278	1.3415221873225036	0.9460628916228675	1.969092951435329	0.05335222491122029	0.32117509152281754	1.6006288614293358	1.2286516124348092	0.9381518081109611	2.1824589905548915	-0.5723139228835663	0.4914875460100512
0.20160321598171205	0.4232835810249924	1.2972608445837768	2.127941737582091	0.8168706036352774	1.398551773300496	-0.9973633048365308	-0.8428485136117795	0.29334056913908574	0.8797808085311017	0.013477688362642739	1.3260645031562432	1.6005994137474935	0.6088728064425614
1.561464382022717	2.1605166829448352	0.6989907311124819	1.3839679975643882	1.940002972561013	2.2405369586909942	-0.25038846589502733	0.8155985518119191	-1.6584992484414274	-0.8137202056153785	0.4480134694191141	0.5828044041393612	-0.10387386232413903	1.6919323243225115
0.9456166089623586	-0.45256333218002626	0.5216829769240203	-0.26254095604672584	-0.784561956058138	0.6595856758372937	1.1639437661140766	-0.2748028209657131	-0.1612355007122417	-0.5819719919712232	-1.0591744467144222	1.0550942161798844	-1.6864422207686665	0.04960680455313493
-0.7119981165196151	-0.6644804198203543	-0.5205187217980528	-1.3637947177953968	-0.8694781801991268	-0.8156709532684557	0.4750817862655808	0.5441742068462124	0.8493201707757265	-0.9676785889937166	0.20356289749218737	0.05959399859658977	0.26682496205003825	-1.0443499363380895
0.067016200453625	-1.965020961906447	-0.09753025076557398	-0.5321649751102915	-0.9239502414031393	-0.5232436969512967	0.5604190554577464	-2.3987031332036834	0.2903698390676085	-0.4150944808134729	-0.6848826605487736	-0.48779540778487457	-0.7329779555573929	-0.3792034908727582
-1.7808451643274206	-0.16483663440352092	-0.14327016083661703	-0.5008561496977141	-1.2934664634371986	-1.3867006818115861	-1.782199009740625	1.1555744422728012	1.0059685167640424	0.23897290687493342	-0.7289536968917751	-1.320839605622561	-0.3981370409691361	-0.7785538915733744
0.04763957984318357	-0.16781904190517255	-0.3109245437828887	0.25198173594451156	0.19884915561586136	0.6893465372468506	0.03292508243085305	-0.07122395235511765	-0.5064467598673478	0.2698167244573156	0.5359078045618331	0.9136969166315557	-0.4165920101921626	-0.04176626845366943
-2.9336200978974225	-2.843457477060146	-3.6564544954165563	-1.7230911369073767	-3.0433904909953107	-2.7143902333075394	-0.4163289194832965	-0.3762917078170074	-1.7477444823863575	0.890195995124322	-0.6491305901132837	0.02119003397546397	1.0471500999963328	-2.827112472369208
0.4202303643766955	-0.11764370282133557	0.5746234775243437	0.5094404507659104	0.427090167682851	-0.26186913774403864	0.2527540967279437	-0.7187805951568229	0.4822495342316206	-0.16098548037246702	0.2196912218946816	-0.9080234657778652	0.8290068594468305	0.14782328238339204
0.38523196652595726	-0.4204068631236837	-1.3402386361250205	0.14045987838335977	-0.3885176482979291	-0.7084151278723823	1.4182174250085364	0.2909581339573764	-1.3983960525970125	0.8743813139165401	0.3417819770627193	-0.6183819034718269	-0.34788188720863794	-0.5254053660563819
-0.2691517808533883	0.09754625822290725	0.8826161683104141	2.6355322729000177	-1.2605742583922628	-1.6118538793067148	-0.6385238187858382	-0.39888058721788827	-0.10174050112578084	1.236408587163372	-2.137543400133461	-2.2520618445294125	2.3121614972626507	-0.12555768889888994
0.0352594802256071	0.7967630674681305	-0.9012140473273993	0.16362978138971995	0.7417111009654707	0.4744991305687492	-0.39233781933392714	0.860845589416978	-1.8940511677619563	-0.5496986763069963	0.7713114292645441	0.12393522161842752	0.342504928460751	0.2117547281257936
1.9257411881549216	2.19408114150902	1.4043716995455648	1.3344525370791325	1.7273298813596116	2.072882287190424	-0.1913807194054024	0.21368460570282766	-1.0219030402185867	-1.6238643560630592	-0.5529850280019429	-0.06829462532605628	0.590640652838377	1.9477422475196478
-0.7902031399300194	-1.845478730758987	-1.6135789876549769	-2.37337563288601	-2.4439798808976105	-0.8858665019042719	1.495922895229901	-0.1601410474557486	0.1645471158227338	-1.3773442927213098	-1.1578696944892273	1.0568387715781893	-0.15987440144667286	-1.7174192219962034
-0.2707925426225579	-2.4307149215855315	-1.3590010819442915	-1.3926774299340405	-1.0866879439217645	-2.963976696838856	2.6528579026605468	-0.9999566365894714	0.8594606842677533	0.30071121669458123	1.2567248624634735	-1.9244392857622785	0.6741184528834502	-1.9655646302085388
-0.448026145351609	-0.9676954469497966	-0.12069337913418132	-0.02258242741046801	-1.1288949595917188	-0.9976812585712169	0.09251316081406202	-0.19059159165772432	0.5165746371353069	0.9206779176969553	-0.5180244240821968	-0.7558535640454708	-1.0373716703188538	-0.6458661578913912
1.0915603394621154	0.2790311970029532	-0.43944177055770217	1.9666624353055644	-0.7312008487538537	-0.13475930540319814	0.47367226941333723	-0.9520115744500819	-2.097126207973203	1.3835060354431747	-2.60768290226562	-1.604409358310264	0.8049246837599193	0.6892532049210184
0.7449983674240581	1.7652206699116726	1.9402657368851621	0.5115211469067498	1.7288684421898408	0.5146042817529934	-0.26477108479460104	1.365898292311866	1.7123599078530307	-1.195933900972871	1.3321559323279646	-0.6880410099817126	0.7929854744589802	0.787084599632757
1.7934947138719712	1.3409136364767202	1.3307687977833753	1.846618313832936	0.4520047961176933	2.1677630859609827	0.9479344156199467	0.17952578610281675	0.23512739438166042	0.670015757378552	-1.3001811339475473	1.3477767176605644	0.3198029364924467	1.1692375775165407
0.780538232127349	-0.09970706995940731	0.6077292548769689	1.6587271200933997	0.6639433732443861	0.7288802449335282	0.5831575456574647	-0.9099036180060653	0.3516045668541655	1.6483416948132756	0.3678074540420055	0.32018671081285777	0.4484532289935733	0.3565444550455172
-0.1974861206888764	1.0978548156685015	0.8604548741894937	0.7472959657369913	0.7366566200597625	-0.2361405480472839	-0.9235897500320872	1.2334717410934883	0.8701221919948346	0.3138277742344379	0.6315462278585475	-1.2849550017917435	0.10878530203873785	0.336014710604661
2.5764505488217377	0.4927147309115565	1.5925195987329512	0.2894284724097915	1.9654391841889671	0.996717734739418	2.2900248948618684	-1.289417916780029	0.5348970207127224	-2.21585134935261	1.221954164840048	-0.2805116756183271	1.0254327041864812	1.0612789401422777
1.5376387722132836	1.370432041556963	1.4381064224035147	1.3685263555804141	1.7916983165992693	1.9530013793794199	0.4718694234743038	0.039080103376549734	0.026341664860758056	-0.7464065181940437	0.8512915422816494	1.3486833744697015	1.2915726244509298	1.0886694546408473
2.0655596555860445	0.740169222440889	1.4473624392295292	1.1254160977497787	1.240835646766337	1.9785069332647853	1.4053150515704462	-0.48065312284548634	0.421950688670825	-0.2125941169070093	0.34524797364108784	1.117609039743466	-0.5383422602370894	1.1362295481955986
-0.13369202831458493	-0.9875035340272439	-0.835315931493648	0.3785335002721957	-0.30258769845257816	-0.5397389432278173	-0.1461518441984705	-1.1970098940615128	-1.2846856925282257	0.6923901711734196	-0.06901894172860171	-0.9298999183934462	-0.6287007610824573	-0.14355744537384477
-1.6245601209390799	-0.5195170694431089	-0.5621968560391283	-1.0028555287609757	-1.1650662945042172	0.014123002053188394	-1.599334780292025	0.3917108789476352	0.22333468278386112	-0.7557817134077627	-0.684932913001692	0.8783448216103971	-0.23602286344326626	-0.7073390241230367
-0.4250530967759667	-0.006482417329930379	-1.0140576194870492	-1.4385041693755172	-1.2361724059288108	-0.694011747117835	0.9385303454617459	1.5929773658306543	-0.00622908530639912	-1.2007450368041113	-0.4447951498917092	0.37130986188643234	0.598708371608319	-1.0820105111499867
-0.8414132420039545	-2.141368385834663	0.15882650145079735	-0.10884860098009344	-0.49975303176024666	0.4609476690295751	-0.842421391725829	-3.033260826020069	0.8821613271541722	-0.015062272167204037	-0.2928166666224364	1.1449319037559071	0.4313853011040855	-0.4076889504434384
-0.698457332535988	1.653884882566098	1.566969514318621	0.49378623670343014	0.3541966080011988	0.5452960966667056	-2.2654659158661246	2.583892321702157	0.8074936768608906	0.004121458195801267	0.15521474888353118	0.2122192021992892	-1.7681752783430154	0.45718454521340673
0.27532362546985045	-0.5973318764963994	0.8555936223497237	0.035075469564987305	-0.3843988806420584	0.5298064579964762	0.09408278975745413	-1.5298868434660868	0.7211608455274356	-1.3335701005671134	-1.044264724244306	0.7405969176670776	1.3726307508047424	0.046074079422304126
-1.508907451383561	-2.10859865593546	-0.7040031853743616	-1.3652830373562201	-1.1132356610940364	-1.4309344921238014	-1.0004482469187348	-2.0099651898131867	0.39607674113283003	-1.117330122098869	-0.34998733247717856	-1.1135541969022378	0.2657959010447488	-0.9557787222564976
-0.08691510406403137	0.467939824854627	0.07885791645488004	1.9531631243213248	-0.5460725767402861	-0.9770322222044736	0.16537480296739615	0.8750529363640582	-0.09431303998034947	2.231137094792014	-0.6144063594989895	-0.9893532715156191	1.6012213161006683	-0.3773362001839416
-0.7193429883767661	-0.8071890156333558	0.0762864686674945	-1.1115184927175918	0.6088504389592044	0.8909246082578526	-1.864637627384643	-1.367945574098663	-0.7300799369522846	-2.366198012377876	0.9111642538425951	0.9424791768167947	-1.1594518703671752	0.24546870289927702
-2.4201602019175184	-1.586735683706636	-0.6191437260116223	-1.6618080321620152	-1.0951846051058014	-0.6346731911587213	-2.031858664100742	-0.3449307860938101	1.0224229497092836	-0.8379719639070076	0.46774760599132403	0.783880996741049	-0.49292425746669516	-1.281192360557011
-1.0546178098184305	-1.1369582487019554	-1.3677239330500115	-1.3692029395103764	-2.440257391229708	-1.0602221747595066	0.3236977940207025	0.9036067272690445	-0.49322753545583886	-0.010785227982420051	-1.3838869467771375	0.5088509719623406	-1.3129187423694335	-1.4165385365894954
0.1587932769917505	0.3292356110962688	0.8197966015683608	2.6870343069129383	-1.1309967155601797	-0.6694852594449364	0.7629896767394211	0.5391008913865257	-0.4474843931529477	-0.5071603469260065	-1.0210793255470672	0.1563970700799517	2.879613583332151	-0.5701476404020769
0.19222980793313849	-1.093290725578548	0.008672431051189589	-0.22826366822508787	-1.0878091688013933	0.9313999513093378	0.8575121557245279	-0.7444539096717837	0.47217248979654614	0.2511533499742366	-0.7812042904755556	2.119310809722251	-0.9525620760379566	-0.4561059645678865
0.36898207013350404	-0.7281656480120593	0.9017118548744769	1.9484322066282267	0.25145449129190756	0.3047015039839843	-0.8353575061338897	-2.41705065949369	0.1112772435646044	1.6869032538822395	-0.7879423237662927	-1.1364554210577473	-0.40244324212539734	0.802553396109234
-1.249769443320818	-1.8119720523671665	-1.0216267531363763	-0.2378391338500222	-0.5878207873927952	-0.06885472540005244	-0.9378278137697424	-1.7137983691318488	-0.5035018729494541	0.5664106263148755	0.32552973555195014	0.783708802366217	-0.25553756200917427	-0.7325855184862222
-0.5931584604616811	-0.6399789740276743	-0.9622199065784494	0.21483702319208858	-0.9086768675687977	-1.214289482323791	-0.05380160540802638	-0.22270469354185804	-0.7381483068244854	0.667017730953611	-0.6277059085095713	-1.0690089695289777	0.9302629162430882	-0.6924087411511771
-0.019339979284769215	0.022894310773215965	1.0765045660991528	0.3141216480902831	-0.4878931002578096	0.03176206709945817	0.6700450774807443	0.6261851485967834	2.357015063324304	0.4960670761558722	-0.16076014664470945	0.8379529496368181	1.0705799965360887	-0.5669327776920718
-0.8252211408106341	0.6376530514701986	0.15734578926380333	1.3803432472695532	0.2595014145060895	-0.21816420241727946	-1.4757969110410596	0.9623207068903327	0.16380647832282758	1.8667982942347383	0.3320679907976124	-0.7953586607980562	0.006029986061361218	0.059054630123726755
0.8417642897984378	0.5497179014474284	0.8096390745112023	0.5339218599004786	1.6401946347664473	1.4594780824647722	0.342796677671272	-0.14807953298216942	0.33123251202320353	-0.512587063291215	1.6696346877304877	1.0947034578290522	0.16582978842698817	0.6053996635513323
-0.06416793611957933	-0.7766217002846909	-0.315794646814078	1.9036958850845065	-1.6562866950391544	-0.5336307349132351	0.1619437590055355	-1.4888772572788258	-2.247872774964185	-1.0722623110625402	-2.1987264977606733	0.11650397065262254	2.697981305746057	-0.42289160706660683
1.3976725640141623	1.1068026620132483	0.5470572540130407	1.0440288434436946	1.1083329180352663	1.3678188820351511	0.6891233984035825	0.25761924837987654	-0.704668116734147	-0.18141452446422845	0.2601396172820886	0.33325460502059545	-0.08149381367391346	0.9685298757201052
-0.04266575965184674	1.0031011081834356	0.40870291614977955	0.9999563386772167	-1.217489304560684	-0.353046853166159	-0.1058914440855792	1.2782225820610629	-0.6586291615868607	-1.160709416573483	-1.928078953546197	-0.018234231612914983	2.257431156767027	-0.2153186724066076
-0.9374925716698596	-1.011233212851804	-0.5241533614354829	-1.7406492628210135	-1.2455036062905722	-0.7926849431830395	0.46296417675620666	0.27031198455907185	1.1367653026596627	-1.4178512290633893	-0.09326025642077963	0.6651740197340053	0.7933245690013598	-1.3320853173875191
-1.4804914529805917	-0.5252297329738456	-0.6268643063148723	-0.873696464523867	-0.8352535876182346	0.5782007722724072	-1.3052882163840955	0.7462207852710042	0.10214486464306319	-0.24987455050521246	0.20258335708070543	2.0869529506124493	-0.7938527331882438	-0.8141916574987993
-0.47404758568820654	-0.3849540936348236	-0.601056831591041	0.3732005448463879	-0.166177999461185	-0.6438644902436474	-0.05022972931877778	-0.05047333893670796	-0.5212670094224862	0.45561362983638876	0.4174397162547365	-0.16210580100636732	1.262802282165075	-0.6072305467058138
2.218579591457856	1.7577091672211913	1.2596722710671882	3.1377874136973656	2.8097538960271216	1.9577884434201356	0.2566652099186632	-0.5897250372522228	-1.3772886939814943	1.213852283145418	1.1965904264274694	-0.19291521380632012	0.8500092704740831	1.9415423354777084
0.6291944102637839	0.9227332542467709	1.2400617836634025	1.156977171499987	-0.23274214455041975	1.4217636612464075	-0.27568053916616986	0.4108673716797906	0.8007112077940737	0.45285125296623296	-1.51668197351211	0.8202461726698219	-0.31676871802261636	0.7395665748434198
0.6287058523446516	1.4418506972409533	0.7587182582492936	1.2783105847412275	-0.19627485466806394	0.6194991637809792	-0.628439789582835	0.6451395193185931	-0.45620584537169495	-0.1339841874790796	-2.0496103683266584	-0.6492198937622865	0.8719864232906435	0.8803697009916687
1.7158116081356602	1.2734446025932176	0.7444089823461787	0.810242522967383	0.4131158374902175	0.6546491912949104	1.9516676122500352	1.6387625011673324	0.3386646408157396	0.463335758496757	0.1841057964910492	0.11606510636223008	-0.7268314797964648	0.4355533978521112
1.6801422314966428	1.7652862829538185	1.8895642089775542	2.9027006086936824	1.0980039274735929	-0.31804912562938736	0.1676408175241518	0.031130334764184957	-0.3316862864646529	0.33163137419076777	-0.7631322388567513	-2.7000360145276177	1.8999426751853783	1.3666195470582319
0.17798934294963362	-1.3598578500702057	-0.05935566687616414	0.8087513330299814	-0.45607004595629297	-0.47309040733186136	0.6699707450210439	-1.9783256446164765	0.2205743194042863	1.1187084187245675	-0.43378281033954835	-0.41071361966486736	0.8947290512591125	-0.3518082735521422
0.7020883742544363	1.2760952835246355	1.4397866554429266	1.1298462527734952	1.4686614853751858	1.1142481232954744	-0.8871410639369754	0.3162392906843415	0.40111767869556625	-0.28451599164894464	0.6335996477514773	-0.3942905640702731	-0.40212066574144095	1.166775842262319
-1.0896366619007862	-0.7976835423340598	-0.44419613677948666	0.6615175147370527	-0.27115840408307434	-1.2218502395198367	-1.0427441056505764	-0.41277502737357025	0.08390938707165989	1.6779730705536475	0.4641254196838207	-1.5199645030604794	-0.22621194181669502	-0.5047761375465786
0.43201349389701743	0.9739285996270127	0.39121273500527776	1.039332821600054	0.7013971990386328	1.3294875118292375	-0.7637581377280331	0.08338478341457416	-0.8174141227851793	-0.24452217140957416	-0.35247264941475803	0.6527375001638452	0.6970213071994654	0.7844934681383751
-0.435795001191158	-2.2759822304732333	-1.305125587563409	-1.5668475691766168	-2.7375336707828715	-1.6616733742672183	2.232636824285056	0.16149870611315592	-0.08432921172278982	0.6553811712819867	-0.9331865266434864	0.6594570254566701	-1.9169747553619498	-1.9894865030687368
-0.8206521438128348	-1.9870931243696819	-1.540282128400499	0.04169679904881307	-1.889351282323992	0.06516895533853972	0.3358083846608097	-1.3074472053863413	-0.8115528141925132	1.705263593629642	-1.1513284592916944	1.6541109660944053	-0.49818425466665733	-1.1029879502045457
0.5501567058334651	-0.9951219313271835	0.7209003537447625	0.17264906753201814	0.9199646936214277	0.390905276956114	0.5508182345064463	-2.1332644146134205	0.7137488509328536	-0.7819571232643219	1.1173598431105458	0.35325146580578437	1.0376538186611421	0.07730595370864032
-0.29771818639579284	-0.7531663822729623	-2.1323393298388558	-0.7389825921228814	-1.3308173826037182	-1.1833127384965665	1.2818761218664967	0.5925177128247463	-1.745695773338059	0.2809730267472765	-0.3703024876146427	-0.4915666328780008	-0.10726906776069928	-1.0872231964156702
-0.5366749096700232	-0.5841551321516278	0.666563274727849	0.0836443799917056	-0.7586315802989799	-0.05252108873682783	-0.9036688543660463	-0.3437668182334519	0.9153658390667917	0.28009847739046023	-0.7138604163624218	0.022761652323988652	-1.1511190334123866	-0.14767123452907935
-0.7559358585895106	0.05633659457195361	-1.408975205694001	-0.6360289729499752	-1.2529233514660583	-0.37668811216826503	0.13186659375615753	1.8316566053232024	-0.9162534767254857	0.29769548679096974	-0.36112146499731773	0.6377407769160376	-0.5803569987815559	-0.9265859688656566
1.0563044708509737	-0.3960936298874305	0.5226259752263802	0.6480850010073251	1.113109862776438	1.3673921395215491	0.6606934625424823	-1.4504357873287967	-0.1785730723884027	-0.0808252393313376	1.0574620895616387	1.0271277737714726	-0.5139082210673072	0.5769494867233089
0.004704756296543988	-0.25722766245580386	-0.5212015485959043	-1.324298269018903	-0.9915507351662982	-1.6553529413180552	1.4846694762992199	1.0367741224943443	0.6646016954862648	-1.089823264158885	-0.1858299631742812	-1.5187407349720425	0.2840188658152369	-0.9360959091154578
-0.9642888666734362	-0.7343089211914042	-0.49254598426292484	0.6538453904981018	-1.9533062746316374	-1.1271859533773894	-0.05528149222170298	0.04750720190404781	-0.12847263924010166	0.7476498715415183	-1.6620403721038952	0.13998174196944396	1.909522688031252	-1.1447177799400834
-0.7254290676737973	0.1671215147997256	-1.869765380271891	-0.8412314373116146	-0.7286855801505923	-1.2349695399406944	0.6060426932242117	2.01683088128652	-1.333257062453512	-0.15602766664671952	0.5556420655623677	-0.26227908736744265	0.8403371208992836	-1.211044438152043
1.3144102063402636	0.8495593792056679	2.1320141879192542	0.8981474143257209	2.203848558494838	1.8322699376018834	0.058828136756575736	-0.6323577848089512	1.4564389186665556	-0.8873768428598402	1.624671150463491	0.6318733938118645	-0.129193080970708	1.2548126662851802
-0.43741921991436067	-0.9030406146909191	0.2877614393270238	-1.6090144533556798	-0.8219343734266586	0.3193716471027619	0.47871128644169325	-0.3184238157838845	1.7461924867418663	-1.8588568658284643	-0.17974063059812864	1.5448708836414091	0.3991964161725263	-0.7918256084550936
1.5053025280084396	2.047764164076825	2.0145436881884278	2.4444040581961275	1.7506524185834982	3.1002600714877238	-0.6177597992229512	0.28179232854484926	0.2744331580108987	0.6041443331651005	-0.21309935823448903	1.7658327329579733	0.17446178080006225	1.843796410789903
0.2811554786362904	0.2559775358577756	-0.0804180674248669	0.7473171387602511	0.18606165225652138	1.5465096031970964	0.1705232794500329	0.9653601937655357	-0.936785947729689	1.1922436646299488	0.6596729440283949	2.5926481990982153	-1.567476821653017	-0.00974321607094242
-1.2113057302404824	-1.4437463045046859	-1.5531296488584596	-1.5464776906458915	-1.555623058233608	-0.6512625335690015	0.06935906367881049	-0.34718806372426975	-0.44631587180867477	-0.8967699497395945	-0.5276359077552301	0.8371724044859692	0.4783967020030099	-1.331112806670726
-0.20835117719654161	-1.0962571638868839	-1.5995965090539346	-0.8439420982052449	-1.5358090202853947	-1.4201830088613545	2.099796069567836	0.9882957249531007	-0.18660591124859857	1.022591208801825	0.24262090386376153	-0.02976461165287301	-0.6216096392104714	-1.5649126710166499
1.330420237100534	1.454841533022736	1.4559342357818095	0.7227083212054043	1.01106147669075	1.1451407374391862	0.3010249242229334	0.4916638569956182	0.5694313028270586	-1.085072681471791	-0.24557918819866775	-0.2204540258564308	0.3511336965561187	1.0896164795141414
-0.26374619784699754	-0.08923318093004706	0.20332463835196732	0.5401044562049206	-0.3759170020756901	-0.24634684293696435	-0.9911357890280458	-0.318325397845096	-0.18588951636264317	0.34037473790357625	-0.8108628760658781	-1.0618060632041184	-0.6469443979385894	0.23115093736472841
-1.42040058831265	-1.9476433686805306	-2.8545731351091512	-1.3645045586738869	-3.291668491827701	-1.780318058036415	1.4622720249140722	0.7345918650008808	-0.8756289844530561	1.3643567307634854	-1.5062055960724476	0.6099607884099394	-0.2389274093026388	-2.3406130058205314
0.2185852375902795	-0.3660705381812345	0.1309281902361956	0.6415664894518576	-1.760732972967121	-0.17243892710592748	0.7080948367110247	0.24319859982912664	0.5096089634890641	1.4887829188452553	-2.1190444354049194	0.05934960424302234	-0.891316840661155	-0.33372632994647944
1.5242260914715935	1.0252680416941793	2.300258574179565	2.3524752479096933	0.8140075388038812	2.410648063105075	-0.8754764278749559	-0.6085122208680759	-0.7387227844550659	0.8483894137857516	-1.3976405164252208	1.1663111724292745	-2.1486948395743704	1.820114342129899
-0.5058157046580946	-0.8290196307493047	-0.38271551290311884	-0.3009412970263471	-0.40203248479589765	-0.22310722485373702	-0.1008266131090377	-0.13391108037305477	0.05515734268027529	0.31392439404509775	0.5408781857016005	0.36995306205081013	-0.8835878432795438	-0.5719554138695632
-0.0070759619810130125	0.4131310629670474	0.3242922287106044	1.17569845891563	-0.6602782195600945	0.6380312857710374	-0.7249691262225274	-0.06398063895097297	-0.13023720629492977	0.8081447204866153	-1.842997190776847	0.21901038032076384	0.5676426695929072	0.33799091241904977
1.0989199768378073	0.8816152103093536	1.152044774203405	1.773152602515342	0.8860211675250634	0.9272845703541668	0.013608483020654875	-0.38742941397705194	0.14527380700290016	0.7006843142701625	-0.3702998661887201	-0.40525363008097126	0.5635464910943171	1.0013635604767215
-0.7927611520492148	-0.47560239292012596	-0.5309832531357823	-0.9163216747376808	-0.565654068906295	0.2537974775048326	-0.9927870226781058	0.1307556575151012	-0.6909033582547802	-1.0729073584249063	-0.0821230744744161	0.8300706135328737	-1.0614329144191121	-0.34176920454536425
1.7144377577056433	2.5806577936885504	2.4345317995044464	3.63792574036734	2.9066737776645577	2.5970569736167723	-1.8404450948324393	0.047631653038074685	-0.6459755667031886	1.3996359337688073	0.5668385153285538	-0.4204958167770561	-0.764986833252927	2.705076168516291
-0.9457335308004831	0.0016068974636789246	-2.104143294936163	-0.9697504959439648	-2.5223406350278186	-1.3599994811101765	0.7075571016243108	2.284713970300705	-1.1933326092633294	0.3305182403535713	-1.9217994821055957	-0.2808305202275617	0.10580616862653403	-1.390382718442051
-1.0961604043465996	-0.5110823804657354	-0.6414534103062328	-0.8011914262143248	-1.0421195275702342	-0.5045921397538657	-0.7455691103188452	0.5010436894963283	0.06891817235793028	-0.3445076314217046	-0.3888913323573997	0.0625070482169716	-0.4457914158062053	-0.7225503110022913
0.5062993222983194	0.5381436798217755	0.6823459674476721	1.1290339623711958	0.909774816983955	0.9197346514836342	-0.42675132029984403	-0.3824956798764147	-0.07999562165780118	0.25783616565931944	0.23773418813472139	0.013014859532967	0.24798558875801943	0.7180439699960204
1.2892608628412865	0.4320085856153637	0.7497779551323733	2.8757017000154956	0.6696436822197871	1.6286304460502032	0.21775149681511516	-1.3186155055745263	-0.7999102468270628	2.1628142995629225	-0.8647106648222948	0.8485492800157077	1.0317246198387444	1.0168329649923307
-0.6924220974722268	-0.6723320326728451	0.3445753344886687	0.10054055741737095	-0.5131363475197802	0.9400106299847615	-1.8802612937134306	-1.7813750696060886	-0.12338440498461349	-0.828214850723928	-1.516105242700028	0.5407201685107618	-0.10047051713064506	0.416587112516937
-0.7425497632066942	-0.3944430868273018	-0.2985194050935852	-0.31199219425906444	-1.328115187221694	-0.11942434618773579	-0.3209323265944113	0.5792161244119312	0.46685704574323866	0.34337989831663085	-0.9851887471957153	0.5728497206521949	-0.5328095878111611	-0.6354108439122282
0.11567853790251403	-1.373364516092251	-0.8567618438310419	-0.826171675113344	-2.024655584569754	-0.5013438227409763	1.802620915436439	0.03419136949406343	-0.10734990158312449	0.42081469255646214	-1.16463946546732	0.9650012118020636	-1.3048925659267394	-1.1329008246033412
0.7590594202191092	0.6362458698542487	1.0907726166381897	0.05960406618864822	0.8917213278713753	1.4059859704553217	-0.20615618073185474	-0.09726170939093025	0.3959784975301227	-1.4300047870359054	0.320769728386032	0.7228258080103335	-0.5212311751785422	0.7988491305245152
-0.4722028660368274	-1.3749804955614233	-1.2919078233328802	0.33950462550373994	-0.774845316040898	-0.37029196860692143	0.3249975927197294	-1.142763290793204	-1.0240431725747687	1.3808644379448278	-0.14254777802567642	0.18022115753037482	-0.05606025436764605	-0.6781104702119719
0.1773724864146986	0.053374390902016705	-0.44849102287666853	-0.1893141135488035	1.2876117603956094	-0.29247530399626964	0.659054424462188	0.3954043926276706	-0.3715562425423988	-0.44829999291070477	2.471364161882559	-0.20051384215369747	0.703850034625412	-0.324638251599668
-2.2311006646694116	-2.604025328984111	-2.179492221058095	-1.9568673265798322	-1.591164222688407	-2.949134322265022	-0.30519178340454606	-0.9714540689523677	-0.1846761932181713	-0.3032954468612148	0.7290884650644245	-1.6159681917833315	0.611049144199724	-2.1433627164526357
-0.21719588398868822	-0.5300014782445556	-0.6163689097863676	0.40874963409781867	-0.29412057532964836	0.20691534539946022	0.4288096964912643	-0.09688498023093575	-0.19370696009053062	1.129239824489892	0.2965243888560018	0.8596084177442944	0.17041119274204056	-0.5059527286544022
0.7940792694919969	1.2524845134240352	0.9596936708922257	2.928343715937827	0.6353467166250375	-0.3956632167156281	0.271904094015651	0.632552717038148	-1.0367708399893476	0.3872084532872962	0.20678436697961183	-1.0421385445572597	2.447823518295084	0.38338817954212967
1.3819294705685172	0.9149451150758899	0.6966576070043599	2.041312521296631	1.6314788886910896	-0.03418351706358136	-0.017529738983910574	-0.4064213064214907	-1.1361240277502789	1.0784301741230002	0.7721113982204222	-2.4717480538483803	-0.6608921670976654	1.2909763323483174
0.0597224247155701	0.9481519936012861	2.2248942363993645	2.66130215589612	0.7249679131446511	1.1128195281886926	-1.7127357324121544	-0.5274429812497599	0.9563424347662736	0.5792116570930474	-0.5464955729327463	0.5378899675661032	1.977279582862463	0.8691618657786493
0.2090248611204908	-1.1852553840239148	0.9138543431565062	0.022702140314927476	0.7665700966821632	0.4900709692289613	0.05875587582061136	-1.582997353422824	0.9899202925010133	-0.07947480498113041	1.5720251272416534	0.6876186538453095	-1.2397688634214008	0.0124968007140598
-0.41570633199750495	-2.2035845050822425	-1.904232738665933	-1.6126990955994032	-2.0837365860987567	-2.1032924078525252	2.5148067052579584	-0.06044499111680508	0.05031906444540628	0.527286013794085	0.12153289576432048	-0.38029027100462	-0.6893135269536423	-2.0294548050214307
-0.30105585084180353	0.8637783243840449	0.15262193138967806	0.6286950497649817	0.6772991438929729	0.5740508083161238	-1.7357682177613383	0.161060771941922	-0.9448840422788625	-0.6408279261549622	-0.13737334319605515	-0.39181445111076624	0.6097837769914991	0.6451851058205919
-0.1931728860062285	0.21641678258155161	0.45742741401364395	1.062994709831554	0.8459615370720704	1.037245103138379	-1.4627620111029869	-0.8143120052370022	-0.32948335533523665	0.20843700336183058	0.24280522081699965	0.43970166408948735	0.5238161175502178	0.6002407622137093
0.6933339717574589	0.6958202785307537	0.7523738442399961	2.000183266929083	0.9632799884932699	0.3019670169402017	0.8361636108166585	0.833749428773888	0.9836313282320752	2.6663294248831004	1.2800414609602035	-0.07800137962797304	0.21169091208973256	0.15323243884847443
0.9129525961335414	1.6282204459121465	1.0567375073398284	2.2531407482698502	0.024388667889024385	0.8183952774243972	-0.16441575200856573	0.6810995602185744	-1.1562299798533784	-0.563850560844108	-1.5258495818230753	0.26347027715656557	2.2042810587911448	0.7787044980227731
1.4184394285807944	1.3105829199691303	2.8363506778655565	1.2884080981480737	1.0718792335545697	0.6804824826936974	-0.5875763824108539	0.5858464088154408	-0.2878670694414617	-0.3860828902531528	-0.5952665099542632	-1.0709156790118848	-2.740367143434959	1.5071485033668577
0.8307558635313881	0.9089177603063102	1.0990166716934906	-0.0017686617125807214	1.7094960915222701	-0.5411454972898259	0.25371314815972945	0.7487321284591597	0.7345288151835527	-1.1542839325588028	2.0703521547377424	-2.1452901625757264	-0.6149459613643714	0.5826676755036887
-0.07039303798731883	0.23436022413755625	-0.37501933560459905	-0.43178938537385647	0.024116687960181515	-0.2927416258930445	0.5078855885881876	0.8291636196956872	-0.41043655142821234	-1.2299126526530002	0.63418168221689	0.40057538857049985	1.4601576509411993	-0.5551694778680959
-0.3316956312159402	-1.1120449129982095	-0.043984955523140856	-0.3670715211712514	0.32496016371241576	-0.34011955860310783	0.12313059685002842	-1.285212191904666	0.4836684114082546	-0.635506526347091	1.1677840001450752	0.17466457375382438	1.0325955101543594	-0.547436699886282
-0.47322683146211075	-0.444915455640336	-0.1623605317877881	-1.3441229182376044	-0.4376854674336409	-0.4040984535672527	-0.05672989652683922	0.05462762164808118	0.4894704439416687	-1.7789511938740068	0.06662447559403047	-0.24190599637982463	-0.09853667588709819	-0.4579846934517651
0.6059938020807448	-1.336097704843596	1.7688014450614118	-0.20281420653447235	-0.08018311601291855	-0.6442534335047707	1.2031882119359443	-1.6047106647605698	3.1446526093173732	-0.120822940350225	0.46696820664243865	-0.9439662569204897	-0.7354780157053423	-0.2261757028461856
0.7730751477404463	0.11767667605950818	-0.693357588871175	-0.033940726961149914	-0.32390439762343964	1.8187412901938202	0.8049042050115125	-0.2641133104827305	-1.6280097800521747	-0.8503472725439208	-1.0000842047613587	2.2261104521246846	-0.03527384024900385	0.28319943039894724
-0.8746655547192226	-0.20194804704468688	-0.9173092247823771	0.20360225540644278	-0.32702463365682255	0.11813915330255303	-0.9547998853731493	0.25972391346423734	-0.9877898210250401	0.5989770846283219	0.051094530129003925	0.4150980031067863	-0.14477539870824832	-0.3288273153815796
0.4577322730943695	1.9330229815665412	1.4312260141004185	1.443702409676556	1.0098020660277736	1.7048519383223175	-0.928213716543363	1.4939806309176724	0.7403196368262415	0.285315836943585	-0.03587470833099147	1.0101682772788627	0.5447006145783116	0.9276944801002754
0.6789517536902856	2.3118063511247664	1.3847717099358985	2.0387007929537977	1.1788810095211961	1.1017561311863022	-1.1320363631849362	1.8170556802426407	0.10363685756572741	1.0084092137086267	-0.07392457762401185	-0.6335813188321231	-0.3689552704750699	1.2953639970741957
-0.17262973946063487	-1.1137198113267917	-0.641040848625685	-0.51987183002622	-1.272556576285009	-0.5361685153264356	0.9594574739835843	-0.6208170599894107	0.23562417049845394	0.020112699933902654	-0.8841947858967163	0.11904995317951081	0.29006876830271394	-0.799243328993688
-0.8785127790351992	-2.3593006283801516	-2.5852755555101914	-1.0615303741315476	-2.76831004564386	-1.9108447138216937	1.845921769446228	-0.7376627125513118	-1.1424791166968435	0.8047481060513241	-1.3536083356834125	0.2116660342690907	1.0784242187066473	-2.132387844590694
-1.4005090812814718	-0.5396946541309379	-1.4212445696164457	-0.6009622026510308	-0.08496305163124163	-0.6195290780342552	-1.1090258334259504	0.8500062087636735	-1.2084787206264425	0.3082951386295433	1.5663656821546312	0.20831083053685895	-0.9204595069000764	-0.8656064780091266
0.9497983631231094	0.11878609368236565	0.04538840355634621	1.0195281298838452	1.137155677714608	0.7906735870793433	0.07993456553543964	-0.7020941632526093	-1.5708124343993441	0.3264480398121765	0.9295773326263602	-0.09930057967968269	-1.0777092136417619	0.7555844343622836
-0.011394296813141969	0.1129050262907979	-0.4177087623282798	1.1018751953434713	-0.9017220123319603	-0.13015244099309908	1.1410500036278555	1.1889549089124154	0.16442367907508817	2.0304769643499747	-0.3852817347881816	1.1403831358890097	1.3188557543405266	-0.8642390699247566
-0.17468383132362722	0.6232674614151935	-0.19979681472828606	0.3513202414110565	1.068132540443818	-0.02593557658442454	-0.37644800597277567	0.8487266346188481	-0.5280211257890924	-0.18580061160792835	1.645295245457152	-0.07099986651795318	1.014705644525513	-0.08890964826121794
0.7027592815908834	-0.6446520590977193	0.7676501052592053	-0.5099607215977616	0.5358370551699783	1.2021004550096734	0.4355332779248342	-1.175480101582298	0.3627624116703832	-1.4380973415064828	0.7144539845921725	1.3831762662796931	-1.1421885646985181	0.2890737147913631
-0.16433827952250118	-0.934183757746893	0.0637925640928989	0.5794475964834378	-0.05737060069069558	0.21939042588489566	-0.8641950240220775	-1.4279014576066233	-0.7824771269767702	0.5663625058019058	-0.08303643053228088	-0.027977523091185872	-1.317583180299983	0.1860737528770775
-0.0685105953744436	1.5542181168038351	0.5331182086749682	0.39880666456975056	0.3037226683160827	0.5268607783558208	-1.2207911068830866	1.4679573277754545	-0.15904735226070804	-0.8127470689168892	-0.6140256770667789	-0.4451042498096898	0.3402674126417737	0.6053902376102076
-1.216971283350312	-0.8271772890362543	0.031821702838216614	-0.7888695905255314	-1.5014776691396399	-1.284347762393818	0.5465538315328384	1.9453703006491203	2.281900826789241	1.4652903751428203	0.6887487541569363	0.6602042894826099	-1.3802668376993712	-1.7183461018858524
-1.2581730850600228	-1.0046451306518773	-0.516618831199171	0.6026531374807556	-0.9724339347349084	-0.7361394369097519	-0.8530293660629199	-0.4979960963408509	0.3729407429163749	1.7144370284993597	-0.4189231210127082	-0.028555105371216187	0.7780665019232896	-0.8614607732320247
0.3867212611185096	-1.0054697548217568	0.7381583685471499	0.40719206555564086	0.25240017822257715	0.07757318746149017	-0.3998693795108782	-1.9438005671830576	-0.2063532311528562	-0.14782858578482327	0.0037178806414439017	-0.6621977500936173	-1.4379882891168176	0.44840824331144113
0.9122078080155094	-0.07754551580558129	0.6053297527593644	-0.12991140650613525	-0.3892657109190983	1.0462804017113567	1.216666335779758	0.16435282529782277	0.5682106567592496	-0.39308260472099305	-0.41878106065165455	1.5208470311563766	-1.0661426654173138	0.03707132209918783
1.553334492614914	2.812168424062535	1.8579882638915814	2.743043844602631	0.9050702269128603	1.983499941073233	-0.7180434229087036	1.37799721713252	-0.1786227848903248	0.9272036241136841	-1.8004174204113264	-0.29626890337427464	0.1140476645830918	1.9625605608664047
-1.2127806129767182	-0.8464182160324798	0.39085138300603084	2.390247223478936	-0.09675873563584136	-2.0466998755807717	-1.179940669176132	-0.9717744672966439	-0.08594028151530912	1.3979216949892879	0.8781558031171693	-1.9021545397140291	2.443925265499821	-0.7521385887544577
-0.28995147255546305	-0.2988051736667564	0.3788453375021431	-0.3808257590514894	-0.22124372813548343	-0.49357737906330446	-0.2609433868751375	-0.31364745314287384	0.8980620197598672	-0.8462167495733309	-0.17498134504004145	-0.7361128094976909	0.555893981216897	-0.2217954980244115
1.279101973009312	0.1276005686695746	-0.04170445457594629	0.7426319008462229	-0.3212385577282899	1.2339459587581867	1.4892821019085531	-0.5193716255039001	-0.777469412020088	-0.024901866314186376	-1.2257567509198186	1.4302372844317521	0.9216257147292595	0.25489840102606276
0.7620814467716084	1.3895548489179872	1.5174345570460788	2.2470931865857047	1.759766919642468	0.9868556106544826	-0.6183027862098831	0.406428445175705	0.6994779817968578	1.4719206646117506	1.0269432030732402	-0.43899890534605845	0.39875805821202315	1.0659461701701596
0.29764935690488914	1.3432616863263593	0.5775364754388252	1.2435500366229717	0.6611265171375172	0.07428772257066452	-0.6525887555103155	1.0896685919942137	-0.17021288648959493	0.5896968136257513	-0.047215703119779885	-1.3409604167792608	0.05164926562594305	0.6791306780046423
-0.07454883312427063	-0.3724111870826184	0.6399707452249677	0.39219539514789403	0.2732893393122683	0.4864075985311602	-0.5895220856902315	-1.0878012523941285	0.6318336624697762	-0.14883832175183978	-0.0115621180259765	0.048483046664100984	0.10884157052900395	0.2585012502480579
1.8900863435403175	2.91466458729501	1.1185676921416192	2.53295120018676	2.0073993890788424	1.6387210199445499	-0.5108526250580813	1.128149557786445	-1.809218004710489	0.022550897853206114	-0.35783357264705073	-0.9721604137393186	0.7856890122560654	2.08063705017193
0.7758984895400829	1.4981525703203324	0.06203041481479432	0.9025504743922317	1.901541737449893	-0.026419260672872813	0.013642004523855842	1.1814270326964942	-1.129287142156061	-0.20303978480752413	1.862322804208449	-1.465864100351876	0.5391375399070402	0.6814688427210279
0.004143634915843297	-1.3804366825845646	0.1769558033532866	0.7958939898745466	0.2977380078951597	-0.7194297110527195	-0.5112537362316562	-2.1550807004772037	-0.44173720653449683	0.9712641821606622	0.5521230833385958	-1.574234241210981	-1.2020375870882334	0.1530192551194042
0.2062933616288426	-0.8386862314524257	-0.48701357829949354	-0.366271523146227	-0.43584697325038646	-0.47310469045484604	1.4750211568683447	-0.34563713060570456	0.2818286769814465	-0.057033209893824065	0.35922844618022315	0.3298771994013701	0.854916670506202	-0.8022872871902434
-1.4933301563652044	-1.4181022290974092	-0.3882658957723488	-0.9603210483443805	-1.1923840584927003	0.1794209732001505	-1.0275992214657899	-0.5727405226600135	0.8594094555393642	-0.1854373862147797	-0.20565325402106685	1.6222724195389717	-0.5501103427864942	-0.9644358469441022
2.0139975142991666	0.5667004139984133	1.215018108707039	1.859842166857375	0.9790928311229296	0.8571475435953931	1.7228962352221895	-0.8279180270559772	0.16881847884172363	0.6143265923610575	-0.04954923838576075	-0.059417094774955	1.2080811788559465	0.8218349944608103
0.5176252263018583	1.2924598565088958	1.4570699944570753	1.3491413716158616	2.1968476437632867	2.0085380451139434	-1.3531533755093514	-0.1868605470792662	0.03739973098077566	-0.7494781876803135	1.3961594928837475	1.2427445245175248	1.1326688356168433	1.1780424176330868
0.8544079633292667	0.7678990294027184	0.7823475031279532	0.5019380487566537	-0.581823143229645	0.8735830846600612	0.1901803760369795	0.926667731175226	-0.5249730326643606	-0.13403600986224182	-1.5451669754207824	0.5791659758488257	-1.6626753478377039	0.5444334602651235
1.4665978279242844	1.2332373009453366	1.4951472046125351	1.6630735503601939	0.44551412196679685	2.0425265747410615	0.3879035404704348	0.5038321484896063	0.38688817485871413	0.7882088426046727	-0.8457227079900774	1.3467655667992295	-0.8821654890890127	1.1073711096693752
0.2590057366723081	-0.7340378976588622	0.6206238837207565	0.403697676071644	0.3032590332604035	0.5578316221416079	-0.22900629235822942	-1.8966871385119186	0.431191147901588	-0.35050949366891454	-0.1663534663688399	0.03833595562849728	0.30081654773156036	0.34381107590197685
1.8663465238901438	0.927992678851147	1.9022287645142582	0.5959085691537761	1.7601672332492875	2.285252934876572	1.2182118592967353	-0.3578602833172406	1.335166249673549	-1.260688115862317	1.0305146970186418	1.683559896650757	0.2948151337374346	1.0837458220940044
1.1162100017849266	0.6694874396975128	1.6250333847361405	1.0406760778660462	1.4734766888978754	1.48597101694418	-0.24974835017460323	-0.2887129723683449	0.3206853492939145	-0.19151407482622532	0.9418545867545622	0.5497360936914109	-1.2887243387974459	1.100460090878009
1.1887028956547796	2.123457360383859	0.38635396339708084	1.6500286874198085	0.6863868095244595	0.9346419608966132	0.3100264324826276	2.3373794376024684	-1.0492872756864078	1.1294535004595219	-0.08664108798040086	-0.14410490598520725	-0.8131957793614543	0.8836688536946689
-2.407317251838092	-1.9309392366985674	-1.044757087154049	-1.6437289063651899	-2.287415411613052	-1.2794942813214192	-0.7412719647866963	0.5196732756774072	1.5092820555138946	0.5803547453453008	-0.10286618324190581	1.105723268693146	-0.8084664337357416	-2.0810499153578634
-0.6120204854366327	1.212583718242992	1.2046410445075644	2.374497730803467	1.2471185260267084	1.5282344238271377	-3.0298962114328027	-0.05562581448630203	-0.01032438809262997	1.416583551262991	0.02681147376954582	0.48936690459348064	0.7727312819275522	1.0914129505492627
0.2508272400559752	0.5828702934378858	0.34416832457119395	1.396994899650601	0.6026733228041501	-0.14235889098666027	-0.11477736991173317	0.8974960216246329	0.025867595704745307	1.8392420196830277	0.9036731456689997	-0.8094387591403681	-0.7928168599713588	0.20293605245737775
0.6405324258156426	0.5886220420143714	1.516093191554968	1.2296235396709183	0.6299848937783786	1.718592578051862	-0.9549318235625015	-0.40645120057839895	0.32301006218896766	0.17463058949634447	-0.4151907379731995	0.9575484792496819	-1.1428548199402415	1.0610637263494591
1.9750101038177321	0.8014951794615244	4.4078782434153565	1.8388545182648637	2.1070481128849523	2.341938949449884	-0.5738822754010856	-1.3268083482841464	1.9861545591394723	-0.42461060234890147	0.2809531424343682	0.6876311001045748	-2.388429780607156	2.0752661445534435
0.2914576901855525	1.366570275992106	0.6465761701750901	0.4223119169770877	-0.451093749417317	0.4789970947695912	0.15163914623544217	2.3742331176131835	0.7459171275626212	0.39494885150160436	-0.6770188521920498	0.40223662784035275	-0.7389420652583426	0.08981881847586447
0.1601998731575056	-1.9333673362281523	0.45901962866723345	-0.8500935167139706	-1.3853767641198536	0.28323850735941014	2.0657944281880685	-1.5074224528037843	2.5134076461263763	-0.21537826317919678	-0.5568829702511401	2.271758974589454	0.88658055782262	-1.2062299761104058
-0.06390040635448957	-0.5635065185297968	-0.6320263268985413	0.9202423733983359	-0.28637850133982745	-0.3469439675736339	0.03725220997478398	0.04261731514266237	-1.4167675779877413	1.9228086019140975	0.31444448912582634	-0.12004387551427315	-1.5701583604998648	-0.27504523551542126
0.37515286605826925	-2.2866065153000954	-0.972679339385759	-0.44920911640208694	-0.433045310311146	-0.5871849754813836	2.259609515842206	-2.187819512262677	0.0694925796064025	0.526626906833412	0.9026848037151672	0.41821135627110684	0.28159760998458777	-1.030234329939407
-0.6039210317678421	0.5052284662555147	0.24053265921884026	1.5273629160952462	0.05647546618509709	-0.39657162246471844	-0.9773128578508897	0.6843934542158208	0.01851487892334129	1.4378300235019448	0.09224381084090907	-0.36791218253271585	1.4613306874817147	-0.1976737437703207
-1.6860048185059213	-0.8820321901964089	-1.4645682487538378	-1.3354251952807183	-2.059032810870966	-0.7687500562583642	-0.9948100246494372	1.022570753382954	-0.8628437413065856	-0.24056032992181672	-1.0349765535690747	0.6899580620247918	-1.230191663163788	-1.2495363095934238
-0.14306509530812003	-0.3393675424679822	-0.6547719536722628	0.016317332887086824	-1.046912681244386	-1.086148860015951	-0.38296587977278296	-0.16130137402010622	-1.3229493728938961	-0.01797793541849855	-1.388768015448072	-1.9176441694129278	-0.9689867053857111	-0.04878937697877619
0.03672153434722436	0.02201076509030972	-0.19311275752852414	0.2013421294496319	-0.13501731954910567	-0.03403156365589047	0.4985011805892693	0.418306686805545	0.13051687015447355	0.2811905328218028	0.17474386767929379	0.3001679590348454	0.6942983192388578	-0.36783291084078884
-1.530400040215111	-2.033124254872119	-1.0886598952241682	-1.869709695948884	-2.9874177457838855	-2.2152820097122956	0.4603277254264313	0.7205125439128599	0.04144459364576718	0.23809658582049212	-1.3064146249521429	-0.11716522055811121	-2.147550877516999	-2.035921605716435
-0.5073717169899097	-0.38652660470758815	-0.925176008909055	-0.4710670364230383	-0.7746530022244409	-1.486440714861215	1.1800481169238086	1.2460947302454577	0.2729898370819823	0.40618480818281816	0.6864228367342788	-0.31433047532831937	1.1899765637201685	-1.3721787555988965
-0.002324403539426534	-2.3050608761976434	-0.5424615510279411	-1.1194533759584226	-2.220874341631086	-2.360575468285934	2.0800419051716594	-1.7849845704134164	1.2354667805800668	-0.1835605451950116	-1.6393413456649095	-2.0231141373449786	0.4594713327623146	-1.3259644005020568
-0.5897527197743433	1.0599955758637187	2.1924159025777805	0.6306486801491867	0.37367264164022296	0.3971124041575919	-1.947856043789119	1.2041191325203895	2.7065371735861956	0.0921341431703464	0.04278549034088554	-0.3871913179092937	-0.6852626335006479	0.47457662305161463
2.502293433142367	2.642033348753634	2.2710263449028667	1.5170868393129657	1.532351919983075	2.56421149657018	0.33848023801438565	0.5247304842203504	-0.015588875772448236	-1.7649395459137567	-1.3113627462654147	0.3336668454751319	0.6261866107182555	2.2019577360777727
-0.2806936925594129	0.6834464958099307	0.34779899083773735	0.32970590845568115	-0.13673837782429782	0.9416415964681529	-0.8564253874074024	0.7920514827809074	0.21019320548569523	-0.1315039925642382	-0.5749374127147518	0.8686024792212622	-0.06332699830974713	0.22088100580333567
-0.136323428451524	0.31839450022613536	0.8326535842077658	0.8773196139199587	0.7451939026937769	0.19265869502356547	-1.2924129918816145	-0.547829797520995	0.380497436429815	0.03263831375655499	0.16514075420291713	-0.9717449136427904	0.30943841400816835	0.5852046959370987
1.4119789074788456	0.7149863604143677	2.678661280060029	1.7576808454350252	1.5404188333510689	2.0427702904055978	-0.4015849293225355	-1.375629220178047	1.7670219290345754	0.015232769284846808	-0.0014056179276189377	0.4188367104415988	-0.3002631758305764	1.600416527687311
0.233399325676089	-0.5461537680456154	-0.6877229161111085	0.3834273519735809	-0.022775582987535792	1.1401633670736773	0.2757647397620108	-0.29795109086974575	-1.5675064279427047	0.7197297275575218	0.45459546996424427	1.9897470823668122	-1.3305245889884711	-0.10127819572607377
0.664834063494653	1.9293211097013	1.1779339089386014	1.1488548562087544	0.7808318869129456	-0.13322315405760699	-0.15936554231861502	1.8999577482215384	0.7246449281065063	0.1809948963020886	-6.418139526124896e-05	-1.592792302612698	0.6378493980095757	0.661776581166462
0.3324114295496494	1.6044844795349695	0.8355917417251512	2.2210177996561833	1.5311684273142965	1.0217469861324178	-1.532385138572348	0.5753642800161362	-0.6364258974610173	1.2532286426850463	0.4546308106295234	-0.6152831040056087	0.2977455973720999	1.1997167920508678
1.653503603732267	-0.10796726899764886	0.7184863475176919	-0.009873518535198356	0.4046277105427344	1.3211762641641913	0.9713418894763394	-1.2445219230502316	-0.886370103604898	-1.6097695350693184	-0.506976237442194	0.6146720278574235	-1.3187392952924017	0.9024937438909705
0.32662261762923595	-2.087536999961234	-2.209529795832272	-1.4182850424662088	-1.3335872897389132	-1.9880539594447426	2.4118303921438926	-0.957408842041116	-2.0210830553643726	-0.3383434195096993	0.21351028228018673	-1.3119763426119895	-1.1825750089118103	-1.2765766929542024
1.8228966499939183	-0.05767711348688032	1.1560709972849708	-0.027759184473277965	-0.06769963229592896	1.1891186289473628	2.398478742418235	0.08026606428086275	0.8225470178885143	-0.45018229536336013	-0.11110261906300273	1.6346663177617669	-1.5228439616135252	0.1987320402673071
0.1853935526706607	-0.44615437824106674	0.8171605957613024	-0.021945146206719154	-0.36939876253742543	-0.7784739878929849	0.06139207860978562	-0.42398033601460056	1.009214491297916	-0.17411780462037885	-0.3497679965166773	-1.491576296548668	-1.005652811266361	0.009364385620965752
-0.35812682371368953	0.31811813325607763	0.35441376427964216	0.601278214903293	1.4483083266630241	0.6466003716075878	-1.9432100091489624	-0.8551258597032175	-0.712691164097579	-0.7812422163634031	1.038365513733042	-0.4010527650671678	0.5646070298102903	0.71827224311595
-0.38198961742787063	-0.10012398276308039	0.13459058682061764	0.5586113522095202	0.21969514531735862	-0.49181214607843105	-1.2488735276525282	-0.12507830186125962	-0.5934535804614958	0.47662154480269925	0.3224350824466659	-1.298247044799393	-1.18187356353538	0.2112977110607514
0.12400847375853312	-0.12201270159193278	0.5204740380085815	1.4302347531114412	-0.6821595937765117	0.19142710087280024	-0.06917129013586129	-0.572588828871941	0.5152976629193087	1.4714445724611143	-1.4612163975365764	0.07007084438464006	0.9458410284269744	0.03237239004583693
-0.5667413390642418	0.20314228765360576	-0.24889977157581275	0.5077150039493664	-1.0632087667358805	-0.7145088289250888	-0.46401296610345916	1.5265738006530465	-0.21468083569696822	1.511800292936558	-0.6943698779576781	-0.5252524799354843	-1.2926387290536125	-0.4542742469274996
1.954084753808111	2.19537157848979	1.799582222789977	1.7157802741777402	1.7564671483511636	0.5249766013210877	0.9380453472814163	1.3736777646366753	0.6962143402023769	0.240601733178151	0.6421630743105177	-1.7601685684726225	-0.05085705478266348	1.3813363306643174
-1.2596617552677063	-0.29293225203717044	-0.4171354171184234	-1.5478506699223151	-1.731344223493601	-0.35263372237410057	-0.5404431526766755	1.070532048839096	0.875860013122832	-1.354581968226037	-1.3268180716115856	0.6507698469821014	0.03848046439773863	-0.9429475742201757
-0.5612734785586444	-0.8334798144545069	0.653441501097621	0.42557921243189883	-0.15352669334207347	0.3760137765484455	-0.9293457544066072	-1.384076873811262	1.119117275599763	0.3798797664415164	-0.25079145087176297	0.3267364229380513	0.08164114742536561	-0.019361919652822815
-0.6183687254731264	-0.9188676443009125	-0.8839105249263934	0.17026772117137945	0.19609087819994764	-0.8586973142346146	0.17273657409898832	-0.34529134400544653	-0.21056131564794126	1.1126620441609778	1.515473807513744	-0.4385539203962112	0.3564886352929511	-0.7829905649562349
0.5231011910605636	1.3341130074482457	0.6271859596557848	1.1926205391664761	0.42995088146141125	1.3074215589841902	-0.6522669503806129	0.6932549327762079	-0.430663045101118	0.11660449959237047	-0.8132054377537883	0.3906851677780657	0.20484123819599567	0.8771918001433219
1.6170763730162672	0.17930301562542905	0.9710085864985627	1.3824717278301522	0.21216467211539192	0.6468276657004787	1.145925148651194	-1.3766755929334664	-0.110159137534697	-0.033306298117956344	-1.2448782610627491	-0.3569750278642264	1.139514259551231	0.7774055194752627
0.33449962235324854	0.8451475545866631	2.0230921805178195	0.356402131976278	0.19461614835907456	0.34390345178059134	-0.6936548069242344	1.263644600000871	0.9407775437179966	-0.31118537559417886	-0.26663793124109	-0.10687802784173824	-2.1661440880988416	0.520189612205909
0.30965072356911866	0.573425317059234	-0.41104587503276424	0.24390007616511744	0.31619636290343867	0.2740600604079531	-0.39847485975748326	0.04068410160906066	-1.583139912758815	-0.8423486952765612	-0.3880221837673054	-0.7731842209325088	0.053775748481062875	0.538259706397585
-1.597363016479198	-1.456614055860346	-1.3352192766455535	-1.5003963442473454	-2.418235754690347	-0.7210676016230408	0.3169231661392826	0.6890928846605002	0.8035516549835499	0.2755013532108183	-0.914173620328505	1.5172440694200633	-0.21665722985595623	-1.8267383406854547
1.9614883450223224	0.46696222356619377	1.35211278069322	0.5921162564880919	0.035084043031537976	0.7486784709380214	2.513997045444006	0.6517256245027379	1.3249025489633668	0.3760181912054844	-0.14322753773465485	0.6023727308315712	-1.1297920150292933	0.30188525187040977
-0.5055447196463576	-1.1911808639511117	-1.1767230996007263	-1.601183315645498	-1.0325965238832915	-1.2295983438652063	0.4370079169463101	-0.4372801302690238	-0.6246329952239886	-1.4820102029732738	-0.17767237272535472	-0.9496358528537772	-0.4403974779936527	-0.840733290190967
-0.878830440787273	-1.5096100531599694	-1.2571271539868345	-0.632610720382715	-1.5896113058539858	-2.028611121195637	1.221521780072386	0.15710369272037356	0.6488750988661725	1.2679426944401313	0.025374200818580644	-0.9231454737893302	0.3073856769908368	-1.665349404190361
0.5155667819234875	0.5130505595186221	-0.006491747943680265	1.5399822476888962	0.7175612756874084	-0.21709351141798172	0.5537811205194658	0.48428072055175886	-0.32132060431222825	1.7353221878345086	0.8490875119004616	-0.7192967969413233	0.7628544031977571	0.06991124654801546
-1.1838032537299177	-2.0996223882530254	-1.4489160919146369	-1.7791659857584867	-1.3796511912131137	-1.4614833292173628	0.028750180433399743	-1.5248766594941014	-0.35754761075797414	-1.3656107804670812	-0.3195496744048878	-0.6063244525815435	0.4607019659071646	-1.2768367857379976
0.20023995905830816	-1.087511244425937	-0.46684871146656093	0.33786514271355156	-0.6730377031558387	-0.2553454068948521	0.5555469670798476	-1.4025725517179728	-0.4987484605634761	0.6260158874179612	-0.7132937582269061	-0.4343446893263956	-0.3011494188560527	-0.1857378296239429
-0.40921993392899453	-0.5063933160253578	-0.34020356230591114	-1.22560779485154	-1.10806347500142	-0.6083207334966233	0.2290658970026624	0.048790822939345994	0.4033993274310909	-1.509017291190032	-0.9512171812502886	-0.3089189899202384	0.36914414372295623	-0.6094966385335566
-0.020696676191518715	-0.11769853585490897	-0.577708931737526	-0.3507679421381774	-0.9319197058554993	-1.1168991509348696	0.7974055028643727	1.5056191847243776	-0.7030973181844385	0.5060633784633334	-0.06525572017074963	-0.6833317121629292	-1.6391815092023778	-0.6932337448490599
-3.9668092384985143	-4.238256929743292	-3.7399860767414532	-4.586568665367982	-3.818983106426764	-3.1285571871510616	-0.4276056004023413	-0.8752908576393886	-0.047224224153657034	-1.7891521413630378	-0.17650117202851354	0.638515824486656	-0.007103899168602397	-3.7116616353259384
-1.0886970867110146	-1.075272761578842	-1.1624983900296786	-0.6724089111878111	-1.2023455333722288	-0.46234333290025004	-0.803026872148925	0.1256551638160106	-1.5773405219826513	0.16441442099724907	-0.3293584873157498	0.6234256963302985	-1.718751656932745	-0.8069155284818992
-0.5595661277371101	-1.2077661206180634	-0.7422325391722362	-0.1482665861254925	0.01892995173888301	-0.5315974310226066	0.1067171622987153	-1.1662737012769644	-0.6340327345211626	-0.38329529721694183	1.0427712797560658	0.4307219565277838	1.4904266792457335	-0.8060872357010316
3.3055016838212508	1.2967314856656766	3.240259877913518	1.1485543147789183	2.7360683089808835	1.8922252400615986	2.035238066827052	-0.3310189164353421	1.0947978616101102	-1.2570404463075238	1.7563768042011967	0.13615034732647538	-1.8854122551674062	1.872425286560363
-0.08341233247457333	-0.09988496866547136	0.5273761265697089	1.164412870981257	0.08337975156755503	-0.439852566837144	-0.4634692781614252	-0.5281591618017216	0.5997796191864327	1.1846128175123005	-0.21361905112642993	-1.1956685468938457	0.5498912137699425	0.1070322856615731
-1.6203469548554978	-2.003717459004211	-0.07417807448438885	-0.8807778228460921	-0.9567839279671229	-0.9746658384163267	-1.2299447152112055	-1.6289010112969289	1.4060632842209824	-0.11306316150578169	0.11270777095679692	-0.35219967185446893	-0.39039543801918564	-0.9482977646222166
0.6408711115647885	0.2764481480291047	0.26618894857971503	1.4186281882361198	1.0336578287469544	1.43570643347433	-0.18457079845149538	-0.7926052865493958	-0.7896201866083931	0.7769885076342304	0.46942568217099606	0.8283156301052977	0.06439845853114436	0.7391316282525133
0.1555258062549389	-0.14331266004982662	0.5900336529767556	0.3775515138764637	0.10640164862956482	-0.30153414887754576	-0.06019660042962336	-0.6398767288078067	0.6196494034869593	-0.27818897386837166	-0.18826212764303063	-0.8275274084245957	0.8716896127800899	0.06627545467883937
-0.8501967282306852	-0.8411123853759617	-1.1682212201508917	-0.646848255737824	-0.671017594252113	-0.07469741819635345	-0.252188972897594	-0.10794881369885258	-0.7344002407074712	-0.12391731114090786	0.17508065509938547	0.7753296097308375	-0.2027162351555606	-0.735799850125538
-0.9898267978722388	-1.087367527007926	-0.9646973726128707	-0.9703739361406407	-1.5926939277319865	-1.0278241667733237	-0.42112822559287294	-0.06361585904466135	-0.4404698050395169	-0.306545107936177	-0.9462576954619405	-0.4724362616294019	-0.9120597048141563	-0.8667860706182977
1.2580786911057622	1.0810017611666356	1.0894281814401665	1.8864792582508896	0.05875324597430681	1.1253389884500042	1.2752503851176304	0.9724396004260105	1.0455764565329235	1.9720068965753597	-0.7306308591020483	0.7985815614201025	0.23033069687686847	0.4514718615356557
-1.144933634879999	-1.4357385773554676	-0.6748347909030685	0.08183473455679002	-1.7456638405674303	-1.1508487601831774	-0.7044846968226618	-0.8546555428020665	0.12282262055211374	1.2976657870601866	-1.380765883442562	-0.8488123918264305	-0.5592848730154957	-0.8110882770711286
-1.464312913538408	-1.6090255529575401	-1.8230321975987214	-0.0292418949352653	-1.9257134714875024	-1.5037263718143628	0.018751615770620518	-0.22256713421037091	-0.5700784355747873	2.076937543902836	-0.750379072604089	-0.37083495023661284	0.02830022165858087	-1.4811453167630337
0.773585299798704	0.219151992361572	0.4956485024130447	0.5578906151090097	0.4798932496877975	0.33890606504593446	0.666074784100625	-0.26128483324086016	0.24145356954761746	-0.033864056829462925	0.17346195857778493	-0.3422479213880699	0.14748426717105148	0.34642603887187784
-0.20576643449080279	0.13879556449296634	0.2833521035319988	-0.0283007455538985	-0.37884897597605344	-0.41940077158101174	-0.8050731447660311	-0.23314681231623582	0.04381719313452816	-0.8476159504763583	-1.0957836114115749	-1.453170698594795	0.1233162084149754	0.2540204101997128
-0.4499929668828657	-0.4563988941958227	-0.004802014544142419	0.28707910924025226	0.8450444070330188	0.028021930328250233	-0.2881898158837235	-0.29888710409317804	0.4574650720576995	0.6068885926932434	1.8701851426206728	0.1789010054591153	0.011197514525786203	-0.27930613464507315
-1.3178608729552304	-0.5530626178234475	-2.032717968683022	-0.7039659057785579	-1.8731243141884957	-1.6093473633157571	0.5394040401769339	1.7740141081689376	-0.6105406571671822	1.1222121965377074	-0.41578585490304865	-0.07534765289311093	0.5733998754119256	-1.732151057807195
-3.2053085112691075	-3.202167611817969	-2.663618340847432	-2.449606415759757	-2.2745220138298916	-2.2867109569533706	-0.6314002106013313	-0.5577658331496526	0.3010664678456969	0.3613884853541592	0.9882455453526188	0.6014423995757416	-0.10518546898172779	-2.846471018131832
0.8596248362181568	1.0472468963937773	-0.12367775292457261	2.0487975274081816	0.8219581734039264	1.4320132637121683	0.09396819920354059	0.40540723619543717	-1.518930439110349	1.7399445925209902	0.0299660401312053	0.7445719628652577	0.08964676274506149	0.7860732021275029
-1.771670943953265	-2.347563343381993	-1.3045763708006035	-1.5062324860655123	-1.294703632180641	-2.322906532681668	0.535869719598125	-0.4408580638649302	1.3736010438326094	0.6045582626466077	1.316340263497529	-0.5947980768187847	0.35317513897731345	-2.153683532858498
-0.07340010514468862	-0.016315234976452708	-0.712253148669209	0.058076670115427685	-0.3104895660096578	-1.104870710514461	-0.039040172382162494	0.29328103896815	-1.0446447587183287	0.06206539901053286	-0.20016837332884158	-1.9583456322537476	-0.3854873373434849	-0.11518639088864573
-0.08947796068907495	-0.17513873749305162	-0.6501354417872827	-1.349457965788655	-1.212674427734155	0.27094690496732693	-0.022959204020671576	0.03567872723432754	-0.8988368399744664	-2.2705802963993684	-1.6954227561273163	0.355221879084499	-0.32374946443395425	-0.1317960809468573
1.264059079061596	1.410777957039652	1.6406937253966407	1.395126045074323	1.2077645675317221	1.3910644438734021	-0.6406784837388604	0.5318510013487915	-0.7138647857811894	-0.14002753607760315	-0.06834161900901062	-0.0250188305357793	-1.766434689810162	1.4449542941924096
-0.5639848985720557	-0.48614208126846586	0.4999605603544054	-0.4354411505561402	0.4181418271579226	-0.6077131162227472	-0.4401682858694238	0.09428770909451262	1.349378460833319	-0.21834279680277918	1.5836341300358305	-0.5953689341806502	-0.689639001083075	-0.40478690650855836
-2.539593996615767	-2.8095882070060463	-1.903849530693403	-2.466172905046297	-1.712131770683031	-1.6250183936069449	-0.9990128578830945	-0.7657771197084945	-0.1846495981048556	-0.7037377744182398	0.9647457900107289	0.6868673883968225	-1.2422143429418495	-2.1016790665925797
1.4023732095693628	0.11705949206696475	2.9102215308167394	0.9156629110890235	1.260035154202405	0.9922211517046984	0.13495990636186067	-0.7302195181121729	0.8851612159132217	-0.2786203145283273	0.503918409316531	0.15343045590818857	-2.560991341325991	1.0673894711994667
0.055779087737875974	-0.19694604815046224	-0.16546933739880598	-0.6414318439897893	-0.735839720357445	-0.0488231337397122	0.029225556148234938	-0.40028644579367234	-0.28700583012968894	-1.4848559630406972	-1.2976757031915327	-0.39714798491594716	0.240112126550062	-0.0047966059842712416
-1.0494729419130822	-0.9492669541658637	-0.15927854596783592	0.7734415160245571	-0.23214520693735557	-1.4650326086027374	-0.6218446170680296	-0.5934025682604355	0.6396704549481683	1.5651489743505813	0.69274881863842	-1.1688884569456723	1.2076178144763796	-0.8347489761048784
0.9447583400911628	0.7243919313545054	0.7722194937822869	-0.03335038408965807	-0.15841381242098806	1.259146188234673	0.36397889771883163	0.2793362731568785	0.13157265959252928	-1.3480232750818482	-1.1975544608006459	0.7175382765140417	-0.46562345292145574	0.6499148580446695
1.5090781332934111	1.116146578929697	0.5722688914741416	2.734343009396036	0.2237615729852106	0.41194157116132646	1.1222627888182797	0.46415949376712573	-0.40087247022472816	2.824117038449697	-1.0229780890786	-0.99084672359375	0.14544752899213126	0.8085613768709952
-0.3421582873067195	0.12905741504476284	0.26637631249084837	1.1750686824000136	-0.7248213373476132	-0.17023412266195898	-0.1485899532417214	0.3344240312636511	-0.11186901173038374	0.26330286764103344	-0.7211318637130056	0.6463709464764718	2.008467306975041	-0.47329046510843603
-1.1694440497631644	-1.88096763031672	-0.8582478179660904	-1.1257233484467792	-1.5636852602217928	-2.1809156346250793	0.7367534665931418	-0.3642804624857331	1.2907731250296806	0.5583784173654204	0.1643980723413303	-1.2384013810765269	-0.1312196917135168	-1.6361554144825767
1.331968895226251	1.3815468444288488	1.7863863746905433	1.9857651527267293	0.32090304349490084	1.098257281400989	0.4956139024887236	0.6926115372898314	1.2971350554001744	1.36129005979581	-1.0754446299167457	-0.1671282697729115	-0.1786951428862918	1.0017189506322082
0.6264510404802797	0.0736719383350743	-0.7463407203021186	0.8300628647897729	0.39625039709659754	1.5870171421389434	0.3020644963886886	-0.6363681786047455	-1.9266559477839635	0.2671124949848136	-0.0962513324175243	1.6920078558527154	0.35577789922591707	0.3843372656527381
2.0242492659544076	-0.028674258043485445	0.7300158677719827	0.12214716926486058	1.5411941270105523	1.6616534551202018	2.0120914459090127	-1.1948667577567442	-0.08581795656415328	-1.294702443087156	1.4192862054227162	1.1933572872091878	-0.3463475796028295	0.757515312531127
1.1259577299760664	-0.16792793128439648	0.1477634596664781	-0.37574799606268794	-0.3322214552870807	-0.43762718382772303	1.5943539374008762	-0.5645099247722516	-0.0020203488332905025	-1.246904747139334	-0.8382252964616206	-1.303255973220476	0.12451600974543528	0.14587482162986737
1.5211786111972496	1.852506719999575	2.473741655121465	3.2106771378209857	3.2816894684576905	2.01230154071995	-0.6149166670790033	-0.16800197766804678	0.861279254918693	1.5123934443913793	2.269617140531218	0.26263717289416944	1.0180067353319175	1.7497065595340195
0.07277922432699302	-0.8761524061433182	0.9898175028442352	1.1835151787072526	0.16293746755477095	0.2066525859191528	0.21079162533048956	-1.5334665374178889	1.4263088678809368	1.0758037889970233	0.31974496356865345	0.6396330989295729	1.3369727170232557	-0.22346702709723618
0.8178347111898102	-0.21085071341581946	1.2003860878560044	0.626842570281561	0.9410266832867874	0.9097768864525234	0.03118477022395216	-0.8872602709746659	0.24149107400724595	-0.06028680227893418	0.8711983144160725	0.45689535050882707	-1.4798813023546094	0.6174817096399019
0.05542481976827934	-1.0409254968410753	-0.14849463080897946	0.027778225604017187	-1.1062999214492797	0.24315429087939094	0.7241786358105491	-1.1211464536534685	0.4436230756580332	0.3013139271912355	-1.2273891340321366	0.8299176061568448	0.36641204311026593	-0.4415200332710473
-1.2919406304150927	-1.2512310587451687	-0.7885341916725142	-0.5741762193340655	-0.551981260906607	-0.43047420160219263	-0.7906104860445347	-0.7262727678188892	0.08791419393570135	0.06475100571509189	0.43933943615540466	0.3629315307262829	0.15225950753543155	-0.8459192995609215
1.871077761891712	1.2938531037408882	1.6515485161750119	0.11431455673195223	0.7150469666785841	1.9144950769629154	1.0104859766935583	1.1397537821225925	-0.49023427104040884	-1.5764005214127677	-0.25348343543997887	1.640882398167403	-2.132193234103382	1.0364394812880091
0.49918951764920094	-0.12987162669792934	0.15689929505897693	0.5418917883077474	-0.5210721930637334	0.3196643186948046	0.12867730240604086	0.061960929009655684	-1.2735751616406	0.5024909664643022	-0.901563817091763	0.28586624734482535	-1.885469111251558	0.2100456381465889
-0.8671252038068631	-1.1782540888724202	-1.1740422820039018	-0.4079064800862494	-1.222022369097851	-1.3856984692950902	0.6580261397786443	0.3545733923797733	0.2056583801321796	1.2871948349231606	0.27931433957957413	-0.4203509204502301	-0.34723318577908274	-1.3215514871444678
0.7301560582382087	0.15802634609095767	0.09628063965113576	0.31965176740112783	0.14604543002930556	-0.5778038973838525	0.5800855310378326	0.07380327207700436	-0.48385119378089186	-0.06791945262056032	0.029164053521707714	-1.6486038769955245	-0.7705254288579112	0.2678494686163373
-2.1517988729811774	-2.4221641495037614	-2.7286630128283216	-3.7373972031360694	-1.3952914716767961	-1.5517896169523908	-0.05351985535387712	-0.04168818970045907	-1.032260435690812	-2.65013137135193	1.6422485316058584	0.9100619850504864	-0.7997008968790699	-2.237211056307672
0.5644410862408028	1.4351349933931818	1.3277637028049103	2.095018514800876	1.45561217556874	0.9139740473474431	-1.177386706070199	-0.06730226306074526	-1.103880219933316	-1.1899701178815791	0.420199522221252	-0.018412783086344794	2.18014208258598	1.039487934712433
0.5153341246138674	-0.3699051886893506	-1.7900808922258111	-0.4787824850142202	-0.515524958836789	-0.24795072273716692	1.6950378879942711	0.1941806384091513	-2.0905162609506287	-0.3587991716390305	-0.04372581540366337	0.24410241875058986	0.44332389924283516	-0.5750783515834084
-1.7700211434002378	-1.4376563446056743	-1.8334341730327521	0.07499194773125367	-0.6156911910828728	-0.8841144031535306	-1.6359513954601026	-1.141381681500875	-1.7339655596603565	0.9345187923346329	0.24885222508579605	-0.22883352981302707	0.721048619862362	-0.8970370596776217
-0.9334098295870537	-1.920363960858427	-0.3463679364228418	-2.271935186357827	-2.3847196623274334	-1.160736429723271	0.724370823828789	-0.7938406832056731	1.7500417142426725	-1.719297826330146	-1.5682025369155383	0.0791682444315495	-0.19880822106847731	-1.4042979067213277
-0.3907246176881003	0.4350492212972304	0.7504760669197812	1.3447689352490646	0.043157706474430346	-0.6050193124340415	-1.2172333499053039	-0.014100043289075265	0.33013290642148896	0.6258307769299812	-0.5314607903997859	-1.343284966983237	1.3913110450235997	0.16524703826595558
-1.1759609575060246	-1.5076873171187772	-1.101696706996373	-0.8049631464489628	-1.1901350069833758	-1.8385482654626595	0.25158362038818094	-0.28792624304734743	0.38187232285844597	0.5498801480542469	0.24132715258137363	-1.1793439065224758	-0.020151278855143503	-1.33090131551934
-0.4425097677198109	0.6236012455866871	-0.0201672470510163	1.5072191102171302	1.0224508665288656	0.7507470984859181	-1.2124612473888576	0.7191735873037268	-0.455507823864542	1.8492932546373235	1.383107215714586	0.5260076179887913	-0.24511862835141204	0.24112081887473338
-1.3159831021911126	-1.4336759819889222	-1.0388009767723343	-0.8595894197266105	-0.8218890688491025	-1.951634775147936	0.5038637441921103	0.26663431009972466	1.0058641151201362	0.8209689023749696	1.2970343844575631	-0.6812064043596614	0.5817655858029759	-1.710009685209352
-1.0351008306760987	-0.6299963961662853	0.31465631962655216	-0.004700525539041184	-1.0621728004144018	-1.4410272885685336	0.4693986571210604	0.868734045648849	1.884193676471989	0.33795009313515373	0.461123261438964	0.2503993175085559	1.8881227202573867	-1.5288613676070721
-1.40807071174289	-1.9618458391373808	-1.5073368909715708	-0.8772241383886955	-2.6477856464868887	-1.619744189666301	0.20121938433495962	-0.5594970384065807	0.09005411730262562	0.9047076736362971	-1.7036760755165201	-0.39751811762472744	-0.2575561191762828	-1.5746363922581756
0.29431643465641755	1.2185268664602813	1.093854907780797	2.2397475332116827	1.903955960787214	1.1470457870250592	-2.2642052837670548	-0.8094091271747831	-0.9863636796320346	0.3742776329534848	0.37146991269793433	-0.8376086164387716	0.8968675647799056	1.5247988298091701
-0.12267602778911485	-0.08400823961470152	-0.07200213615060522	0.5580616059383774	0.4341806606858117	-0.05297506426683589	0.04530252875265034	0.022088018675200903	0.06934900926232496	0.567341229758362	0.925924771830362	0.17266870481595797	0.910179894142935	-0.2792970296484091
-0.2261434613488716	0.3919571121940902	-0.43147395202739885	0.45816083299963917	-0.28896119231658396	-0.19342428653882515	-0.7283451266223934	0.19065936867548336	-1.2001789285231803	-0.3031606118048501	-0.8829102255222235	-0.5992183707513838	1.0525934947939086	0.06704279203001846
-1.4498048797899266	-1.8003022865062153	-2.154402884294242	-2.0866316560134197	-2.3537719631585956	-2.0888357023515063	0.8073807369909394	0.3240257884322557	-0.3265956446508944	-0.49041391495839237	-0.5986375053921312	-0.5383685817124684	-0.15678102158125456	-1.9633615552493178
0.790375770785144	-0.3810687587204187	0.7868596446664582	-0.43399872057521394	-0.8366228143102956	0.025575626519856787	1.2390245028984153	0.37013732380023917	0.12149116184277108	-0.463142152291411	-0.8086836878009683	0.5154812829146066	-2.11449431110622	-0.18025229077931818
0.4634547656787167	0.9456054776745602	0.6121115786098794	1.2566060745235712	1.741904718701865	0.8530584790610938	-0.8868947701176491	-0.09867503894007744	-0.5802286279583322	0.06533226334938814	1.2305692011900462	-0.45601152105059617	0.3351022385495752	0.9377900533286915
1.5064729878984875	0.12772292201741375	0.7449178472839393	0.09177017469370252	1.0653929015665577	-0.9811664546990131	1.1736288089584286	-0.5672878997984702	-0.19062240293774527	-1.0800751817787988	0.9448816287405036	-2.9280719850289225	-0.9852535594134939	0.6651463737791946
1.8716733985703728	2.1488701829858954	1.836498877875096	1.5995053317972838	0.38646438705023445	1.968092614522897	0.7572370911270173	1.6766333072233783	0.6846538093197486	0.3464115625233106	-1.287257905250535	0.8773895960305359	-0.7899930108945908	1.3008888008307866
2.11278630218717	0.5920738798384245	1.6088795822494077	1.273212653494766	2.7167077130385375	1.2007881107465108	1.1612702414993574	-1.3789121295366287	0.3682520132175156	-0.5838422326139443	2.162560505085783	-0.6260848403168345	0.19580255787978224	1.3802606459844453
0.9986486182356858	0.9754026268691409	2.269994075123002	0.9205760643684099	1.4875163923477372	2.015478782286761	-0.8695048656325401	-0.31355532720624896	1.1152690728662698	-0.8739528971647423	0.47726187435736944	0.9035749887113733	-1.0609240984275143	1.3757206428783932
0.6244931006930838	-0.4327672395872784	-0.3183777848816268	0.35402620661287154	-0.1796750848168585	-0.8528568620487387	1.85779192022839	0.018258310674551255	0.2526769571763837	0.8354689006659002	0.47236731879130234	-0.6217500838139132	0.8445160867401703	-0.6126254433400432
1.5033528973917978	-0.3075192232692947	0.505419799490317	0.5596898200169531	0.657782920599881	-0.8104497597388024	1.749350843379083	-1.3608088113169787	0.013610657039397728	-0.4541749184633261	0.2918391287709534	-2.0837737746311586	0.9375348085911905	0.32145910180265436
1.3854029241952093	1.2330646926638897	1.2117418691315938	1.2926472238951559	0.035682181155361814	1.2668392225056322	0.9671331029765144	0.6744426657022149	0.720916451255524	0.37611169984856646	-1.3114385371729291	0.636496141994513	0.5629644794991006	0.7158061973427408
0.7616837315647826	1.4433676254088592	1.6228948866058008	0.40284283880320104	0.6957199533528612	0.7727888277152548	-0.3711390682538027	1.3781686897311312	0.9091380922709363	-0.8332965863906979	0.06279150204877647	-0.2572680329783849	-1.098351681691264	0.8361367479084335
-0.36585048562814304	0.5644082378587146	0.10111568031204027	-0.1775940794240698	-0.5253842835915487	-0.23860682571831304	-0.15355438365698373	1.3224596630305792	0.5985111420328586	-0.39967851659568815	-0.4637504016529125	0.03269999884776944	0.8246271326611341	-0.39399298649185965
-0.12211071527938616	-1.4123714449793603	-0.43262504159582854	-0.29196241521428823	0.10642211350231134	-0.24875443424661078	0.6115537171518723	-1.2575428165201825	0.149377971790715	0.24563615846858156	1.2683135849687457	0.22918915905280574	-0.4633118145154075	-0.5651833921641695
2.8569125860872924	1.6630239313420319	3.1730837922022577	2.9358650689035377	2.718162529750666	1.8838634360330138	1.050840273022752	-1.174634689663869	0.945168505398836	-0.3117681526948383	0.8201808657165462	-0.19670794383660964	1.700370659052034	2.0277306133299464
-1.0162258800087844	-1.2939307944650915	-0.10260140590934971	-0.952890559349566	-2.406512207032192	-0.8568449213644952	-0.11805298247077796	0.6185839287065679	-0.07816295372380613	0.3626701672611048	-1.799274912670229	0.7949283748447683	-2.380431840899873	-1.1889947835090577
-0.39322060421400573	-0.4396953725030922	-0.22821455815967423	-0.08123323756584572	-0.5845452412666633	-1.5308278277431304	1.1248056337621355	0.7485723810827444	0.4419520080259871	-0.434233359260823	0.867145818615897	-0.26943871581342727	1.9924024895742307	-1.287319299067585
0.5189282019656501	0.08424205793232403	0.24708241411189974	0.8726124892014967	0.8607237416629363	1.31631784493421	-0.01494183331956583	-0.7495356249301678	-0.4128961473340367	0.21806704107140862	0.5456543485332933	1.0714068788917357	0.2670121288361023	0.48056100712320426
-0.08110049187470575	-0.5006092757597608	0.20308113869406863	-0.24597897463266455	-0.6477323524812523	-0.372386871051555	0.5817204789551921	0.11205455485561512	1.1146508882102437	0.18263707145229877	-0.13599443513682266	-0.10880946541662305	-0.37216000378672576	-0.4934100079157847
1.3573557871781623	0.18323059879820902	1.5027329907187206	0.7117281094508945	0.04459772547942653	0.08143476576450337	1.2367749145637896	-0.8777274771548632	1.1859538918593964	-0.7958276964308828	-0.9941210762583883	-0.6965217414953708	1.310227037662765	0.44782167755857394
-0.6981735669331907	-0.10481637744665415	-0.18119354493995043	0.8922217340394647	-0.3266312598010569	-1.4982662077982767	-0.7528381178637588	0.415712876329115	0.16542651756021537	1.7316267247821429	0.0447169017737824	-2.3220092071958516	-0.2867485232526449	-0.2968943985935942
1.3240116130237836	1.5455241484946274	2.891669667295739	5.144316289010123	2.884449027131253	1.207542097155982	-0.3448196005469386	-0.49982116617245426	-0.16562262131991357	0.14281362194248695	2.648291820581633	0.24546340415246973	2.945021872999899	1.2564124735981201
-0.9898995391815857	1.8990579252351714	0.36471923713094423	0.050565748261162	0.5191933096868717	0.5034454383065896	-1.795159764232212	3.013288482219451	0.511427357409036	-0.40878608877033873	0.7140301481901095	0.431403372899833	0.210362409362824	0.049012354030936164
1.1507559740991644	0.022661976698023834	0.6003546824791806	0.799539402737624	0.9588626405922397	0.3448498935197819	0.4318572592496442	-1.011674133823328	-0.48649085833373507	-0.12436304599929894	0.5258584237477267	-0.9686081184867282	-0.7501654700226704	0.7796995509965547
-1.370989067102479	-1.8449543669435295	-2.212255256585788	-0.10864794305858583	-1.8525400204192972	-2.044679145263358	-0.03256073244686913	-0.8309495395892816	-1.381916890505731	1.7189336317872324	-0.8428040989452389	-1.4066443621340374	0.2423226736050383	-1.3948491779109684
-0.17761806335784902	0.5626113673777275	0.21404829682072596	0.6321653004294993	0.02270834567968938	0.7618373161145118	-0.7162007625873565	0.44412634661344086	-0.08714099589493529	0.07748623878957298	-0.42632810006167277	0.8208176815315563	0.8177840064259385	0.13257875812447528
-1.1529394290793484	-1.2136952735660738	-0.4640765570487926	-0.41328595943763086	0.008189429355359157	-0.19627458831626834	-0.9275701857162789	-1.030619368095378	0.25065499319204537	-0.031923823907555986	1.0059235897463055	0.3694052716760267	0.10722716651461732	-0.6167690860117705
1.805176838858748	3.527133263073114	2.8146114061453593	2.4949359531656135	1.8132544108661586	2.9380467160007484	-0.8210569672084109	2.184533336844172	0.9106413623358715	0.12378780132258457	-0.6724707592949392	0.8057935270103862	-0.2134890601026255	2.2591110729871358
0.13610873046492536	-0.1384344667328703	1.0748312039610912	-0.2306493051938539	0.637561327192525	-0.4382258017062973	0.3103894237585166	0.4808150680633133	1.7021980652012878	-0.15689395573981674	1.699222002613843	-0.5376774510378894	-1.128551307775068	-0.20121324601584467
1.3627365825417415	1.98151898875639	1.7003892887347305	1.829181980081217	1.873814497967799	2.334347850589004	-0.9313968196928043	0.23034440339345683	-0.32050363468378906	-0.36342738113527484	0.050359945612592306	0.42372987559881614	-0.20490823099424837	1.8842939929191656
-1.0151318428418752	-0.19135607644900865	0.9699129410746617	0.39312635312749133	0.5443227819791643	-0.46927863998114117	-1.5744805244931088	1.0608762471224118	0.025817682844224407	1.1661087218954491	1.6370038086243364	0.027702935240909905	-2.5268004196598284	-0.32252174079049
-0.2638628413846442	1.2094373140123231	0.48128318156098304	1.4568387402165883	-0.10159746361274657	1.6811721244467057	-2.053477233035028	0.7160542311805419	-0.7623920968218855	0.7566067843014095	-1.4768006358579706	1.0393307928818944	-0.5220412524700664	0.8842130257980112
-0.8603718873728752	-1.6108058181822824	1.2588498807517108	0.03344615356714731	-0.8441494723377816	-0.34898749720901173	-0.9074231229633813	-1.1380657779467578	1.6923238346688982	0.8988413725374967	-0.21043022674287906	0.4378266347273416	-1.9712566958579996	-0.5337150122426277
0.04252170945575512	0.8442118361032692	-0.2727885521498789	0.9624387375876399	-0.20552576285678203	0.6199939663517885	-0.4645660690267319	0.9414655348817011	-0.9598954865942069	0.8033175009707915	-0.8081661460754465	0.2005205146098706	-0.10752047139333792	0.30083660945291607
-1.7547009386826566	-0.7137018094653989	-0.6588004522916355	-2.0262024629992803	-0.8245874907804761	-1.1719167513409656	-1.0682922136657351	1.324783637082767	0.5473303492133165	-1.3608438112728893	1.0527163126310675	0.04053336431717823	-1.190226804152972	-1.2705266308844647
-1.1365870338954627	-1.5899555807360684	-1.980496842600963	-1.4758155977147123	-1.1034255941111457	-0.9448800591025498	-0.2822247688272723	-0.29409341087146346	-2.0258466965680166	-0.6449401124893015	0.3870692503354159	0.2578903822504325	-1.3688374856485477	-1.1397320370834807
0.5860706328818976	1.009484776776627	-0.02905205434129421	2.034845905983035	1.0570409366439548	-0.8352174564046897	-0.09393989686124132	0.37665435173158696	-1.749052977404094	0.8310617701082785	0.6911543350831809	-2.089774749909051	1.697680187619982	0.4439561282136786
0.7745496096327744	-0.1117895683845414	0.6785044065334779	0.7207113732006085	-0.5998329577267045	1.0669442781761276	0.6820440311459652	-0.7592895443050024	0.5386859584607866	0.29439135576038866	-1.5727042177975554	0.8542410082243967	-0.05456592601126278	0.3546973434007126
0.7280156519260055	1.4928004461468	2.2155383816053273	1.5221529049236864	0.26636166593577715	1.7357818210878129	-0.995163413770083	0.8475807099847489	1.3780133698246666	0.4389694691911638	-1.250475596488758	0.7387271003978532	-1.0074454211588837	1.1857411043877275
1.0685840657033059	0.023082946658610437	0.7729363166745131	1.3475952328509244	1.116438455932483	1.8274614856431484	0.7219763861896322	-1.041438587753144	0.2881300532988948	0.8025919454584384	0.7842755176925764	1.7908919391163827	0.3972336294141106	0.5684993734276748
-0.933907816244617	-1.2389896616493012	0.0009425520045678315	0.0554926856149448	-1.1659331463008598	-0.7349472688501948	-0.29753467743384654	-0.9186208092406059	1.1263298104029866	0.6293806588338607	-0.7341278389465814	0.1124990948419191	1.0610786124408669	-0.9000328985931112
0.689198590927977	0.5928477151305812	1.0703449581717335	0.7595791862296647	0.3344569937550289	0.8766003581339092	0.20864515696916852	0.03567994429695808	0.901220656200347	-0.03613766879163019	-0.3935097555405905	0.2892283786909858	0.29785134307743816	0.5118694799369187
0.6200513689112566	0.7053297152323914	0.2920323012338181	-0.520345819890033	-0.20854238953771176	0.6461802449219284	0.8236940097605094	1.283360782648127	0.32533489799047366	-1.132079876988184	-0.2478416377195001	0.7207746762552298	-0.5283922325553092	0.04099169215457714
-1.3941287210618643	-2.7991700975485863	-2.2890478778514054	-1.7299832694037822	-2.622048715665317	-1.9699874634703058	1.4160240845636165	-0.8385348010673036	-0.03938305190872256	0.607206900250886	-0.543468895850646	0.16815151977375908	-0.13494554964198305	-2.2690601069798073
-1.6391606893351216	-1.0552160379059035	-1.7641379400175283	-1.0360129501183066	-2.6660729370152256	-1.226687322389722	-0.0019276886580847144	0.9671007551913041	-0.16795042563537002	0.6608230212652465	-1.7173999446072774	0.40848754589600555	0.16751837355742727	-1.6689801657321715
-0.03547550600721907	-0.7720882148448235	-0.9472433338289262	-0.2873777097479877	-0.19880319506757688	0.19507882388648096	-0.03139247021987212	-1.2658680103711017	-1.5014200778047966	-0.7996862357844021	-0.3098374652945713	0.09232960911539581	0.2156048393861625	-0.05568837649939493
0.3140714593898044	0.7050309977658158	0.1679523376911339	1.9388980650988177	-0.4749764357182054	0.4770165460423968	-0.12035739013031763	0.5502166635433765	-0.3547429060538117	2.2731928059470548	-1.4164637005735428	-0.1725584282644474	-0.028663795259478007	0.3806337586916855
0.9130628307574191	1.1984481632254278	0.11434139334638183	0.7371792234194782	1.373007807711564	0.14071376456230655	0.400374035343742	0.8390344427765545	-0.8852366546281851	-0.3236147401133388	1.1389609580203675	-1.0258423143288073	0.5477435107526598	0.5854787954089631
1.9756606922702604	1.6686129994860903	0.004750402513071572	1.139151658356966	1.1277868171670908	-0.14312577590404518	1.9063962419303806	1.3209874497820522	-1.402833778845557	-0.044783055774555595	0.4491872679526096	-1.6528758088787723	0.8196102329678028	0.7120984830232985
0.6983189871291984	0.872063835655732	-0.4278230688035326	0.5763772748364592	-0.19682779002262654	-0.27692706555040925	1.4689477193848142	2.0501369819652786	-0.35423464005110755	1.1908521360047024	0.2625141258604533	-0.32081242190363735	-0.4816722180813897	-0.26168390990715723
0.4828490915094966	1.2720835015473273	1.162210452282116	2.0038391925922245	1.899938045741608	1.1945393167230718	-0.9089976511552899	0.2969038954485905	0.09891278747209706	0.9183934772281487	1.4029850949032383	0.3473154735844048	1.04277811083667	0.8853855421108389
-0.32366488574062613	0.7888969628158383	1.5932501781966846	2.1168476165124335	1.0898883942350492	1.118437348315723	-1.7108750160579418	0.48573179707611763	1.5254283845634178	2.319947795362025	0.9770691709739754	0.563777276201228	-0.573627642361322	0.6121834130424322
0.37097587300728485	0.6353292763401498	0.21960148641152805	0.3226466269005791	0.031162703795069233	-0.8866032959013903	0.6419955456935071	1.2437534488631496	0.44381446710536776	0.3792528649627232	0.23588271333210573	-1.7005454018324118	-0.25576318753313	-0.059770155471114014
-0.40396625410018816	-0.3630294957319822	0.3945818874871545	-0.49294725915947224	-1.181911493806757	1.0713358314073609	-0.5867479029484203	-0.5418310968018727	0.8021594730331604	-1.126028857255315	-1.9024965911586322	1.6853502831890776	0.4219922658284147	-0.12232929081654156
-3.2604399394208126	-1.4315398133817125	-2.0698819917585416	-1.4475110469330073	-1.5708605714457624	-1.6462431039220915	-2.8736426952492726	0.38806937191588714	-0.830264281678107	0.010419482177717898	0.15360886727868556	-0.3983652759020858	-0.3445650175669347	-1.595468433017858
-1.421495565885551	-0.3668128871928326	-1.2774273285102131	-1.2532435704727767	-1.2627313360188899	-0.09732607312065589	-1.3165019208602589	0.7333038927913664	-1.0227339429993014	-1.1106428320496058	-0.7660566528186358	0.7263601097808272	-0.4823651565406321	-0.710322191559526
-0.7704600919077876	-0.717102163975818	-1.3563858843257088	-0.4870764906997246	-1.0402999920005018	0.3306662531473241	-0.13594967550833337	-0.051685478898897096	-1.0686502493026848	-0.007171745056842966	-0.5900421201265422	1.4253807741190978	0.17677297535337574	-0.721445471707155
0.800257388533391	0.03368447989433054	1.4262958185648642	1.0309140219531439	1.5558959644440524	0.9441600613456944	-0.46647404030890005	-1.7554111997025346	0.6333415389908585	-0.44147021809843784	0.7828709961126694	-0.4634066227228487	0.2836704429059929	1.0301971111346526
-0.5162694518776799	-1.1452541889187076	-0.9689087073111493	-0.525814007455659	-0.9438088312724102	-0.3752376099684575	0.11032405922114578	-0.673428423969055	-0.586677352420793	-0.0016101480098369217	-0.3421704781875434	0.1629267835692978	-0.4335278214349079	-0.654491570250293
1.1465837398120848	1.6497126404415627	2.1347146529664722	2.9849192601934362	0.27672106268386265	1.3644160281218098	0.04452784470878625	0.7785599258878625	1.5823883883732939	2.4234182458544273	-1.4548461871059166	0.4645064911175842	1.0133465449072898	0.9799073759273873
1.6741878107543413	-0.04729270127539875	2.0917421172481236	1.3573308771634947	1.764412975015282	0.8904884194365245	0.34108729911154445	-2.217792986135944	1.087048883618171	-0.24761521053522292	0.7942190685290335	-1.1166239703019234	-0.5152085910566698	1.3864248086175013
0.39173173744116074	0.04097845516804588	1.1047249834541755	0.7432685220176931	1.2537163814341326	1.2953113238549658	-1.1582113897833655	-1.4801356524631903	0.0876920920566119	-0.6698437919559235	0.5367121232072195	0.1640607068306541	-0.4301878347254608	1.0150974135910522
1.9169041992535467	2.5321340511054165	2.1109248411342474	2.1976637499956033	1.8940230700712828	0.5996856038696443	0.3365816164369558	1.1606949807107072	0.18607361714897117	-0.43020015019111174	0.2751945928707343	-1.5614130805027604	1.5333528152714169	1.5290464996247086
0.8736415876598717	0.24226939294137903	-0.25338852712764987	0.7296435606921009	0.931005911913029	0.4042166276266102	1.1541539859372587	0.06196898062910721	-0.6825278613258855	0.4742933336652217	1.2200978215608596	0.24233470302157584	0.5721174425491756	0.09066451605407957
1.575765789854993	0.5162335015825386	1.1390308692575692	1.5020163310561516	2.6923042316603247	2.327641955692401	0.6247203322388671	-0.9977890427432597	-0.052252472605327	0.30392898513134164	2.628354096278602	1.6209812521027585	-0.22620735879041853	1.1601483989865782
-1.1038386891704672	-0.6706783652489099	-0.21535297978221085	-0.282238460039938	-0.31760041811807327	-1.0175840708927126	-1.4981895240223166	-0.8205644044289406	0.017772279971016953	-0.5826884005192412	-0.21985654058088913	-1.469785661510309	0.6077816038738644	-0.2998960433663184
-0.04631433462296808	1.7609971728969145	0.7588111224047902	1.943368306003685	0.6545955279063528	2.11280984466074	-1.1428828583915933	1.8423088591718955	0.25474838022116225	1.7719281441845518	0.0035929982886899778	2.2824239239316397	0.4581528448807075	0.5639812884176357
0.40625131135912507	-0.918024417407593	-0.8223961930187546	-0.8041423125747891	0.004976916437995305	0.7618621781992656	0.6861324594389552	-0.8881168406021571	-1.5403166390239011	-1.1845837311601815	0.5733839661301352	1.3925412788976768	-1.1385177805594373	-0.15745075693441127
0.17523691256442397	-0.7941042240993922	-1.7533792167729092	-0.2995498052950619	-0.774071404925275	0.09550934344407691	1.2492914181006072	0.02985151228034819	-1.9446255763161615	0.4596384989586474	0.04664948705292077	1.0274954408970496	-0.6734804226837121	-0.6773190469308586
-2.5196242704620957	-3.11698010936592	-2.345043811808188	-1.6702581816215376	-2.276967615937712	-2.5821745276187973	-0.8510324571094097	-1.2780844148949302	-0.6665368614808167	0.6754009966316324	0.06780828679254093	-0.9006094913776569	-1.008323184051189	-2.148464823618724
-1.0887588664870798	-0.13768482930009152	-0.2306104788947867	0.9251103509621924	0.13784233420925418	-0.9660564257937214	-0.8465622657786674	0.3410368529119874	-0.9633122422652227	-0.8402903059433814	1.3885479100753981	0.019065608498572348	2.423127410640843	-0.8269324231754526
1.3404288455111955	0.8829488484623991	1.0433968805124583	0.5197855782285279	0.6924135172059972	-0.24257137204632473	0.003118071036808914	-0.44351752795519334	-0.443185028402334	-1.4210157906165888	-0.769018943310539	-2.7828759501265363	-0.5253012540671731	1.2541196160489496
-0.6536437169190088	-1.3297667462586251	-1.0377985840261992	-1.1330080854635247	-0.5241783646062973	-0.5784325968435823	0.3608469840493327	-0.40605415141560874	-0.24392758418388716	-0.4619813421644123	0.9244485414386596	0.3701771908053832	-0.6061017627085517	-0.9649139028675495
-0.2361524103911785	-0.25145182203379174	0.6182299051076003	0.1657448562068255	0.9659596110212696	0.4802698703502263	-0.8660614816732949	-0.2597448734255722	0.3805122964050117	-0.0501962842245846	1.6928588381491307	0.44070524453332727	-1.136348717790682	0.13166484557968797
-2.194262445211542	-1.023428426226962	-2.8396868781769933	-2.0100806846870816	-2.361470766532107	-2.6762457596373754	0.47900363937006485	2.2714902209743855	-0.8947544798724767	-0.17797323992040417	0.15775704398328583	-0.12791775876688571	1.3169711395088752	-2.6497167867133684
0.7746774036408648	0.5801418348256251	-0.3701956273955057	0.8541041169527415	0.5465352276494088	0.38820373908490824	0.9789467130639601	1.2064826157576982	-1.0191035270002542	1.2123946138557884	1.1013996946452855	0.3745405590436346	-0.9748122311562929	0.051214711602264734
-1.2389773357565743	1.54241243501457	1.1804000133700234	0.9246272639469348	-0.5330733077620824	-0.32053459383511973	-1.8060016578063685	2.705476532495395	2.054233847877276	1.022408985405313	-0.6789609745263324	-0.16662067084875748	1.1274280402019214	-0.3063590925230512
-0.02581554702998068	-0.29386172801336513	-0.17881535505125493	-0.5169791967532169	-0.6314560489968306	-0.940192599122923	0.5698072517131789	0.05843851363006238	0.3113070111822332	-0.7721376007398238	-0.48069778951538666	-1.008115761677665	0.7581208479647443	-0.48054900578435145
0.22120258763011805	1.0708403905540331	0.6403358935272323	0.22194486017510934	0.43776757103621106	0.3290837332172122	-0.3120361501015676	1.1018710591845131	0.41907669544582593	-0.6487063276696693	0.04684110184239428	-0.42604114176505464	0.1180829853462186	0.3861011579740816
-1.8109578126319792	-1.9262842454642817	-1.3371585116550264	-2.2556231503812323	-2.0073836689733398	-0.8700279998940945	-0.4929311936832476	-0.43598041143545113	0.35535738725139837	-1.3423631537623515	-0.5748452250445858	0.8827906689122392	-0.40642996033103884	-1.5834100065368033
0.20834872887640365	-1.3866002260826145	-0.9141169346330364	0.4600365360770424	0.28313669859718227	-0.8948442648165095	0.027281256083866622	-1.8312226350476182	-2.277565866268984	0.6752759786958225	0.7879173505753362	-1.5351964191561147	-1.48782447688723	0.009698250323402238
-1.772452482142739	-1.4464753643927497	-1.7314926518027953	-2.279587286701063	-1.180532907176912	-1.8410504866066217	-0.6526444326673833	-0.05116759437939449	-0.5585617717300319	-1.7743068779677946	0.39203048847812016	-1.0705186353114324	-0.08914861877261901	-1.3979450840105894
1.8790498965786437	0.3415560727346023	1.0398214135773378	1.0333533984725598	0.14159696021178392	1.8710825222042375	1.457522114635429	-0.8679021163645214	0.11796171195494226	-0.07008749433316624	-1.2043212960571335	1.243982510796016	-0.38528821253605666	0.9393549850605265
-1.7341748099134915	-1.387027352505905	-0.4553827605666757	-1.3811639028040639	-2.1489630890244746	-0.7030617581741174	-0.7960047037373686	-0.22686693716640996	1.389565481495588	-0.5624677048845158	-1.4958171262730031	0.6764628894317322	0.2572538286395624	-1.3023579559339713
-0.4280559985871264	-0.0911999893804476	-0.16056107618571724	-0.3310354637443531	-0.8043689463194149	0.05698792218923865	0.232482936069117	0.7937631052695693	0.6878434256920948	0.060553048321302615	-0.3948503315660782	0.7175400360937297	0.029942977176092737	-0.5734464479774077
-0.5139057499180234	-0.2986176075446061	0.7626985456169522	0.789541597947755	-0.7811662663873633	1.5494418245879382	-0.40907791462769616	0.0682806666402614	1.7638448414704124	1.5431506365603354	-0.7363210134236484	2.7589360328640007	-0.18548394679769023	-0.3024892181692249
0.053698868645756015	-1.1069031650510093	-2.304602422084276	-1.2421729118404017	-1.7024567473207046	-0.6978361757693057	1.8837012888974536	-0.0859081787325746	-1.9991061160319612	-0.7017336073018707	-1.0701980137038376	0.486506095222855	0.5331289410006446	-1.1619840460115933
0.49828936351619696	0.6783590639313648	0.20125623834963893	0.12864093676038574	0.0694488610544225	0.3279587550931785	0.23898021453654633	0.6431273762136167	-0.21478021696623267	-0.6105485730105416	-0.37195873166603666	-0.3238345651710389	-0.1619733012976568	0.3248772984627262
0.6331979850561146	0.7471573016703117	0.5302256389411095	0.12637356857779536	0.004532292249947778	0.25646867130830053	0.5236448311349825	0.6608592926772425	0.37272890811796056	-0.802634907825933	-0.5603351811358143	-0.19358072384646416	0.6724321316687666	0.21615529973021289
-1.1197883178721217	-0.509649461618807	-0.29187286141666335	0.666396102423388	0.24788500946894612	0.4395794900527401	-2.1889103998138024	-0.9998841019179977	-0.7533462572391522	0.6154044940999189	0.261533253974042	0.16990168092702712	-0.2741249685768968	0.14510599324737097
-1.3707219921787712	-1.1869064701990468	-0.46496587837891534	-1.0067390312526046	-1.4072180697780956	-0.8557185005244428	-0.28822430612773703	-0.06629862177366476	1.1696367134088188	-0.28093823084042635	-0.39587402885959305	0.5723897410655958	0.8897395971071039	-1.325075216556269
-0.8163426840746132	-0.3546591789416398	-0.7592988365504233	0.4431478134685329	-1.2300446032267554	-0.42344791867656806	-0.704725604713322	0.5255338227386294	-0.6258477000832183	1.439408284370517	-0.9606387907236249	-0.08768638502040882	-0.7965131238910098	-0.5106768478066154
1.6956037656820706	1.1228199871849713	-0.23336989458175572	0.4660704648206657	1.2736440158532103	1.4451954036519497	1.595450793226716	0.5630802737915787	-1.653915863544828	-1.0264781755546637	0.846961259822783	1.1616502174295278	0.8464664531748829	0.6156785322750477
0.20422174048211605	0.4896840579479499	1.9529801148821955	1.1841937047942404	0.5848040388586506	1.824758085179289	-1.6680712126131565	-0.5382570511999532	1.0409470523748618	0.12305501792055806	-0.46525266039366475	1.1665099374244892	-1.1819238906522445	1.0490230667983707
2.08696537519511	1.7433215254139272	2.3706605960244294	0.9266298625344609	1.994887201919548	1.949185444066857	0.14542655491544162	-0.13027054246310027	0.6709982381332024	-1.8591474020483048	0.2824921831586331	-0.2448563870132127	-0.49140759088459834	1.9197653690687069
0.25059342265691065	-0.8079243543444552	0.1981512724635694	0.02186005259124646	-2.190561066078523	-1.5150937975511587	1.1397270333752272	0.46862954498844134	-0.0878738857679289	1.100150451415485	-2.26640699168993	-1.2434706161210243	-2.1362641040512678	-0.6618492605272666
0.38687146562586544	-1.1655379521563856	0.6472795103692259	1.2576700602944626	-1.7194845950755395	-0.9906827281458732	0.3641944684381125	-1.2289259080830595	-0.0656882778410914	2.122768889829409	-2.475997708071966	-1.4633198378422823	-1.9133740741754381	-0.04550759247146224
-1.3408491141584005	-1.7659362255011268	-0.8777931368117176	-0.54810167880961	-1.2963179896289476	-0.882053283303101	-0.3607001700541335	-0.9628350557988478	0.4530157466354567	0.7292221430297084	-0.18039042394675195	0.12630076693736383	-0.16570491671921164	-1.1550942086779759
-1.029299603699596	-0.36703368691654326	-1.3520530456697006	0.18373511580842705	-0.42443837316790306	0.320377307885673	-0.829795793664636	0.27040729531002766	-1.3279424230909593	0.8508772612847455	0.17493413753696385	1.1379059130583005	0.15365860565451606	-0.560009785233463
-1.4906508709242847	-1.8117078228639867	-0.6678666903377876	-1.0625747966768198	-0.4917768811383787	-1.0439687003125615	-0.6464559281867842	-1.1266163040855142	0.7494040690168882	-0.2125403824624346	1.0732355932335769	-0.20723227113008572	-0.08407580272066462	-1.1189228798685453
-1.4099035463866811	-2.0389494430849506	-0.6191080578645576	-1.1064639370750455	-0.6319446646714568	-2.166327063199444	-0.574826430705492	-1.8532827452253187	0.13738389876401688	-1.5183023151576713	0.7179980829613001	-1.473541366911272	1.673544628096417	-1.2616887215690427
1.8557612382738464	1.8291843341929828	1.883039649309822	1.7226272510297922	2.0572694745193307	2.6196122780005497	-0.012561081686831392	-0.11827304090479922	0.03631501801404404	-0.7462499388836897	0.28339240353330636	1.1971700659059492	0.7356106933644286	1.7530260200629766
0.03448126722442635	-1.3631011426350956	-2.317865543438402	-0.8689509681653838	-0.7527902765767974	-0.8255637816324978	2.2108386691698017	-0.17112528206482866	-1.688927374434683	0.22374151971507356	0.8625420897836484	0.687911373275917	0.6720007938732581	-1.39482613217085
-0.5519634968759378	-1.286628286818154	-1.4120205755344344	-0.44350052335305057	0.40599783114299837	0.3208235263454965	-0.1505760870050454	-1.1320060091898931	-1.5250644543185818	-0.08309201817516712	1.685623180197632	1.1076120758014893	-0.395663939100299	-0.5282918934841583
-1.073279334210433	-2.5212028643266873	-0.6061218062687344	-1.0180506278215722	-0.6229643972802892	0.15200022846101668	-0.12035889257025228	-2.5164142742603106	0.6665338850184916	-0.34460464175444894	0.6473155400239254	1.5970724288530758	-0.025890494735696955	-1.0061762008233612
0.016445173881988906	-0.8466125837752868	0.37173191804702366	0.6689721106167342	-0.30062747859520017	-0.2826487607693263	0.10828450601377068	-0.7267760149269122	0.5566052946344213	1.3263358717143905	0.11745375986635191	-0.30388551749373416	-1.0784734969037497	-0.19485227543838954
-0.401258358725248	-0.04059280619718586	-0.5423823877008256	0.5644707641124781	-1.283031165878844	-1.48033212887953	0.2879232933081911	0.5902342441625217	-0.9052732215821369	-0.18178786517894244	-1.12045779310943	-1.0087222432180354	1.9925061104450383	-0.7932345747837065
1.5607284943957558	0.358039332057968	1.0305358345816553	2.4205607690534725	1.3071257413618782	1.2549243426869134	0.7573567956349352	-1.5256793675900415	-0.9753838967132499	0.31547768353656286	0.3742827261791315	0.710595233160339	1.900569919706996	0.8933329686705938
-2.0511329668724754	-2.260947101527453	-3.019871767453784	-2.1319304221698094	-1.17314466701473	-1.098268371458077	0.2104232036158826	-0.27577566401262527	-1.6189280515714235	-0.7645996735423463	1.6257644200448216	1.9388543485783334	1.196300102717743	-2.3347417236634262
-0.04232089801678407	0.54030619517543	0.8410521509000247	1.5718102751543626	-0.24190019410294555	0.6081294598852787	-0.48994700122532003	0.32098709619961674	0.6796017542303575	1.2292937731767657	-0.8647568707516254	0.7934918391693353	1.3233382078652438	0.08304629588261112
-0.6088301697736249	-0.38096982711388505	-0.6972038821654913	-1.262944553568095	-1.7888855717782484	-1.3441448384940229	0.8316705255683055	1.2083334286180147	0.7220687074210392	-0.5985218469149924	-1.1380313542384217	-0.679315802002546	0.14275514232826989	-1.134520912750348
-0.31522232564312774	-0.38689005473674376	-0.017282708847004138	0.029102230129663342	0.7363040793027817	0.7828022897666048	-0.5698177174612699	-0.7059210562461827	-0.014046217295597586	-0.3689973677453265	1.1684424890321152	1.0472397434392238	0.35029291066571727	-0.03339600312217762
-0.00920653195336274	1.3234032409538472	0.26446462759392575	-0.592250106656822	0.663186951406591	0.3532940818604055	-0.34962709147139737	1.817452003948283	0.1249075460509709	-1.807082089255779	0.734271564381746	0.1688909454775122	0.6814946470073678	0.09663310918340379
-0.05565892310231363	-0.5133732702324008	-0.9062531282708677	-1.3734189699550292	-2.186510515676246	-1.010556767126812	0.30376467086645875	0.11346077550859673	-1.2244590229182564	-1.779372896757087	-2.7304895054905884	-1.2294533078657197	-1.0163641070297809	-0.37817691413160265
2.589925768384135	0.8564926932236347	1.7584353282709408	0.9862449848258573	1.1460315790107636	-0.06313914325545245	2.054213913093483	-0.09770745007841329	0.34197631473093654	-0.4190785189995037	0.25881839477928925	-2.153468204828665	-1.3549021216248798	1.1860975875956588
-0.7528612797725117	-0.8241960320394656	1.0478963907883472	-0.47770078457782705	-0.5889664039850263	-1.2860637260419874	-0.9622761165248631	-0.2579763221353324	1.5608379216753183	-0.2647912867529361	-0.045485039146010736	-1.5513526532762443	-1.538141158680407	-0.3617820070221847
-0.5515975035510263	-0.29588647680146285	0.14567180762644866	-1.0545596735590412	-0.0025154436163491445	0.16781952780311046	-0.3240795720390556	0.09096648255731916	0.8942818509825314	-1.5213353105579164	0.581149474300798	0.6373294888132794	0.28126427620546157	-0.4067192215769466
1.043843782856969	-0.9884228292836705	0.13604826658978536	-0.3179967615761899	-0.6988695628658397	0.4354881498733639	2.099004369026733	-1.3005333668443577	0.6433784726847726	-0.5329300052373795	-0.8164741937873086	0.8535397453925762	0.29845605744679665	-0.2677940206664153
-1.7052882642576392	-0.5803087725073757	-0.2178412106990032	-0.7846030783795115	-1.1246908941205407	-0.37837444062554537	-1.3818919803463265	0.3184944410776022	0.7367556534728589	-0.9056791321275485	-0.4510015998827515	1.064162713887115	1.3986401793020902	-1.0511334730143551
1.0047997350490845	-0.19189638808400022	0.5104739865231104	-0.30767671089706805	-0.04021895433559952	0.8113838699313407	0.5432331411019492	-1.496251349883505	-0.24657067801039617	-2.100256497326126	-1.2308859346906003	0.10766869721601842	0.6131806406424111	0.5832182937176206
-0.4968185946962429	1.0807948092624302	1.4253533052158376	0.5010451226235004	1.1801835037021926	0.6486816937667024	-2.3175719823444125	0.39270846207355914	0.9200995460007262	-0.9093731356607696	0.5582478759438878	-0.6998779388499008	-0.12499538237137088	0.870168808492569
1.0288444040455456	0.4510170741978604	0.6866256231393584	1.203678384940745	0.29926922219663094	1.3605421934114776	0.5670489998580531	0.03016908412574627	0.001688189479017729	0.8805938398129587	-0.24380767627144048	1.0542930655970144	-0.7302379561075474	0.5789632149439221
1.098354788743196	2.327050795312063	3.8826450364223954	2.429211639212305	0.9613002219434288	3.7017380551325942	-1.7431126827779222	0.12624597000535237	2.520968428481548	-0.6077175587960271	-2.006621884813841	2.8397136075438314	1.4185879544839877	1.967585622412054
-1.7955187452251429	-1.2744425278842815	-1.9023722395171938	-1.78744003273569	-1.120441119691458	-0.8322340968281895	-0.5840170150407024	0.2811296122308956	-0.7234562483236157	-0.911021732620534	0.5379774695870725	0.7376763415434398	0.14770889381227392	-1.4726620739852736
2.7688819488766834	2.2123710697300347	2.0574336297513236	1.9316201602944245	2.569052384674197	1.1606840360622377	2.152811738394301	1.1906589559459018	1.0155092052535077	0.33365296095956826	1.7931743373288358	-0.6742894025483169	0.5276052926741472	1.3924546376276643
1.2994579121289245	1.7296462192439388	0.9501051528024357	2.072748904066207	1.4990491722097203	0.7808048994509685	-0.08436521658234869	0.5108039589044782	-0.8307755001553787	0.4384478094920018	0.19865778038346096	-0.8462708856335985	1.1140301661743133	1.2003578106663892
3.196952888296832	1.956853572868786	3.140060928082227	2.1058828477232057	1.980573369728167	2.822407129772993	0.6612795632012176	-0.8675332107444113	0.48938613523666286	-1.0642223665908594	-0.8731817083210643	0.06465062775713434	-0.9475077678976318	2.6668750528949587
-0.5955105688232787	-1.034018315735778	-0.765219454661121	-0.3543821797069842	-0.8336408708726224	-0.3893425356142262	-0.4267016727373356	-1.2142345194657644	-0.6964599903138383	-0.5199903944623795	-0.8615468168077701	-0.16047340836257482	0.7016698240131793	-0.44581156885895523
-0.8962419917246562	-0.8058682485553164	-0.5742509528624482	-0.3876339117796775	0.41623673920558757	-0.4951510825402112	-0.6601651302330412	-0.22370239022352645	-0.06884299139431625	0.10818595161150882	1.8073859871791513	-0.15994129868526563	-0.47134354477533374	-0.5773781054661338
-0.06686318197070157	0.6411114488330723	0.3590700265059239	-1.0686730321027729	0.28533956615559974	-0.10085657290679811	-0.7608549056324254	0.9352831530590151	-0.10888305729928702	-2.3507491635432087	0.3028836504922356	-0.8088481097405252	-0.9043829675124816	0.2608181505001596
-0.355927593303073	-0.6824300325839305	-0.9049151056738801	-1.8954730059191005	-1.9831627665569376	-0.4072288152988153	0.7513757164762116	0.8130368565432777	-0.3102241478092802	-1.6826631250960484	-1.4214772690827233	0.7544607457221723	-1.0834638131665424	-0.9535593838765888
-0.286886942062667	-1.1813678099441538	0.521499377786136	0.43765126634295537	0.3540434179177683	-1.1179763219865484	0.48921848517695254	-1.1146045729705314	1.7010196851550654	0.9728023106530072	1.5075499041952816	-0.8164290050060918	1.0634386961104634	-0.7252928053839276
1.1835038318785536	0.04386693575064815	1.8490219473349403	0.42041612808448603	1.316230795744907	0.3550480115410765	1.1589310220106641	0.35553607411279886	1.1192161810339436	0.22972368392229492	2.0421151900598917	0.3403403774440845	-2.142864873041758	0.2591182658913204
0.17183742104359465	-0.630425739578698	-0.012921225534056752	0.2010525433666889	-1.529302641828075	-0.7343907189595666	0.3344872266246607	-0.33512116206920733	-0.19691978378441163	0.5480243731052424	-1.9246361686496918	-1.0293951723957804	-1.2096544783577816	-0.18742214666561718
1.4052628267138834	-0.016987862420831834	0.26554210529817246	1.7614794597281063	0.06821257710680731	0.6927230656639305	1.7415724333548785	-0.32493129209368476	-0.10656487017126351	2.269841702682165	-0.1899436144572704	0.398074268885328	-0.5037681867980065	0.2787245501949803
-1.7945027393219153	-0.7460782336755518	0.23169360274814887	-0.5806165682212641	-1.5962885163100995	-1.4036111349894576	-1.4217995572678586	0.3719460631809994	1.9763129534990387	0.313567184552654	-1.0450907464153882	-1.0800256600409117	-0.07075258314298137	-0.9550953549555552
0.26826922308107237	0.31320850961008945	0.217805579330496	1.555550262768593	1.1187351849558627	0.7599190191222109	-0.5960771608059495	-0.5553386750326026	-0.6311939121381112	1.1270950358314462	0.7950665011581776	0.07497457858079769	0.5234746654621241	0.5417167815372261
-1.203505065709606	-0.20536095608620403	-1.0688914440428794	-0.8785132600448415	0.030084308639681145	-1.274339373112161	-0.9099668445926375	0.7292204711050746	-0.628170561769674	-0.7622828571026814	1.126090054354022	-1.2107588332730292	0.4327641550892023	-0.7294460697670893
-0.6829962161645419	-0.6306649993768425	-1.2751052268866316	-0.07961335997305541	-1.0280098974206533	-0.28941607951301435	-0.7636393786365253	-0.22087956817114493	-1.7632331062353266	0.28357686875343097	-0.9093174340216578	-0.14973201535277947	-0.7864134159140281	-0.3408545752913499
0.9767379803313596	1.7561673293303937	2.964971733810715	3.382114404695751	1.7381204081500559	1.5599979663017556	-1.324523764745123	-0.3410497789589835	0.9378028567725377	0.42271728563630745	0.025050006529467934	0.1800928178554964	2.067630095145868	1.5472711776766102
-1.9165959255509688	0.18374362624403817	-0.6422554002428672	0.2553947805404022	-0.5546726157350166	-0.12292812062026803	-1.2918698106604345	2.182034271232704	0.8880267364551614	1.9277336738784456	0.9565188322332098	1.5231478426642189	0.4549725428421543	-1.2164714450640153
1.5239889198395207	2.470066067573307	1.5143206695419178	1.4450451945956169	1.6609642698363403	0.826495571867819	0.13383214656774975	1.6843959407143512	0.1740143981906609	-0.3969004219758011	0.3409320434907059	-1.2046398918517083	0.4508305235524771	1.3692623984342012
0.9563838821069297	1.4200570983674186	1.0799447791302839	2.304788784122456	1.181848993973548	0.081913677370407	0.295937357407609	0.9160541362497319	0.22770029919850443	1.615008551692528	0.6272984827072071	-0.9805435306960523	1.2839004496541688	0.6136445266867457
0.4395482839682552	0.32234762828621183	-0.32559142512579164	1.9158536305687448	0.7602527233551466	1.2458585607354635	-0.43398879868018	-0.6744263140915538	-1.6753283664017768	1.5701292820828343	0.06803899953707598	0.7970095425036468	0.6140652877550875	0.6041903591901266
0.5368571531310841	-0.08684856643319105	0.6057689707313337	1.0575789769790098	0.4572263179217192	0.2428596990083478	-1.1033506142074432	-1.7956374570916267	-0.9486153750782453	-0.26860630220262866	-0.8996469880008208	-1.7186685772816501	-0.5825993902559155	1.107053785872968
-1.4630473734914744	-1.6436302576602206	-1.3605881270679052	0.350633693379897	-0.5758083282663196	-2.0033917836486954	-0.8102957907556714	-1.139298144116915	-0.5845696902550688	1.8082133193576346	0.6460369338358019	-1.880401203297166	0.46797982860697374	-1.0536473369114665
-0.8898161661857438	-0.2482913817709682	0.1396094444683591	-0.6194422254735013	-0.8909106548373409	-0.5706151470448237	-0.516322208218387	1.0870976410438942	1.1257655113961706	0.02497730599350502	-0.02807705757383256	0.03996423980583267	-0.9399654579675883	-0.7125568748037869
-2.6709104121508664	-1.7338832655923435	-3.2059206565820526	-2.6407926125486303	-2.3822833731907473	-1.1382800205547534	-0.3733328624678983	1.4478703982043906	-1.2071474747692579	-0.42318780836488074	0.3629892926790554	1.9952765710722407	-0.42458999776787554	-2.517687504961403
0.14200931885310883	-1.2723025957994583	-0.1649555491979794	-0.8090830195758351	0.0689303716741137	-1.5318497676557095	0.024129573571411645	-1.3843975636333137	-1.237360601219302	-1.270824230393325	0.5706493966131222	-2.341352892758884	-1.812060627614544	-0.07925193209656117
2.0172050852982104	1.0663159693137798	0.9020893286051542	0.8962959946040656	1.576082196427619	0.6299698083718229	1.5060954400128332	0.04502508980924622	-0.30587922409787194	-0.577558453642278	0.8942308519406378	-1.0739545863485032	-0.19395946436245637	1.0780928083007233
0.5568361018237461	2.008778830748166	3.1455100593076857	7.321850328125005	-0.03750933132942991	1.5460311721550795	-0.941498958977874	0.7809212957545708	-0.4935560637731382	-1.6472457750118388	-1.2671514642082389	1.5129033066991404	3.623633816787865	0.8154992899378507
0.45309647977850187	0.9229450588823886	1.1616762033331756	0.07736981123582476	0.5292529688603563	0.9901031323247503	-0.18556310889331798	0.5756918551429127	1.0540140757547372	-1.19866558421987	-0.07675287494453495	0.5170843805679589	0.4067848702277294	0.4961729717510952
-0.18933596815184628	-0.24147490297331242	1.2686434581172776	0.28127073103484623	0.7829635978020828	-0.16256181462972186	-1.5634201285568818	-1.2620100532233232	0.8905667252547462	-0.7828610283811795	0.42984226280815496	-1.6136664961881975	-0.6588189979538404	0.6474949285514495
-0.984221134987591	-1.103590976909655	-0.6931560034227537	-0.0305666906976515	-0.19856072965774457	-0.4945618529325085	-1.2707589101643304	-1.249753454233501	-0.7263859819132121	0.18650150493163223	0.25614766433003544	-0.6657201808374703	-0.3556123248724504	-0.28261643939506426
0.7530518991502775	0.8882562384912713	0.9594504764229798	2.42395536546113	0.98636047379585	0.2956660947504632	-0.14889862554921965	-0.16396846160285578	-0.4605098395827025	1.1028448360811707	0.2443711633938789	-0.5267826934068616	1.722945347756016	0.6420482459017817
-0.4511154137865623	0.6458693421876992	0.47366490945458084	1.2497960654286566	-0.23631281458604114	0.49507689915929426	-0.6353974054662356	1.255638832303953	0.9334518439031813	1.9273537602765172	-0.2147143083921031	0.6404379956212152	-0.09627074516256719	-0.08825980816215907
0.5374095637923822	2.16208255024034	0.4146999937926059	2.318326971094552	2.1829317588660837	1.2633447961937474	-1.0175662509486008	1.6211732406327652	-1.2355521263928353	1.4110278000639411	1.6823283160458955	0.15117097621814876	0.7885538404494592	1.0316678377707889
2.722181665013661	1.730861664701314	3.969807802902996	3.164659111539228	2.848806985477189	3.2998690592271838	0.10048237883874567	-1.8632031314562083	1.1514915256619325	-1.3781592679813153	0.3872937848215472	1.5884572144149096	2.0494020522943646	2.438903133116166
1.497632857012331	0.5711805209253704	0.03172839952364853	1.170704042219774	0.05000551625628946	1.130851587929927	1.6148301381511454	0.02890720455405228	-0.7894248897613921	0.6239976796560504	-0.8286197947959528	0.8803172202074372	0.5879526914751562	0.4362456598979078
0.5819290841388391	0.6592138134144414	1.6237535118750186	0.6322054377893938	1.1936292527097478	1.3701766073283308	-0.544772241146756	-0.33283916652423806	1.226392633150357	-0.7138240205708972	0.5577354704863253	0.47868253059969446	-0.12849271537472923	0.88461585640393
0.8290022373323052	1.2623734646857183	-0.17563593315641474	-0.8141914030851021	0.8418562568698282	0.6306998558305179	0.9457234657049054	1.650816265844036	-0.6694020608625952	-2.1673911955310112	0.9524542892385635	0.4044609108736701	0.3564451641036503	0.20059467235856673
0.6600975196381188	0.48548182371652315	1.648862013844901	1.0500712887415953	0.8644438028541382	1.8086887484202911	-0.3033320247365627	-0.6019885507106909	1.395920408507681	-0.00382912377639895	0.030284465473681917	1.3552600117947367	0.22949293357331055	0.8007763674282756
-0.4903441572375215	-1.1231538735389086	-0.08077852269413248	-0.37222908070147354	-0.07433275318873947	-0.9822834771916922	-0.8641364104888282	-1.4789016255786402	-0.1845026235831547	-0.6359544272817897	0.24576441330943133	-1.738693881727291	-0.7564552312905635	-0.08452185193361163
0.8471393863700689	0.8038947377193216	1.4168936210351122	0.8221686570734373	-0.32683738967172293	1.3274174705800488	-0.32954173365916223	-0.4347298729717558	0.6702002579558627	-0.7903254730414032	-2.311825963079311	0.3190208095172252	0.5142836898628067	0.9618759235298138
-0.35564330511977776	-1.0276635777463712	-0.8578004747037127	-0.945893831113015	-1.5970651134492286	-1.5998918400630862	0.7012231460068923	0.5264614665960184	-0.8774432344158383	0.006373447291174755	-0.6997968606811642	-0.9515588810569164	-1.8045671216627346	-0.9826270333714352
-0.5753304297375872	-0.988890027565871	-1.7162729507027743	-0.48479017956031945	-0.9683291617202275	-0.5700556620771613	0.9066601141908978	0.6806817023014171	-1.0127805945261539	1.1041599814117384	0.6872666834286295	0.8797111902885543	-0.801334805036043	-1.2370320879395127
0.25460217930676216	-0.11801094348392946	-0.11297464951469982	-0.3638867186705802	0.1829597879891893	0.2185383467678696	-0.22570945468117942	-0.4270220023581264	-0.8297859842765584	-1.2387203267043123	0.05455750647593673	-0.3564784817798092	-0.7179792344705406	0.28179810482505446
0.6557225594596209	-0.24996802853711808	1.2807638946006485	0.33035060345525324	0.8730312151439585	1.891398314170009	0.09639635759993441	-1.4546482578140991	1.1774557234159282	-0.8909714378469329	0.4279905645144486	2.031763474018176	0.5857185627431574	0.5056772136027098
0.3408578890324427	1.0539568100579213	1.5396756069617221	0.29959863706287715	0.33541010980244984	1.1321531911317142	-0.6776336361285061	0.3224838205162579	0.9024098558600576	-1.89332567116546	-0.7170575128914396	0.9085544592058405	1.4689251150050786	0.5666814947471508
1.0232364961100076	2.1362035453590256	2.2154424929336356	2.319387520445149	1.8716110130753325	0.6798717604584038	-0.7871189588805418	1.0089351005829914	1.208549733679175	0.870271364382495	0.5879549368672059	-1.430211866775193	0.7176024783509999	1.387321989339031
0.4503280394636459	0.629596217730258	0.48180946442430084	-0.36659804693719167	2.366359763740814	1.006251239117597	-0.08261147055378923	0.176645640993358	0.012079700055831605	-1.882850347312775	3.0813227546651776	0.7132686393429518	0.5690221434236389	0.40980440444951544
-0.6157404097968902	-1.0372163487054231	-1.075120281946588	-1.219657610575768	-0.709871307152133	-0.8894900956223928	0.4557565209773963	-0.28641586773887723	-0.2679165858781233	-0.9900573477811424	0.26931280404817365	-0.13053793351939483	0.5705867424656654	-0.9794841765552299
0.14312028441049818	-1.2244449610272934	-1.2437935433846472	-0.29537733036758673	-0.8186160314189126	0.07431343410396396	1.9260769472295631	0.014681591445773693	-0.35292676689897207	1.1770304889497871	0.6780282316857116	1.7012146665999945	-0.6207507141409584	-1.1091037730665658
0.9082446340106111	0.7404417900532861	1.0785237831258614	0.8332875181104106	-0.019259248755475467	1.5487848265457278	0.06599546119704541	-0.21520942005425894	0.37799683079054097	-0.39548906316868637	-1.4813239190582628	0.8333322770089802	0.09901220364146092	0.8497650013575493
0.25928628100417683	0.7690087681481032	1.3364880701404596	1.0330462785380685	1.092727935341756	2.0116602103673893	-1.2574713654213938	-0.4599609371125396	0.5598451749377394	-0.447110575690222	0.0957128301027977	1.5717083811119885	0.6672667743783718	0.9115319755399526
1.6401964214668272	1.3927136763336598	0.8419201938157268	1.8003757713564872	2.4264163583993463	1.1985473038749639	0.8206082155039267	0.3944724957824674	-0.4516793612455493	0.7222437149931603	2.1190265253081275	-0.14138010771405757	0.31429012278721913	1.0931721543067354
-0.05203531196265426	-0.7137236387384991	0.25656638443081825	-0.5670212037881037	-0.9441133918094472	-0.09498009705420674	0.8230404764916572	0.22697281661630866	1.2872567395402572	0.03873775555760667	-0.1941432380772392	0.7520510794493231	-0.8858565391391495	-0.6727360208804544
1.6221949756646517	0.3762485277657439	0.08843800042759598	1.1805534232062742	-0.3413848280432562	0.28426017518539026	1.2796581652348167	-0.16506179625618436	-1.454051622022564	0.6896478102443871	-1.4375492315729463	-0.8374643992719125	-1.1364341846247281	0.7025724424444002
1.9165853727040203	0.6810800317040896	2.1899576268443512	2.1261361577027458	0.33740742539708524	1.734072766214664	1.0567889948586866	0.27251931853875844	-0.24252606380544806	1.8030551447663523	-0.9680760370617179	1.4532926328575706	-2.556063501096456	1.0287811408001257
-1.084749083295019	0.04173593630321665	-0.012851665444428867	1.7554658178440474	-0.2393257105573546	-0.8367027121770235	-1.4125154645517437	0.23545313939816823	-0.2292385323405856	1.8762393048836088	-0.007660491000075609	-0.6382954468111933	1.670955595433932	-0.43372706642247066
0.0005093255716071693	0.08392080712311957	-0.3099692763092261	0.17882168195600945	-0.3027631416420958	0.16527892315266543	-0.12394899450262103	0.013222306308882761	-0.6108822958548077	-0.1639978836894942	-0.631178993745277	-0.14619430311665466	0.10902252068777306	0.05418291920023531
-1.130716612811237	-0.914665002174303	-1.0257883825946117	-2.774993577643656	-1.8547351124248905	-1.6027772166356176	0.46366901500882135	1.782270692567223	-0.13529010416420278	-1.982838567628719	-0.07394821297097397	0.11080994927838352	-1.8338949179628319	-1.6172484341220703
-0.9882975149402221	-0.28390796102258486	-0.5191847638107601	0.7316192810895378	-0.9890133768440524	-1.4967567482701174	-0.13232694003449044	1.2393725808650242	0.7078355588926022	2.5834334829942223	0.06242852525336202	-1.2045372473432765	-0.3174515594066661	-0.9640411976602662
1.4924525155419457	1.05071512729715	0.8997086696876382	2.14808859293527	0.6169968250113701	1.8889907347074473	0.28057215882651404	-0.5099507942527476	-0.6895964865492458	0.8863652518776216	-1.215437450769066	0.85689686828105	0.6841325306455507	1.2198590977196886
1.6450873469253078	0.34472103251090747	1.580944755839157	1.40885031170736	0.7084574030469535	1.750391083848584	0.16534532725623655	-1.2953569552264579	-0.22065859573925894	-0.04376234858285234	-0.7990481532665358	0.5250422107425277	-1.2908164445804182	1.3800984945628658
-0.5372819435799228	-0.8651238942194613	-0.5617320415349212	-1.1645451005961014	-0.7047669124775894	0.520348636994874	0.12608500042712192	-0.43027718608169363	0.14026267358981465	-1.2754315343540612	-0.16198814107938908	1.645376955881901	0.26475611717161296	-0.6599088060047678
0.383636156367537	-0.4931554010922058	0.012402280275947392	-1.4865581587964811	0.23189289984361974	-0.10399839041494978	0.9843480435771169	-0.5502802754504754	0.34209928213138924	-2.688291160762681	0.6874615999775855	0.14265695644562762	0.8172534225113605	-0.3264379203241926
-0.8911556833070216	-2.0454514296393898	-1.4682853319427907	-1.3077299198531325	-1.4635542726041597	-0.6117548595002915	1.712278507192201	-0.2697457927631212	0.7604624493939535	0.517555513243495	0.7196830358279067	2.1050693862486956	0.7126164669346454	-2.026127247368446
0.88661733052266	-0.43065495411634813	1.1584667508417543	0.10874902234525777	-0.07148471102491374	0.37194760471997096	0.7394379938531731	-0.7803063262560118	0.9578054636470161	-0.3879376212528377	-0.27678163771014375	0.036017143808481755	-1.2266363702532819	0.2828561156879153
1.7120613939934315	2.2447097647476033	1.173405754885591	0.6458649473795769	1.0427679372606844	1.5895389097763297	0.6270923526778066	2.0480329994624555	-0.34337335481610737	-1.0598347602140843	0.0009291229270858327	0.44628417496884515	-0.9379495865730566	1.2034798823847417
-1.675883040416715	-0.12735872929728687	-1.2548946290365683	-1.0873622187210543	-1.8479992703328247	-0.34410676908733717	-1.1175509009515219	1.407951991104214	-0.40023673141325483	-0.6273091069157681	-1.441803851200518	1.0207470211064047	0.6920590244065578	-1.1105417288411268
2.4478339918596577	1.7630312114265405	2.3291841258123274	2.5304900136721273	1.7628722897231264	1.0729301891650116	0.8565760171035027	0.12695248384338206	0.671596360294247	1.00671086589791	0.10786973554792309	-1.5118328305541957	-0.7028436900014641	1.827428459120804
0.10188208968310042	0.08349546685846163	0.1561372891066464	-0.6339515554707211	0.9730107126448422	-0.006177235391780056	-0.21894321941325134	-0.343787446051533	-0.20714874025853514	-2.0852346405220947	1.1843889739566846	-0.36993748887788364	0.9508802433705986	0.09959188581526167
0.2503875855618436	0.13252983858711967	0.9053656373280636	0.6638950969099625	-0.7291505337399693	0.9302282993545936	-0.01087352329400013	-0.21169461449776963	1.1236670059206322	0.3354033433680773	-1.6475500978213022	0.8464182222336479	0.17122327872929582	0.22530195153992227
-1.6197824686656603	-1.5744950782171423	0.08415632154749797	-0.9207728971585022	-1.1343779842479405	-0.5173301757813753	-1.5700660947281242	-1.6167107997177272	1.1046351602732676	-1.172582032240132	-0.8106684191946648	0.3706825694581857	1.115807696322657	-0.8276301376510375
0.5443053324624813	0.17820097128060558	-0.1127879153120005	0.8205137151540747	0.5994426567034027	0.49677740138699056	0.05576218728657964	-0.13783073532639437	-1.0291680737599866	0.5317945513693654	0.5446843415694522	-0.09656147330644604	-0.7120509817403499	0.4033096088245122
1.8328312176904005	1.3490803853525861	3.430458751028846	6.522703581717808	2.8827204378292715	0.2408419649353406	-0.5196710289730632	-1.8686326669224251	-0.4318220772232391	0.9353864700325687	1.6531503684273423	-2.378450126298101	3.019218144441593	1.8664163566177225
-1.993268597939376	-1.4833821642636231	-1.1775825914977287	-1.1394145991037983	-0.5950773082701668	-0.6983277147951286	-1.8826672633294388	-1.1158084473412408	-0.5710115148392594	-1.0529571940036906	0.40115297081751244	0.27372601993308787	0.8802723580850017	-0.989951567475879
-1.2249722063729518	-2.0836214823035313	0.3049290353274571	-0.424664591330575	-1.2045322872713506	-0.609626007000137	-1.033897558673731	-2.202212721881114	1.5735095209352643	0.20250276797899872	-0.7414516592899095	-0.19194715283947383	-0.4303686687038675	-0.6762201154340892
-0.6572995976848385	-0.9958262043743427	-1.0344574676481284	-1.513809651295379	-0.4553880123419938	-0.028242856916405268	0.9175699366696494	0.4166478829027717	0.3167328692466523	-0.7815145051708464	1.3173272865531127	1.6651417605274508	-0.09715050414399638	-1.2263848332872063
-2.0023269740098257	-1.275429755933	-1.728501883507897	-1.4392390950858676	-2.5668552743422195	-1.7523242538973518	-1.2696584563796531	0.4069954538015842	-0.8324188674612274	-0.28337267878224587	-1.7734312708258164	-0.8871940338193194	-0.8049453344542632	-1.3586379613230977
-0.48510769070756465	-1.2592378921763312	-0.9566340142727654	-0.9013039050041957	0.3672064305775311	-0.590020692905908	0.31549797828570864	-0.9970604714900732	-0.41196234982271274	-0.7664669751221695	1.717535485921156	-0.049755367180037924	0.41210788137866633	-0.7434231855580204
2.0575079193980663	2.4108030069197137	2.6833207591552224	2.166307618086095	2.6054398063907067	2.307920168534883	0.5062729488038701	1.0818649725921616	1.607214176592263	0.32337085752713723	1.4078884379789385	0.6957791090725876	0.30884260627106946	1.699915502110203
-2.1602773106083504	-0.9504134336618729	-0.7255410405937117	-1.6212751997315067	-1.8970651736530222	-1.734620832707005	-2.4205457653029394	0.3621883467315921	-0.4040717794174758	-1.3089463001306478	-1.3583704324049173	-1.468219101984201	-1.4165443756375717	-0.8844175665733138
1.1832324957969143	1.4831809215824046	1.145467314498585	2.006121639114579	1.9273860620065402	0.2734930633713275	-0.28898029545959614	0.12340722620327059	-0.4119669244485773	0.4705301908176099	0.9038288715277554	-1.794384944024643	0.9093341135752636	1.2272697631453893
0.03552271559451725	1.6146556622013815	1.1501317545701752	0.3178591244361049	-0.7675917917913012	1.6016005312554398	-1.2187245780885574	1.8812460521398142	0.6178216809128516	-0.6984772611957769	-2.117798714080141	1.3596002460147376	-0.81059283361571	0.6480265976406351
0.9134122470716846	0.9628916428457245	1.679746858306182	1.485458459215558	0.9632210647700986	1.011961822779992	-1.0671022487148185	-1.0458815725758506	0.21389729788619025	-0.6248775694180858	-1.0239138952557834	-0.9667135544801554	0.7343916933599967	1.4435422477192354
-1.091041642599554	0.4359582749898961	-1.0578771036420445	-0.004867266034055184	-0.6933632595970634	-0.5195057948295598	-1.791537018178451	0.7515479465680928	-1.705271179428315	-0.31862829588604996	-1.1305785714846237	-1.1351548274117094	0.11105207954082157	-0.03718090885912383
-1.6625394168174703	-3.0163987036694673	-1.2828907057273726	-1.6240984012727206	-0.7440228899289497	-0.9465761430625945	-0.5502523433159607	-2.389443470312902	0.09237001882460592	-0.4700512992766277	1.378193734914296	0.5704251059846503	-0.7133010847674822	-1.4400724045282296
0.831167894992948	1.3442849847954144	1.2230254135911873	1.3366840553315755	1.19547922407663	0.718092265246513	-0.47870667833256786	0.3504975407308044	0.2308476528660603	-0.034658645652907286	0.10744995627138641	-0.8440211182454536	0.4485042955859701	1.0442856012397377
0.23681895334951486	-0.030209500510287847	0.7341297082688346	0.5873509909364668	-0.5018893848803956	-0.13032866866858875	0.5270680192728113	0.09820688397860076	1.363764616658444	0.7940424011907616	-0.6879270662608059	-0.4100343634041641	-0.024426206301785287	-0.08424838963709125
2.2370397061038827	0.39816154436281237	2.2351468897402245	2.3033276545474974	1.2287060889513013	1.661728965690474	0.7539708755183865	-1.8104397983253522	0.7057909737278705	0.934526723481275	-0.461826879703434	-0.20970232580894324	-0.87340249407353	1.6591059221727296
1.4341622167831267	1.1549235759878012	0.6063357454961102	0.6613042516040059	1.7790359273594407	1.1404175164593824	0.21991366043599095	-0.2779547377509939	-1.108959007639913	-1.4854368570243455	0.7694467955424039	-0.423749271496607	0.5085823777767268	1.2199799430830522
0.5708734878530455	0.933574759422821	1.0122505662426373	0.694315400330098	-0.008916759459641543	0.469972007951665	0.366052458660549	0.923596982842844	1.1325454433951303	0.10937501474544854	-0.6336942632607588	0.09083302494939192	0.6285832510174745	0.25369991951361964
1.0959186777448386	-0.08266468866018872	0.9622202103643754	0.11549244311460082	0.10019910979785676	1.177424837309662	1.538817417356483	0.21941195952233947	1.1222088832045896	0.05779278423948288	0.4424891845952984	1.7996949092504344	-1.1631397187476675	0.01831607937594112
1.615007625573334	0.22605586320399684	2.1426830120606883	1.72830650152922	0.8406718884974229	0.8177494641019469	0.9689784169555901	-1.500150871877631	1.5684225977602901	0.22082964800619742	-0.36556354178223793	-0.17499862739790512	1.2920955342442577	0.8677272794817238
-0.34347438028899024	-0.39168915677723437	0.4406004690971563	-0.6861441394673193	0.278969966090432	-0.03604808854881332	-0.7537507011039983	-0.1236396690358709	0.26809892763530835	-1.1383214311245187	0.8822337010659999	-0.05339139924388685	-1.2989531231686988	-0.0577147307219721
-2.189400374736327	-2.4609665774286658	-2.907577763589786	-1.5639374615565298	-2.7075585554496984	-1.5353168129615422	0.060189930184494984	-0.4454668891006155	-1.1166801501395842	0.6199417656568836	-0.8397612198760298	1.0619833714405584	0.6748823956586404	-2.3286629231000244
0.07006443868781909	0.13475995930138557	1.5404694564370343	0.8458521449423809	-0.2813557017543321	0.7187456158301653	-0.8322318627714833	-0.7410544317399114	1.6776472953006545	0.08771647069597155	-1.432209244797226	0.03588357378696506	0.3501924415907361	0.5093541300271852
1.2999852735407478	0.4200324765853626	1.030537981803156	1.2214828327818918	2.2475211223703857	-0.1764124583036799	0.4261318978334837	-1.0423432874191403	0.00785578968325213	-0.042027161314533504	2.003545461258509	-2.330989696129335	0.11021763151498243	1.0233949227338501
0.9544994079583827	1.1918596166694773	1.3858974403164916	2.1902015995320907	0.9271305216885639	1.547191939062623	-0.04889913178103607	0.2606891434266965	0.6141473697442297	1.4048376072354567	-0.14166424217945667	0.9455684421436523	0.8997679818125415	0.8554925342509511
0.6566969682637369	-0.814771857426398	0.9297999647054256	0.5007476565389936	0.5662430324012595	0.6488537353498813	0.33899955893849704	-1.3001405211359012	0.33485458847426824	0.3136291165245259	0.8287678681858951	0.6156453890939336	-1.5168970677326619	0.2686918688016751
1.6474355190398924	1.188498999584212	1.0749100236399236	1.3176163536259986	1.3627986932639784	0.20594205258902032	1.3744004907880716	1.1521575993650963	0.33885451707511066	0.9204010910014124	1.396189097473521	-0.9964104891645102	-0.9566963881154213	0.6885437175882385
-0.8567874245556102	-1.770312932607993	0.9904349053602735	-0.46351509261626267	-0.9176260356661079	-0.31966986980638323	-0.6358985641936703	-2.158508839265255	2.449366646128617	-0.31391491680711975	-0.7373635463384863	-0.06726861679305078	0.020299329102286347	-0.4792674948692974
0.6810337856001705	-0.35674594751388233	0.21282199017225373	2.4797265421326986	-0.8160607124265242	-1.0559433568621166	1.7108056468588972	-0.40224156390239757	-0.5266863813814896	1.5716064644032726	-0.6141301993033291	-0.5425413540111006	2.363108730286012	-0.5880227552296462
0.3165477896025203	0.09297915201824036	1.0963403046812448	1.028462642976023	-0.48880686675931756	-0.5060197817592978	0.04025271572081852	-0.620227266747635	0.441253435794403	-0.7400534927482546	-1.2526953060716721	-0.8496435457358413	1.943039727689057	0.07650756652900993
-1.6609299418664418	-0.7725011914954607	-1.1507449894635458	-1.2846276758556134	-1.1528631372737252	-1.8501836296207343	0.021511932395380122	1.9038386444176636	0.8896464661491663	0.6541310728584605	1.2525506072252184	-0.3786233606929811	-0.6837894850711698	-1.7780464811318248
0.20848099882234125	0.15540996505645194	0.5571215822024649	-0.16260837184489868	-1.183509865426394	0.1988909046314817	0.62570518649754	0.848089248850328	1.2566802450111172	-0.05294409890522283	-1.3909868082550392	0.4585802766383103	-0.5162603491466627	-0.2501915144244123
1.430736795335469	1.0229013256889454	0.9206205555107858	0.8697565966165572	0.08114319068596137	1.1524321330819518	0.8470356367515547	1.0870818000535385	-0.6850403761480474	0.1910439929244854	-0.7371954862342177	0.7790573587414115	-1.748324415584628	0.7203171287737479
1.6829978926383828	0.7908375121633788	0.8104241210143035	1.4658157225292685	0.19468187470634968	1.0373106411872404	0.7188992569752766	-0.7736496992276247	-0.6886913790962952	0.011214214134422152	-1.7668316158165556	-0.6248986199474381	0.19494576898420984	1.2160381779031117
0.15525087489478773	-1.029046613561165	0.08486376416413044	-1.1322610218010267	-0.32440878489589514	-1.1039996491148414	0.9937024555343575	-0.25209719572854916	0.5644227427717532	-0.95702577392695	0.8012160607397681	-0.8998983028716637	-1.3357538160454874	-0.6106375329149378
1.220103924720787	0.5852077961457403	1.4945995858205938	1.1362640175183296	1.3706598088012607	1.0457264378534117	0.4287709655268877	-0.6298227075817953	0.9022228914987283	-0.04518524339623418	0.6792717314222915	-0.17788730291332383	0.05186815429753553	0.9527277898353103
0.857295062528916	0.40231169991736415	0.23384930025326844	0.04091025463994785	-0.32390541687885394	-0.12006413075918093	1.0469497236269858	0.6377781361300876	0.04712579628734697	-0.3454242317739285	-0.5835791628044111	-0.7059184838768107	-0.5861146445968508	0.13686774715868172
-0.10421268849276266	-1.148486181291187	-1.7620790163615276	-0.8314072245436875	-1.907875268560593	-0.8361052002229257	1.130253794835516	-0.5472139267539149	-1.6052103404179126	-0.35359110531587074	-1.8129125834221345	-0.39058184048045397	-0.09667836029161447	-0.8008221531805152
1.8730941390196683	1.9682531963789662	2.1367690507352526	2.6859164397083357	1.6580560618822129	-0.4527973908803713	0.8080433366655944	0.6065084196564835	-0.06543456923340386	-0.6472081503895172	0.5872697721762099	-2.4614574627451424	2.263067848510401	1.151734574882996
0.20460661629787893	-0.49122795792663565	1.4906308218779731	0.5242280073736538	0.9540577056861699	0.12466744786172398	0.30474901293472173	-0.857110228158422	2.4805496528203843	0.49958960561840154	1.5517892490835041	-0.12249005373074467	0.11748953467045468	-0.0004597279656733867
0.5340593501327224	1.5865653300023068	0.3311854469040072	0.4273778186903003	0.44095633142942403	0.4940776867700872	-0.488682828126533	1.4913476428287487	-0.7674957653932326	-0.7937799630123689	-0.4207021313541289	-0.7626803475617742	-0.3658122251241581	0.7649191893298892
2.582350686671715	3.7199292566590176	2.4953901494743223	3.2137415968999887	2.2172797953686065	2.4354321659028355	-0.0455395279702211	1.6507810510762135	-0.6571872837397368	-0.21658791941168243	-0.6781945425419417	0.003215738664414218	1.525285066956684	2.424403612621953
0.9139167676234614	0.6032239944034019	0.915573926151518	0.25498584176668665	0.09455961755664599	0.9320617266806906	0.14039107812730398	0.46843000607453716	-0.3795918046241884	-0.7091619835547021	-0.5750743522905235	0.4928938786621541	-1.5870589572019178	0.6395777821990631
2.8805956595560405	1.3466397692067784	3.601746540960792	1.7004506230909588	1.6139150951340024	2.803114577488716	1.032772343076543	-0.9845614911322449	2.1564826533588324	-0.8404501273179035	-0.5846260400495112	0.9323376070682379	-0.9499660083246217	2.12736986555105
-2.237960020645087	-2.903149260669696	-2.500177801850055	-2.563066620778883	-2.334813698719325	-2.183977083724113	-0.17241287528878976	-0.7085989404051943	-0.7199160520825914	-0.601180035805695	0.18326749099511844	-0.024244483948148363	-1.0161822545889385	-2.274753445508792
0.028847403195754177	0.5550653933688529	-0.7627053142029248	0.5625465025914057	0.10551002503252065	-0.21682470428480827	-0.004816337023453473	0.8452839048363905	-1.2682682873486093	0.48353886222992876	0.1012907231565658	-0.5877346158735637	0.45753779685282997	-0.04361250890354745
-0.31479343929935105	-1.1965551543580397	-0.039386855638355756	-0.8586705820193945	-0.7160507581077854	0.3207219956912454	0.4342828456016874	-1.0394346637048606	0.9352065341644338	-0.814452218284274	-0.23834269801235253	1.2157325059165152	0.1654586722233909	-0.6059860905798015
0.034097579826111835	-0.6780422841541702	-0.9617432855110561	-0.5464740113357955	-0.7530365030611059	-0.5541795595995691	0.6488574613186534	-0.6058893081663405	-1.0215900951165988	-0.8539050238605644	-0.7052721931262902	-0.3762226355501487	0.7803521964714136	-0.47057913854864875
1.221012860715072	1.2245035893916674	0.6556863902654791	1.320905012385951	1.751509609365306	0.3270861649822009	0.00890903701412996	-0.058986855374213415	-0.9578050198542004	-0.38179691662025994	0.8489693539794899	-1.5087847039819182	0.8199507740403512	1.0959055478081252
-0.15685583306884254	0.8537343968825502	0.9037784312456792	1.5352482410678459	0.8767463373433078	1.6601723802525612	-1.3195006666330211	0.3262678791039458	0.49177075212104276	1.065002368853391	0.3742727590660318	1.5750504483203422	0.5609225144290241	0.5457891665343778
-0.6768213646659642	0.8967312146644979	0.6267595380557256	1.6977671573363415	-0.3716006432381617	0.7196075366308017	-1.607404377619877	0.7756771999375002	-0.08598282530658012	0.8246136096392608	-1.0950202346064466	1.1024633643873556	1.718655690787344	0.087593756544529
-1.1946842728805294	-1.7670777568986353	-0.7647849041238467	-1.1524965446145443	-1.7923944847910478	-0.6144954327904049	-0.6063027200988036	-1.6511459933407835	0.04099306507036579	-1.1617678444252204	-1.6505242595131264	0.38064924757459534	0.9301709993020161	-0.9624243607545685
-0.7480702869323629	-2.2467520663605782	-1.6582386724644929	-0.9102605406891197	-1.9513126928238116	-1.274012580684985	1.3443939563752045	-0.9004240052849051	-0.11417686575607247	0.9688252635811522	-0.4119093572196481	0.277806816687154	-0.4131404880378098	-1.6238695655820734
1.6602780797682928	0.8728879624560134	1.612020810950078	0.5419181572925611	0.6564406261010312	1.4281817826352632	0.7933818587944297	-0.4365211368333212	0.7475060928592557	-1.3240630969755685	-0.7973813781894458	0.11588121269825963	-0.12736158106198348	1.1602729607684028
-0.6978210686956903	-0.7392162542437432	-0.7184242705252193	0.07495080575567709	-1.4376156207931206	-0.25215869214746717	-0.31614633846333534	-0.3852202888983886	-0.3432860765596817	0.6383076614751456	-1.5492186135983235	0.10073946369752594	0.02234187793307831	-0.5125524564913256
-1.6122103830357508	-0.03722876547432241	-1.0480686808981132	-0.5848012813180344	-0.7928332231047638	-0.46805718169963983	-0.9345030002294469	1.5966188139823942	-0.07189475974390197	0.13944225735631452	0.382626639983099	1.0005644730293968	0.9487105348216531	-1.1849421608280895
-0.5696239869467863	-1.8723344887778475	-1.7745768603114884	-0.27294081152319727	-2.3590207180526934	-0.40051272986941533	0.8412053263400089	-1.4648630989115694	-1.376078265682771	0.5037914210691263	-2.189352903542725	1.2592425967706316	1.1873380846755102	-1.2308842463660077
-0.14026330121863845	-0.41566762932792656	-0.5448748532220853	0.02733358460673241	-0.7287767729507133	-0.46778578423021344	0.31966487095900525	0.134946387687205	-0.298387502931251	0.5106458306311488	-0.39193930287280493	-0.4022113683247041	-0.4507710304718874	-0.4064812558458721
-0.16700886128374748	0.19462268990749798	-0.43208885234855043	-0.34598350941224226	0.09462252426812967	-1.0719879629031261	1.1853796160293084	1.787956277217077	0.7529914472030712	0.553465777982416	1.6212907658309492	-0.6464042393070906	0.029535571204607522	-0.8840581906636696
0.39663563899360627	0.14422533380358957	-0.7007897567208664	1.5698480136374695	0.5123868072884881	0.09182702445847939	0.5134652881909594	0.05870293419491542	-1.2664948898232107	2.046768571899883	0.6801342507205819	-0.1431890568961704	0.5227600402481727	0.004451565237005761
0.45978167592415475	1.5776524279072823	2.112989515301509	1.2523044605918472	1.588050778567301	2.1343402748419287	-1.3837812423393645	0.47743831205012405	1.4024442880889936	-0.40025588734487627	0.4948439197080563	1.1108046697223573	0.11055487054718008	1.269078466567772
-0.8192685989009391	-0.014677956170420448	0.885634419271595	1.0468397737934774	0.14959916451245392	-0.45361824353298297	-1.6927466032888157	-0.5544342452659742	0.6686802676056638	0.17286872997332198	-0.10038494515360571	-0.7827337666289872	1.540297235695243	0.00992314385011546
0.5648610143306159	0.20023418406376342	0.44045897803623474	1.4101911098512863	-0.5622478184741178	1.09932063885099	0.17244408379485635	-0.058172441648766275	-0.006055622298484122	1.5696584306178338	-1.3431046353948293	0.9598914916514977	-0.6378811501257546	0.3627138790781741
-0.29690883365065335	1.7082941399157994	-0.7217062256077191	1.4456796605807822	1.0682410409154213	1.1729303651593797	-1.4160338338343756	1.8860326311007858	-2.082384363432757	1.0482900204016918	0.8295298275589312	0.9043847671037836	0.5724510592264564	0.4621843494100366
1.1307903883244206	-0.3733813784897269	-0.4483180979254374	0.17112388868350384	0.10117304954579044	-0.1855084961250254	1.8647695843045007	-0.6116246341938179	-0.7526886750574705	-0.03780191521862346	0.1792938778524789	-0.6469314754627891	-0.0463593372611154	0.0028652694787868636
1.6449163397034678	1.7526829280566723	1.0254875502446146	2.449169208660961	2.099430882491067	1.391124561564018	0.6220270856543307	0.7042567945583587	-0.49814839735007643	1.3088890742479053	1.3305936869208859	0.2367787734182512	0.9703601669625264	1.136056817929152
-0.4182876164110749	0.0762975220296071	0.22589672462155203	-0.5438454219124012	0.4703012284383824	-0.6190276575839682	-0.09571874719109215	0.7059876673131954	1.036232283916039	-0.6940033979499434	1.3665910269529988	-0.6196951827305174	0.4147816736189094	-0.430251413082092
-0.26473907274643715	-0.4190861809940415	-0.6089189661181025	-0.21676492335792757	-0.22535022251061776	-0.5226822659377587	0.28606491253768374	0.02819110963847837	-0.2686136864465178	0.031391218731072354	0.3510980507262358	-0.45625512968103826	0.06267807894563103	-0.44853646256625473
-2.201959308794682	-1.2289757820750873	-1.740088085250188	-0.7255524415721946	-0.9610462619257946	-1.9001100849020074	-1.1576713548602595	0.3734045730040188	-0.4562798809729878	0.6784450749055474	0.8625275655512175	-0.6354155205969255	0.9283594822757122	-1.638690422332641
0.9574108338622727	2.330354306867606	0.7849205107157554	2.3898503256600643	0.6263366039719723	1.3576821719599879	-0.5966218253712144	1.6900273443932052	-0.8554620661636867	1.4540995199705702	-1.14994515953831	-0.22910599428943426	0.10087689754735633	1.2961625207222114
1.8855323635667598	0.10012018503876696	0.6300412554180869	1.632187096663485	1.934154359415714	1.5166032783715098	0.8444798711794216	-2.157170012537933	-1.1915281747843545	0.02383806167457715	0.9045066842694437	0.05264130747090877	0.44823284211139675	1.3047756241392474
-0.3703799372625626	-0.35067411171652313	0.7906012242048911	0.771543964486906	-0.3710067341197972	-0.07850230271131306	-0.5270638009066541	0.09396893511498053	1.2808641113712214	1.4981624676851655	-0.00041028535066481417	0.03182913484391908	-1.047802038646528	-0.19749506505620584
-0.37910761377712665	0.5701480554587608	-0.43160320422372445	-0.2846012555718799	-0.16700832029043391	-0.5578420990243642	-0.44039606952088795	1.1062772602211541	-0.4803691465527804	-0.7089781188242312	-0.11395859082371554	-0.8824343274756513	0.5343936318142944	-0.20049702703679054
-0.8084206853330059	-0.28472359606908365	0.18712916687136075	-0.5689115368850481	-0.8965124881921887	0.029454311514513665	-1.0924479152722129	-0.24365121713436608	0.6244341103466988	-1.0862465899355906	-1.2589461759927103	0.1199616751478773	0.42923396111815115	-0.22437965801209425
0.5583208420620116	0.7888054534146355	0.3054011792204921	1.0643910899407505	0.891722681195863	0.7786633682960533	-0.342532670449954	0.4625676115125412	-0.7561909020690591	0.5195663615810953	0.613862244071996	-0.04497749870330309	-0.7203500193690677	0.6553348903809243
0.38965401639043473	1.018665667616795	-0.9994278460509999	-1.0678755009048781	-0.7342291866464314	-0.019096277124197314	0.22875670636881468	1.5822547085904726	-2.0352378643469025	-2.2649463288585867	-1.34634205429537	-0.6075764022212581	-0.5059871522405994	0.17051027291063123
0.4100823107377477	-0.36135468974854024	0.49069199381673373	-0.3854688233142722	0.5336694662149538	0.29457901693811417	1.1342487751436598	-0.2545181389129656	1.1640459416645328	-0.8700675451670625	1.2907273861603878	0.994714042894081	1.0045207390126547	-0.4095479542032919
1.0546207418846743	1.7311580789429633	0.9876930279718449	1.4196113741949112	2.0494494631144655	1.983406901310785	-1.2895671836624656	-0.19878081332848174	-1.355261103493567	-1.111468927484763	0.3406136383280318	0.1187622930320907	0.5459958219805111	1.7412274025439503
1.4781705072461186	1.3216653840006416	1.0565743819358229	2.830557988423517	2.4592066989115446	0.8715262927003213	0.13363846086013803	-0.19148231865004317	-0.5717632122300305	1.8655344186075151	1.7277213617399592	-0.9324056661870783	0.7557101296700394	1.2854127492566596
-1.0655792413467375	0.04492052355218268	-1.1714900274778426	-0.23040864619341023	0.36432938550126226	-0.2117258559725932	-0.5090542375127235	1.2853042102568737	-0.6720634638978178	0.38846223403849883	1.836256266987596	0.8360150376797534	0.7001256288283622	-0.8662871283676139
0.9999136049518675	1.4506482442232067	1.6704557766741384	2.261642824844132	1.1035080166987121	1.4799947714681398	-0.511684928124209	0.2388155843749884	0.6261022061738808	1.25636639893029	-0.33973448587886335	-0.02239777018596787	0.06735950622025579	1.2938869923541625
0.8205322176626471	1.399061901734742	0.8259040190205913	0.673928894739131	1.4481948929852755	1.3011802298653525	-0.1330678517992498	0.80131624650701	-0.07069131153684505	-0.7869070153569648	0.88945796164047	0.5048217931981827	0.48472712990919276	0.8213267278486976
-0.13544330896768014	0.3625626974955919	0.23740191899639984	-0.048290859667843966	-0.4136835918234094	-0.9474033967324593	-0.328669014417223	1.1453406172680924	0.10010844140060585	-0.030873222579633906	-0.22972786035710582	-1.557751781374646	-1.1612924592336231	-0.09238318101853892
0.6316382335849529	1.1881213462546178	1.893773715628074	0.7897230474279464	1.8661004844687314	1.3601096850406975	-1.3643305740469207	-0.5004944599102819	0.7378890285032742	-1.6206129895622772	0.652367113732577	-0.2070595895416212	0.7512197874901827	1.3381740647027505
1.6289199349157801	1.9315861918273323	0.9825426993384196	1.0709763631738887	1.36445375184619	0.9427847552566982	0.11981792304557949	0.6218266477678422	-0.9232566090756801	-1.148607780050564	-0.3232835928478081	-1.3149449590090714	0.1257910903171821	1.5333319851031906
-0.0554148103565561	-0.41611725732904153	1.0415656743641204	0.7538829906781879	0.4217735167965505	-0.0897599814194226	-0.3075888369211913	-0.5703055030587297	1.5633506458261999	1.0016905422258122	0.8162392342064521	-0.4964732870772449	-0.5665112337950415	0.03936829126520461
0.939816178050378	0.655542076123731	0.7892042738280267	0.872024745565638	0.8000644308442469	1.4052533898848525	-0.3262534481392764	-0.4929284184846877	-0.5265486812031975	-0.5022279766140625	-0.25931259907072063	0.29575404747425393	-0.5095403789235018	1.053207202999244
-1.3075022496798925	-0.06571829862716594	-0.4531400793955368	0.6953821833409661	-1.8754155270965172	-1.5131853633271197	-0.18900645543948422	1.5371923679071111	0.022224457441387634	0.5559623085444528	-1.0201524985310706	0.048512732436560735	2.1905013539052005	-1.4261339901524728
2.174037647041861	1.5229702712786173	0.884714814429679	1.4378352861583839	1.5458842222490006	1.3143396189805372	2.1741767537702326	1.3723358993839336	0.08036910746589829	0.8658475204165335	1.4049375949982226	0.5713546642951258	-0.4667590659049513	0.7929205448292475
0.2567152254580921	-0.05984372770918412	0.5057694567493817	-0.13223748847648048	0.6908610985868929	-0.2526632718943497	-0.18534224479391206	0.06330206607565483	-0.16221140688627475	-0.6157403927581392	1.1656342847730454	-0.7815316891955237	-1.4376806602685124	0.18971116469912547
1.4400836664065628	0.1400990247677416	1.711520709035503	0.6450889441025626	0.46661082042496244	0.806289683024431	0.9597927780510687	-0.768592410513334	1.410207170597682	-0.3349757118004789	-0.24748770269908357	-0.15251765530657724	-0.7532795689732433	0.7519103848703907
0.37340133490387983	-0.05614482536871773	0.5623668042682819	0.5576292507734532	-0.7339289171093197	-0.23752207657186436	0.18354003527992274	-0.5707895501104819	0.5422027566200279	0.055315597444620106	-1.6908330753567957	-0.9689166162265652	0.5598433621504396	0.1743602322674835
0.27574082404011013	0.3024993349385767	-0.23054461910838142	-0.28428437139807916	-0.5271263299729533	-0.07869180590346012	0.6931315407813484	1.0434985730378055	-0.09966673748545585	-0.3042558138099294	-0.3463633252648555	-0.05224103691904289	-0.5071127848135943	-0.2221772519213877
1.6106209558154043	1.0042428248253448	-0.20766694823787946	1.2471899288432624	1.3134158686765842	0.33564145381801225	0.9634120623671673	0.2887182356899667	-2.0236779087297077	0.3162879397985809	0.7943047910228914	-1.294999409046171	-0.5619037470236661	0.9433926328160979
-0.3948837011953852	-0.7601642529357227	-1.39226565117872	0.18155325870879457	-0.8802761325065597	-1.1315490443508351	0.3970493638936357	-0.0037244113394274596	-1.206349529610601	1.21568393308431	-0.20598941171439203	-1.0491883723599575	-0.335085842053698	-0.6909124377213266
-1.4696330811795528	-0.8100006697991883	-1.3177503831924664	-2.2232025285235437	-1.5365248219108085	-1.4667623491308055	0.01767260660508812	1.0668546748681198	0.29608178576835453	-1.7114086063752427	-0.12884015137332439	-0.07455467736689578	0.6535255689873987	-1.5808185885175399
-1.3121415098748563	-2.0148537275402663	-2.9090753629345802	-1.060167495973301	-1.351379352352747	-2.1994962638716378	0.4505824772955911	-0.2315212972915773	-2.2472639918697084	0.9335615542946984	0.8412106926093352	-1.0426974738786052	-0.8513400411305899	-1.7056729409392022
-1.4684020740193924	-0.8902773756911274	-0.850446172681469	-0.9327206375545736	-1.2820535633726238	-1.075403809757799	0.18399682696026698	1.0706937235577125	1.181730806084508	0.5075457402067719	0.4495915216732845	0.8200421132836837	0.8406534418847171	-1.7008242982026982
0.11810396296558856	-0.31775852478169275	-0.7526116965209733	0.2635754687215863	0.24062129729999804	0.07141353589755811	-0.2967708519567272	-1.1468492901008458	-1.9182393585653552	-0.829298472738921	-0.14208143164343195	-0.2673204061926482	1.1244232112094537	0.14546640703692393
-0.7021740558870012	-0.4709031924628028	0.29911741533183867	1.4620743588434064	-1.9392818538215777	-0.8094202308055077	0.4569520715299476	0.45814882860992123	0.6633320439679693	0.9146417588038597	-1.4334644395033338	0.921016793652655	2.366695849060329	-1.2191316594408215
1.0911283014901383	-0.29188120193224365	2.1388280457900093	-0.19358280835181252	2.865250598368589	1.014807559965906	0.025826753048292555	-1.8657525299070143	1.7838706802511575	-2.1018102830366505	3.3770575604846926	-0.17693731551306602	-0.7060997504919523	0.9687902661103555
-1.1528192965868942	-0.6801396034519517	-0.3152361914890135	-0.9887824246619933	0.3178069431121575	-0.4908764655135828	-0.8914241889255488	-0.3520831692600158	-0.19057608673778983	-2.218825728492721	1.5708194843308065	0.6133422324572803	1.7609503607390788	-0.821079774043758
1.7404154249475985	2.316006122941931	2.5733628607605374	1.9017131378189451	2.423386784055866	2.737439107800584	-0.9863212731801618	-0.039568555657177276	0.4593937437290495	-1.080039924988457	0.14089632447697226	0.44448576317221467	0.3002581893184342	2.2796956184725508
-2.4091898521661466	-2.684569450911659	-1.2242684048863848	-1.5771203110546694	-2.549170443310576	-1.9869637974329786	-0.9384913102602058	-1.0446863510753972	1.0744027642141882	0.4192013258457383	-0.8303935251907102	-0.35607188585539934	-0.5928119162315227	-1.9391952570201159
1.929674426210505	2.6230594703186227	1.486583296595797	1.0851148808473638	1.0117208700730282	2.359956544449535	0.4601843240638659	2.1611910342336005	-0.36216820868186017	-0.8501103806679335	-0.571606651356697	1.2113874940531628	-0.9620864749159851	1.5187621447616597
0.749810224528314	0.8315291363033214	0.6400314721223966	0.38919355697520797	-0.05672618833746801	0.13912812947590567	0.713625847397481	0.6536954388649993	0.07932170564690953	-1.0865085756932404	-0.6568065644092513	-0.01870036763364728	1.5077861274842226	0.13775464748747726
-1.1779286819817163	-3.1395864267904567	-2.215311391576809	-1.4600588840685056	-2.429460213186055	-1.5187927156036845	0.7032572980700337	-1.969328505195581	-1.162227080581564	0.3599157515103507	-0.849234951772454	0.21548167004678556	-1.065270232971351	-1.744935277078838
0.015473098710439392	-1.721841861459386	-0.6283418076292386	0.19371476254804862	-1.1000040916368952	-0.26665434455074555	0.5870874495899818	-2.3145116366195184	-0.43803327223344357	0.53737372913967	-1.277649904363748	-0.14792413176360394	0.2032422267361607	-0.37378332483490706
-0.7163390617988655	-1.2953548034859774	0.03909147800597955	0.17644843736026805	-1.3688023633928341	-0.09121453510346123	-0.12613897864172546	-1.405771152297767	0.08698731810796369	-0.889003153982882	-1.134126641731686	1.446516971356531	2.063315705877285	-0.8645552532827743
-2.413224747657008	-1.7772402515012573	-0.9994759542665067	-0.1309031662187386	-0.19476421745590344	-1.831142792063445	-2.652282700257877	-1.6129369933033684	-0.2370595145750006	0.7679556017192344	1.0279003952540362	-1.8791325906040741	0.3942216941492737	-0.8883223943490911
1.212990312236675	1.0578989823480398	0.7293431795299439	1.5239062102925918	0.7876659371889299	0.6224664557012858	0.29828455296085665	0.35084887811997933	-0.45793476535183186	0.7564727651641324	-0.10709936330354265	-0.8369145112650546	-0.5166473903595845	0.9507191335479692
2.8621548126432232	2.150598184615796	2.5130972795270545	1.8100454577404594	2.7934245103968913	2.6131214150082145	1.0409126268925089	-0.15914229395698298	0.5175628088281786	-1.0791130210964377	0.9140469947140877	0.4020087630393284	0.32005510232071643	2.1820725405258425
-0.9995892733145162	-0.2794371324899423	-1.2628960252354993	-1.4494785804066461	-0.7455461070065779	-0.014368087047770928	0.021020697734648236	1.0786196146814504	-0.6547481346371513	-1.601808887316515	0.3975945250183132	1.8189483265262363	1.229937520770113	-1.172596405452835
3.246095236303333	1.8829987273724935	3.333979668214888	2.010397308206652	2.3265276154945522	2.6725280774828666	1.2391658986495095	-1.0334590404144253	1.4067643118475597	-1.1553162892078588	-0.2942245368360788	-0.026484182557431	0.07077436303731989	2.4889192790136847
-0.06472455735898233	-0.4352996790436696	1.1430046194695427	2.667041548024327	0.13410282361686715	0.8252660646072932	-0.34968470058236173	-1.209971219083845	0.9966085896803069	2.6514569533503836	-0.012023899465544543	1.522870351549298	1.7336053121941422	-0.05603801003219107
-0.13584498399879663	-1.0812460849603758	-1.492416884129098	-1.092195932058015	-0.7592190252100339	-1.415019988334123	1.2124446066198693	0.18617071916450442	-1.1361783167890447	-0.2817940066801048	0.674496609400581	-0.8818914485574928	-0.9700996945843631	-0.998928577542206
1.1090567333182881	-0.4788269347460654	0.7418476109449356	0.39848965959026683	0.9456277353185845	0.5596091096769302	0.5261924932104786	-1.8085760313232568	-0.03611153467294572	-0.7175958148757596	0.5579036575147946	-0.5400911890652156	-0.51783065315605	0.7098848146790987
-0.13849457999827477	0.7176909263445401	-0.5309485819723936	0.2181620364600001	-0.5321269556750592	0.3807411056509964	-0.21283080636428478	1.0769003548777214	-1.0843292829569915	-0.46262487413425984	-0.9167345434968316	0.7947573886802667	1.2003508919959123	-0.16851946498127515
-0.8087134955127591	-1.1992521282637565	-1.0015702251483427	-0.9106626121739817	-0.4620704851462716	-1.2613311910064624	0.5138348776731743	-0.058395513850982586	0.22568973042395418	0.08689332216091407	1.1701412006431622	-0.5332110368860924	-0.12141273140502865	-1.1399322736721613
0.012646610360868726	-0.3125033012320085	0.44655766869341085	0.4249464448665673	-0.9613768073265734	1.3157940986116243	0.12155456535094955	-0.5054023578612834	0.7913917210351853	0.2069089028012735	-1.5487688035114207	2.2974243886908376	0.8936020997628074	-0.18798230646779995
-0.21166202430326303	-0.8765627719123744	1.2992542529114308	0.0918828615685906	0.32738335914913413	0.11288075689087818	-0.014126510035114071	-1.276835905257215	2.2227874941120165	-0.44708593437463506	0.8403953035575138	0.7123871490857261	1.2938607724351499	-0.36923338324507554
-0.4930739763802962	-0.6026279636067777	-0.7113960572673618	-0.35001607707806043	-0.5778451105276603	-0.3465856763592116	0.5572802323310215	0.5131538132584837	0.24331820485978614	0.5934586700832348	0.553883583659661	0.5417544119561405	-0.21809912748392365	-0.8669004260650832
0.004642900624226787	-0.25444823179801634	0.2702314796600568	2.1128875538061895	1.7410508965527889	1.425919482535094	-1.7478299159925388	-2.2457324517846895	-1.3119157850867793	1.2372540286369873	1.1045551601408272	0.571244460168696	0.7682322821672192	0.9393447828393535
0.45902718792979325	-0.08978821614126978	0.20103147098284568	0.5320796259407659	0.21403374852562893	0.5432962489749266	0.584315938560697	-0.39505856794866767	0.1506970952233714	0.18252403546330562	0.1348685263530107	0.6709693553217638	0.7585177868241569	-0.004456632736900583
1.0611147763494195	1.0326238181588816	0.8921594775890691	1.0372115372878907	0.23571453887373583	0.4678730839174473	0.6211018900447861	0.9611024086958347	0.3638968280716219	0.5769023819182196	-0.3825177287513348	-0.46312770024189787	-0.6572791534558876	0.5874182036325584
-2.2081513352432003	-2.116554871479915	-1.5179337256551946	-1.1898444852985244	-2.376867165923703	-1.543492251042552	-0.47398902255697445	-0.03363657313424171	0.7307494424565061	1.1452961587518438	-0.47336477061753945	0.4667664125907625	-0.4746525957239133	-2.001442408454588
1.3226973972829104	0.9332536615542844	0.23228686312913374	0.631569569819612	0.0866411871593406	-0.03752594049171237	1.9632980059999137	1.2931423264449349	0.2047987585748974	0.4265541635686673	-0.11437693716562576	-0.49896383372095954	0.399021232507227	0.077564019185878
0.018254140845402632	0.6975422328070401	0.9544098407214477	-0.06871865523331311	-0.48990215059147635	0.7643102526234085	0.009327142678313471	1.2556771306022876	1.6137015883074783	-0.3597617836852632	-0.7237119253213982	0.979439836492936	-0.17842808495555804	-0.020178428563220812
-1.5113543973653703	0.1302812532779739	0.1536764888194364	-0.11438503144601653	-0.9541989933506274	0.2558446721157377	-1.6598017264087157	1.6823936539425306	0.9682822953625564	0.8005188570147972	-0.1918089754435738	1.37439732102817	-1.0840802547368726	-0.66233888814017
1.5129314058840955	0.31058276954120895	0.5662388260860504	0.6997025901110057	1.0038286559223617	1.3275371670793015	0.6017933902308552	-0.7392724274836555	-1.1932478549973349	-0.5911516156335077	0.3268041649216228	0.4348642741915452	-1.200060753404197	0.9941583767122416
-0.49534645868807237	0.6739679784513908	-0.38378439647366513	0.38331322844934707	-0.1426042865619156	0.2997906055529751	0.004664517002223095	1.901576007974271	0.21273038218680934	0.9901315965518941	0.5567205933051467	1.238202363961699	0.6666583413367169	-0.6003092946005152
-0.39708350596209957	-0.64560987376645	-0.49826446212955733	-0.5291261667231728	-0.9284408946335833	0.41719952845230557	0.6374243497744045	0.1536354536303534	0.4540935506792112	-0.12422209841269005	-0.29098768573801187	1.9549300982256572	0.7921519588123439	-0.8962215377071308
-1.6696116384156339	-1.0258031464056485	-0.21992447316098224	-0.9037350465446397	-0.3504298858253284	0.10377251867766052	-1.9744997377069542	-0.9023941614110149	0.46404945026090944	-1.0332593168449873	0.22325199652104605	0.6730730358108588	0.07566224395234541	-0.49949909834950873
-0.4043229673287441	-0.22411690430199793	-1.2322889548367653	0.6499894927130281	0.4080641516851864	-0.2069207370472277	0.6020722452173503	0.727529522797092	-1.1395547609665213	1.2990847333983373	1.9194083861975708	1.16634508682186	1.4002180839202263	-0.9406782347642983
1.3249464932904493	1.033637434875927	1.09692336511805	1.8394165332738952	-0.1576889047656458	1.3431468444309675	-0.3158411517894477	-0.863569343113562	-0.694157157307848	0.026966557525862706	-2.8271016010140517	-0.3465218358277784	0.7412324476381096	1.4035325512164423
-0.16511535665104238	0.6517562503699071	1.0772828764405609	1.0319694608386052	1.6676013801218588	-0.2719384581611157	-1.6967155711771993	-0.38302738192953417	0.403456754947743	-0.1666308997649368	1.3239780029057004	-1.9792962719106872	0.634835899231017	0.7546054996814242
2.056115730693925	2.6212375107273473	1.3293096003793887	1.1328728873776428	1.5106731964140332	1.3524757223816188	1.1262852852734972	2.0653940456513307	-0.04906805411168437	-0.7516916176880531	0.21458793065290732	-0.3347793361319951	0.1342859757279588	1.3551438881909572
-0.021310421132013202	-0.08064718483438219	-0.555568595285945	0.27491331200224695	-1.0601264156623467	-0.17124391709083844	0.49358660572652	0.37481303372289226	-0.33770528951719686	0.6056858144816981	-1.2544757535984068	0.04377453469720957	0.3862110837451518	-0.3827772218171479
0.5740687765607051	-0.9328000376425508	0.23825793191896744	-0.5450945528341951	-0.7031818286032415	0.08624339904979181	0.4077267887857856	-1.2041664475843823	-0.7882024446380662	-1.1866285603941922	-1.0590702441617714	-0.029490536272899163	-1.7039505073772967	0.13048993238353784
0.8717398563355792	-0.40645491895275965	0.32363055831379833	0.6504345812430387	0.3826959162742728	-1.0104678053223584	1.3077957757993006	-1.1085054415046773	-0.4942449823869328	-1.0089513547502766	0.5400279972734355	-1.3518133186522225	1.9344497234060023	-0.1282415987311538
0.8565531253898053	-0.5527296241484632	1.2998444089165715	0.20591639061568695	1.1159168063476714	1.2231444317586835	0.4254256017437803	-1.4789329185036757	1.1585145288403111	-0.6246555362521943	1.2779790145227445	0.9853841241087608	-0.7651196873391907	0.4876540644215805
1.7085618257506419	1.3479646358583477	0.3389434547634178	2.5567763394139327	0.9514538950997934	1.7869772264792154	-0.02613829694805735	-0.7025262985617626	-2.337434873627876	0.823917101732294	-1.3325698416174543	0.08150034192892318	0.8310888396241862	1.603262647070568
0.6585119306198282	3.2053139385294895	0.11704458242494414	2.2665252117001407	0.42287833548572185	-0.197158498224842	0.10493928745096166	4.539200320679435	-0.7398527482745422	2.6272982760347396	-0.09974022688688361	-1.55088162135343	-0.3036245555850102	0.5425186572388304
-0.7010924500754746	-1.3611106424089086	-1.327636963023776	-0.5216099127956033	-1.6091216544034104	-0.4585971052851414	0.6162892515291646	-0.4875315336314805	-0.3872870471589011	0.5738867710489431	-0.9006623602313817	0.740328809120426	0.15848142435890253	-1.1002880071018009
-0.13428022268681306	1.8222725347175204	1.2764985095091637	0.6753939019478941	1.4849511141666316	-0.9225741681656656	-1.6374854640985803	1.5782679645228612	0.7476020590617429	-0.7446285081547966	1.0287201922922709	-3.063957367486559	0.6145756969936115	0.7523966166050813
1.0441198568208003	0.6336409424721899	1.3284162576253833	1.2825322967614283	1.8193828324393717	1.2022530004218814	-0.4357900281357873	-1.1249961289778572	0.08317597071142421	-0.38290215404404593	0.8515902902820559	-0.44337282046793725	0.18478534821788226	1.2716815502153278
-0.9477604420450556	1.8290800039407977	0.7150369799108922	1.2111601725594887	1.0028608257386538	1.0535772772253602	-2.8558999437491135	1.68673526963413	-0.1389657906059169	0.13889679940886146	0.3481032836077637	0.4847052982779174	0.896090975118864	0.637820647136547
0.7215477701150216	1.577518611083634	0.5432206505968634	0.6840888682321248	0.3731154060380691	0.9365021284612511	0.19101541712788458	1.9841981254312633	-0.07317159690104996	0.10942696499172326	-0.03602431553776867	0.4381141078563326	-0.6183109427002341	0.5106619243649229
-1.5676967934546657	-0.9620948972780898	-0.8393361179685819	-0.8078778482802507	-1.0746270693964306	-1.142998666816559	-0.6002520485595012	0.29352899223500184	0.4700452858342848	-0.06979796690912735	0.17166204015457592	0.19374625558651126	1.0781392702019919	-1.3538401466594894
1.3619233768035808	0.9321751014704185	1.777805904068775	1.5944707297081218	2.0027571009797924	1.4541808396663634	-0.8558872156815304	-1.1562281797219847	-0.15216734752329647	-0.45308125190210957	0.6086240741480272	-0.7757622224357117	-0.7107731069014205	1.7680666306838932
-0.1699533183558356	0.43217875601006606	0.3474879097784199	-0.49024759054684663	1.1249378386176319	1.1054574492968645	-1.1703817587515877	-0.25106902969446615	-0.3592006356190791	-2.3027779584808186	0.9409885106453002	0.9570428359785488	0.8885107290868657	0.4051180280093727
-2.3255457638281074	-0.18417862967750853	-1.5138978854053908	-1.8713577773872525	-1.571614727501667	-0.46303854117983434	-1.3211830525642554	2.219305820338436	0.08617854080286878	-0.9697196224093965	-0.08731152907526608	1.6149722229449082	0.4719721572844056	-1.6101565533374513
-0.5125718987042174	0.06152740764640546	-0.7549680988267763	1.6051227423732417	-0.010983952724029022	0.31920774099387117	-0.4315644434337943	0.21375382273422397	-1.8640852196716664	0.8815083352380966	0.48021799417749567	1.4799488355115387	2.0495288299517895	-0.47663065198448684
0.5613076371445404	1.352602586673691	1.4109643244151373	2.7292858794535646	1.9286992731546309	-0.0077475975364328376	-0.9720616571599193	0.03292278433397239	-0.5975759748977479	0.39895412002248715	1.3854684784602354	-1.3910791648286471	2.0599054350832913	0.9208678290566493
-0.3523042658547929	0.8296145794482535	-0.47280348023145763	-0.20091684501015114	-0.5086749547833759	-0.1459156276672322	0.23418761724810128	2.145496146236761	0.0426962741884238	-0.015186688024100123	-0.06517621173580868	0.5063562249540584	0.7151959984443403	-0.6007223079826712
0.9161369681195868	-0.17603331411612122	1.165833019572792	0.8747423764712239	1.5418163024246152	1.4941003005977505	-0.603931094925061	-1.8287760586472992	-0.32272914107866274	-0.5468317940180297	0.9713434037637382	0.43838631428016145	-1.0624310915168889	1.133718539375636
0.7361026005432725	0.34125617204563663	0.05834651854370013	0.974084613545196	0.5016051381517372	0.45735549559179556	0.7620432877960203	0.060645903948366275	-0.3308637237272457	0.7080136102590107	0.3396743781764457	0.17898233201949948	0.5999030305704164	0.18488802356253356
0.507980691061241	-0.6009703457128279	-0.641755469515194	0.12480689274211607	0.6970133113311667	-0.46741612472659066	0.807092858390393	-0.2109741176475261	-1.600832740598847	0.4103967105253684	1.7678787779347533	-0.5119822225046541	-1.5532048728371293	-0.16374490055688642
1.3474622478948615	1.8380846175596957	0.14663736689142637	0.9342939784926616	1.4720149201184316	1.6414576395457163	0.5774691776675044	1.292526770253152	-1.5272773272253377	-0.7877973576283093	0.7355869920423597	1.1193809393386869	1.00217132444428	0.8621342905189485
-0.8471070203553288	-0.7880318095765568	-0.7196898992564839	-1.0017708794984417	-1.9801102184720003	-0.630395864355803	-0.32631066250389834	0.73411049595637	-0.8962576354500179	-0.2888258943909426	-1.5453431572033396	0.4721397578013009	-1.8415409340473912	-0.8601899203409007
-2.1575698498806184	-2.289570358552522	-0.2627191547014447	-1.3515842473106252	-0.8005862513637872	-0.25510656472247084	-1.2966476202025148	-1.1032100961948141	1.873313612826929	0.06021110037325055	1.3593535652990498	1.7985631028015445	-0.7061031847193487	-1.4864236638917634
-1.7750053025928194	-0.5188148847963944	-1.5132338531641618	0.07297130497780746	-0.5364689025928391	-0.42776873961325634	-1.2966249986192242	1.1674077596064705	-0.8287953061600222	1.7669030309477785	1.124658569921249	0.8404423263761779	-0.6253951996790459	-1.0941805006244674
0.3258468752745387	-0.40618886651605546	0.15314370291722057	0.07918167163042578	-0.15395742644677043	-0.8551035756187204	0.16310659999922433	-0.8969852147211356	-0.07081459055946558	-0.43124682454123126	-0.4775043546992372	-2.0524209847569255	-0.2537579019031049	0.18275384269724676
1.1269000450095634	0.915485441163517	0.5224204717764105	1.4457291654092008	1.3472214477359068	-1.040275626681892	1.066927896326385	0.45763099375883637	-0.6780666860786791	-0.0763234989946219	1.452853326155848	-2.1257894347225266	1.8006798962761794	0.2807708656529794
1.4553236472480893	-0.4198954384995925	2.555083865156345	0.05267468922531826	0.2598999218154088	0.5918887782839196	1.3740487441579983	-0.18973833180390606	0.18901564456440428	-0.49522038231561066	-0.1695875801612686	0.748238693965653	-3.2401383115033	0.34197522288341115
1.1186457466825948	-0.3543055050854922	1.2152635880748819	0.758287083294394	1.187957277397481	0.24890561156343718	1.168252588921132	-1.5114816025732254	0.748190239612694	-0.8405835587536226	1.2760940735917585	0.06918099856238825	1.6484032128325454	0.22290281389193392
-0.5114203005522984	-0.4506500638661194	-1.0885097454464	0.36226048041590175	-1.9869773948660607	-1.1033987264855047	0.5735542229405272	1.0304145778915788	-0.35120921787269954	2.0026308184325465	-1.5417999320036788	-0.5323188848522046	-0.5979858739489468	-0.9493016358112774
0.9982019285923772	-0.6604091916212766	0.24627429401359352	0.6789994128859043	-0.5518079335412652	-0.3959562678217326	1.6557965288727179	-0.8836865328206932	0.4618925022405764	0.99568656063992	-0.7053484353822078	-0.8757813020317939	-0.3641066618135417	-0.05737593956615249
0.9002108275360529	0.941003871603649	0.7754709909712322	1.4776070052438253	0.2119801716712315	0.5146759070155982	0.3136519571243356	0.3653655906801133	0.16489009013349476	0.903923884232737	-0.8473893909715061	-0.5434933859175461	0.3458504022782683	0.6526144367399274
-1.449232846401531	-0.49545425932589277	-2.30343222947596	-0.6933180465511255	-0.18488334672915385	-0.11118247241783119	-1.074559335801488	0.5046778066669843	-2.4427761948661777	-0.17184647309582107	1.0233968091263517	0.9142674853193312	0.270931988594762	-0.8524473410450357
1.0348760865796915	1.1695579565482466	0.06385863157171934	0.3139176409753782	2.0775343151181374	1.2917296595208438	-0.12280194020142694	0.4067159391272181	-1.6900021958387157	-1.388960496139994	1.9129118442035578	0.15013766592177588	-0.5058120003336432	1.0266907931386444
-1.0628202604729389	-0.6105645458334558	-0.6707922645169109	-0.8148464927222134	-0.33836496993204224	-0.33165728288317775	-1.630352932921491	-0.9339109588792535	-0.9651370538049654	-1.7144240836227373	-0.46115665664040423	-0.4872483208931138	0.7062515245031177	-0.19146827540652728
-0.2466821643908674	-1.473124122160127	-1.8871254839379774	-1.4981844960177473	-2.1146530192010693	0.1813273961089326	0.07166916685449161	-1.5904327697730314	-2.6356135500584648	-2.0223997291668985	-2.6743802958441147	0.6853587436284162	-0.6469679733833235	-0.38947086561964345
-0.09228124184738215	-0.5992140198474952	0.16911604152225912	0.3323769224071599	-1.4936551588479174	-0.3109849180798304	-0.45461065220976876	-0.866876843278428	-0.017618886907100003	0.27962891953640995	-2.379737228529235	-0.8795915670342853	-0.7425282442402619	0.06941773496761391
1.216400934197532	2.0569821913662145	1.2129486320177503	1.873939374162994	1.2603742521548156	0.2810518427329145	-0.15222817525208712	1.248211894701851	-0.14048029516880572	0.6092477252510324	-0.0794575077787959	-2.025328623074555	0.05738417010950957	1.2965782205232022
-0.776921445562088	-0.6034487249256195	-1.0931721236043346	0.011770446613304841	-1.0019367004832744	-0.8674804838877844	0.15972147018432914	0.3591509932987774	-0.4333417199975675	0.8532803114220221	-0.26314473426651125	0.025573127437905793	0.9229197873066002	-1.003523278366206
-0.10746469397098568	0.29553329163564895	-0.024624827780277858	0.9400660174516827	-0.2601124782189487	0.23199996347999996	-0.785132790326122	0.0461372893293804	-0.5932073234186139	0.7771909471890748	-0.8808374521328152	-0.466845735233184	-0.2531555225611434	0.3184820225502494
-1.6212189072798542	0.0034625421389080646	-1.3611611295112798	-1.2583317983167084	-0.36982468502629373	0.03656286790472907	-1.167419235664565	1.7338171610581077	-0.6760064567889711	-0.7170029085131985	1.1100221838166193	1.3681704165480282	-0.31015584629767184	-0.9747965852364222
2.076513427156134	2.6823706039529327	2.9749336028230817	2.389963568048825	1.8102736344664088	2.167043521170598	-0.49931707854486856	0.457915334585348	1.0191035730095024	-0.45783588435324235	-0.9791674866083477	-0.43834856663524835	0.6710271296557397	2.273415977270576
0.5516664349560703	0.01625435999424024	0.25461248452025187	0.9580118503579471	0.8514031324193829	0.57879902465652	-0.2831834666138927	-0.6599002792570653	-0.8357330731178461	0.4735161152496983	0.692703934709918	-0.22976734618414582	-0.903313580142514	0.5928572435769822
0.7182997704798717	-0.7237651615148766	0.22491333519604917	1.8431608061261668	-0.28248908662240135	0.6640234572514082	0.9723084058992794	-1.4353710435387053	0.19236189653977376	2.5045239123883696	-0.6996476517289324	0.604987378321395	0.1680456909163672	0.10384832642507309
1.5478308459888095	1.4315297416439876	1.455426642239744	1.4303439989019406	0.9097408420562147	1.8353737424600993	0.422549214854688	0.22033741325576858	0.3211806789569675	-0.12550134068496802	-0.6485330156488124	0.6501448769313173	0.24124392591634644	1.251078508507257
0.21561100057839674	0.3959590003632646	-0.31284105786085115	0.0821111826033396	0.44027228165767573	0.4548388273710561	-0.24374263983292144	0.94159548113822	-1.728350119464205	-0.2013322925374948	0.7898930023491018	0.5160728775685793	-1.6715976861948199	0.1653212489192967
0.08384701265377326	-0.3946872627380497	0.24670550020843812	0.49883542986933177	-0.6348980076194992	-1.0761882676551904	0.6962833767173702	-0.1119947238497341	1.0235272843409073	1.029979482977453	-0.5111886016479656	-1.4767571770371817	0.27550547855122404	-0.38259152413845404
-0.9019211112314895	-1.3856171506583341	-0.9765842585742457	-0.2548594767033002	-1.5761535496323997	-0.20792234012877656	-0.6819782680834404	-1.1254891941769067	-0.7719168960766934	0.3744956517890508	-1.4554910207012293	0.3606358161402769	-0.611056958989863	-0.5881122423542174
0.16138276650542904	-0.4700915870350747	-0.020423769164311434	1.1913347561278407	0.2813315405335721	0.5930236882272242	-0.09737367703137045	-0.9111064023187941	-0.3412812956548967	1.502447419503355	0.33804029346557396	0.42282589295629436	-0.3881800320667675	0.15420826076955524
-1.338012535601489	-1.4676352973790192	-1.8037873259726696	-0.05217937303578002	-1.1201495422939347	-1.4396193384403524	-0.2370284325517223	-0.3252704041929615	-0.965795359152088	1.6942106909292867	0.2534250882249504	-0.6720879886628116	-0.20058170252235893	-1.2323567143587706
-1.166072112842264	-0.6808630982860631	-2.1133109919174524	0.20854516121612146	0.43517331093588246	0.36638685391587467	-1.298463041257929	-0.49640181807002076	-2.8279837418980702	0.6445026388328947	1.3641927147742547	0.994117850005978	0.21276089519843772	-0.42557418648373824
-0.2488052992326567	0.6172759455625489	0.6772459257175006	1.156485180100948	0.47155131517073334	1.9413028592798662	-1.3511629218348695	0.07429560461727146	0.25156599332123214	0.6143713183919769	-0.16587999476412305	2.0916121232181304	0.36569164336171756	0.4995602541198426
-0.48933416196829005	0.836367423420073	0.5251563544689555	0.9991314754133304	-0.12283569257073867	-0.7459452742895143	-1.728879734235091	0.3383403962667628	-0.27363032835613765	-0.11911386239326577	-1.1649569392804546	-2.0016113157301247	1.2279126521177617	0.38778065523646293
2.3131296191346653	2.259979608266512	1.9396894022744515	1.7777150052302748	2.943965297507213	2.497251665439295	0.38421733943894526	1.1014275262593856	-0.6834277156699123	-0.2769251582502434	2.0736607524521453	0.9733012447078699	-1.5007785224326036	1.899278796997401
0.8436316588303034	0.4071788952643863	1.9303467381240478	1.114764683405826	-0.015371949108503924	0.688825896719268	-0.08211786671189773	0.03025353275908737	1.218457346549165	0.6158407726184109	-0.8653129073201422	-0.023933575473994648	-1.5739401565445603	0.7038148069178459
-0.6448819833960899	-0.25139760825043533	0.31537509904322963	0.17125503614928234	-2.2653036336330628	-1.6005626010122258	-0.3882646287019482	0.2427814881686978	1.2693909589375378	0.5769459423536727	-3.1091526719083564	-2.162416533010609	0.43647737283609417	-0.4843619757188728
0.06098051058395782	0.5843831015075848	-0.025312602168559753	0.763301105342551	1.0151709412154282	0.3400613264090579	0.0384534992131909	0.9214759044513949	-0.10013363562410006	0.8862963203924559	1.6394554058328594	0.175619040711773	-0.016091175903795028	0.03471579401750691
-0.5594572006651586	-0.29886125701273136	-1.0424116344868208	0.543816790605185	-1.6651602997023047	0.018575247113150728	-0.6082450127634977	-0.3309579904391719	-1.7040215638884968	0.27737580909786935	-2.494229763664715	0.5469307585967218	1.307117607897094	-0.36170998432864704
0.1537370001650593	1.5610590849622374	-0.46315811149523844	0.272494939147249	1.0732957514615755	0.4147285315509115	0.13192927119206607	2.4316386303679787	-0.8635042531600406	-0.12887584859739187	1.6316731914086369	0.45633554432914525	0.6197608796589181	-0.02187626919033327
1.4098076323957085	-0.5896788026103321	0.9493128795966382	1.2347576371163442	0.507757917858823	0.462246998177404	0.8240910329864158	-2.640802935429197	-0.1437578210839913	-0.28679402909879426	-0.7279117289905628	-0.6252971373056726	1.1736639132380735	0.7600701759995714
1.7012783021640212	3.344194403161489	3.1165158217222277	3.4652492473492043	3.104366308175514	2.4422065561855777	-1.2649188920828183	1.3169980772449092	0.805890827804328	0.7262491192777965	1.030184095973961	0.15986487270352426	1.3030746174082675	2.29338063333289
-2.0393993800485974	-2.464751221612812	-2.0554847553010323	-0.6825737576318942	-2.0498377207493474	-1.4871353449319766	-0.8678360774029014	-1.4981074239884298	-0.861368798034688	1.1364958030779353	-0.8066842062318745	-0.24008924832866568	-0.12138269504200928	-1.541610228211352
2.0328608719359815	0.023741315496843773	0.9625970341665233	2.538235904955957	2.2861946916522102	2.1900176662656783	-0.12658549828679364	-2.543778049486569	-2.619076123518775	0.9992168943581203	0.962198822541041	0.5426199354939373	-1.7738014019357573	1.9047684255759367
3.0262971726827326	1.6528990996141415	1.5965903606963858	3.7213233635963814	1.6746903773248354	3.318390315207545	1.3836912224029114	-0.8646782654281309	-0.9804216810330632	2.248737349917345	-0.8283726176202292	1.5578246970223777	-0.06185990444773714	2.1840780397605672
-0.3549197551591272	-1.092069312971353	-1.3461674011876854	-1.0795331995626156	-1.1656694359815898	0.6199689132352724	1.4593059659709822	0.39544020714478756	-0.13811621055980253	0.07252016592997078	0.27178107650252703	2.839621379403342	-0.2616946973900422	-1.276994497780217
1.2954540415177065	-0.006842660561788061	0.6844669991063391	-0.6169473583129526	1.5500817139931424	0.43450959851593735	0.8874087934743583	-1.1036695567684114	-0.07429535849558304	-2.466298149261409	1.4899046282830917	-0.7833049353304686	-0.28640047273774644	0.712639168046808
0.40188918712788413	0.8723795390763298	-1.1021778354799967	-1.196585384288034	-1.0544077359913229	-0.11026694122389041	1.1866415001584798	1.9706152090982973	-1.309697987046319	-1.8111757475292527	-1.2406949319771416	0.010695738341245986	0.03293178693876403	-0.31657594377040127
0.7543425952859864	0.8019608239119681	0.15896238035864213	0.597182147264693	0.8233692780241779	0.1216666779917066	0.6347156622829087	0.9411210062634535	-0.2982758798407371	0.24646415146793677	0.9740546804235203	-0.6263577400019521	-0.3678700597128244	0.31086223209646097
1.1969074004932019	1.3347867916289713	1.8831810164907674	2.0198427821039595	1.6219158382320853	1.2412519429150974	-0.6539133599571035	-0.5350446846471048	0.3609937964769721	0.003401911688071109	0.004569043617722647	-0.5060266865228706	1.0512310594811858	1.445567390520997
0.08075618117624112	2.1911120148381436	0.9572532343871505	0.6668792571093474	0.18654063066440257	0.2789189416680064	-0.49469585815737493	3.057242972713445	0.9823232040895263	0.18306703743004724	-0.2837174594264072	-0.4801793124397263	-0.052689246880006854	0.3673040805860782
-0.10453803938227837	-0.4016972010146923	0.46856734284168555	0.8425841859443824	-1.1958256128095035	-1.7742237303619661	-0.0568538519622534	-0.778848701359068	0.30823118995762744	0.09855804391053655	-1.8819339444822514	-2.4849483332327287	1.6576195598433032	-0.26591189216791217
1.2896567505244216	1.33280249519056	0.509505150423512	0.35076945563088846	2.134617742709936	1.37255331118585	-0.25149443491303514	-0.19853698625992228	-1.492480006382052	-2.195428431923736	1.1407573055484586	-0.31693735629792535	0.3761358141707202	1.3766975241123691
3.8034004066394846	1.498207477585943	1.6195499752154001	2.201836246853845	1.4799341961279275	1.9560917576831034	3.003543513646447	-0.985474705695369	-0.8892253118934645	-0.5625654588286986	-0.9147602368481057	0.09158657866096488	1.2536340668663868	1.8387654876298873
1.3185471168326266	2.388790785370949	2.2522811254138615	1.6687967902835008	1.4931731800205783	1.7732393690736967	-0.8034972264874999	0.989956538257742	0.7574943374904499	-0.543402259407695	-0.5027396444234489	-0.37413498675578966	-0.014624428604431288	1.7977417481371902
0.24900137868556	-1.0231314379885064	0.49289106048960407	1.6347845885560373	0.09721981288348021	0.4581718264364329	0.28512625600867564	-1.868372432952265	0.741582612931169	2.175111268891684	0.0063995336357670525	0.48239745777341886	0.5157275153870401	-0.00525348129455521
-2.469222385707154	-2.34915667898615	-2.0138545995068906	-2.0112088118608558	-2.384789090742186	-2.7627560540866396	-0.7870634023758696	-0.0068287464795437685	-0.14655846881141618	0.09374589619047037	-0.1240369908533161	-1.2111750125480685	-1.0315676819494184	-2.1387458947085403
-0.35278529759714766	-1.2880779971544016	1.1720765964510866	-0.6016341665625408	-0.5378621535853424	-0.26654170078998823	0.1954846942728316	-1.085599177126375	2.792772233280701	-0.30490741854041764	0.15951661385833724	0.16551973083015234	-0.45690058877932194	-0.545338373122712
1.3298052974854362	-0.051268365812710506	0.9036305645143549	0.6319417496082989	-0.5143204340287879	1.026401976955504	1.1973305730155175	-0.14367985002162265	-0.2923562192522165	0.3290353739378114	-1.2069813316599491	1.1277716528571504	-1.8389150816836228	0.4027225605369877
0.08291075412614235	-1.0479493160940214	-0.34146685347360894	-2.266532419235683	-1.6501515165731455	0.20842843256972055	1.7336529698477958	0.5378095089933902	0.7730568025856499	-2.006293171914886	-0.5671248236978069	2.1099303895032606	-1.2540440223453013	-1.1198262170209954
-1.1340147524776827	-1.8221536751943344	-1.3877560489354321	-1.1384997470293996	-1.593725723779637	-0.3384613895124954	-0.2381754745405957	-0.42355431057988335	-1.4422950483866896	0.04944004372624174	-0.33508211861558646	1.5245807480747382	-1.8405576995055963	-1.1999095489452851
0.25554392586584623	0.39806274864251745	-0.02975194552154717	0.0858450285739158	-1.1298090042950104	0.09059789819311098	0.8904824082792695	1.043010646800423	0.3617407778822637	0.0059901561591834225	-1.4653823621146702	0.6194264404836378	0.8933651432627893	-0.4064166680902942
-1.0869142319719507	-1.231547190602686	-0.992632072846326	-1.1106511678806972	-2.3208737090626004	-2.0664660480975336	0.5369487016774837	0.3576384034078569	0.7212631416875674	0.22434900260245208	-1.4579529967981166	-1.3973079063582692	-0.09472798315084212	-1.4271846360172318
-0.20742903380074773	0.43629052839099897	0.2999844602509997	1.219421890090932	1.2211588298942102	1.4394358186729608	-1.154364279963834	0.4782788467807685	-0.40638950650571803	1.329471964092027	1.7349480715547134	1.637247557202171	-0.9907966726416662	0.3474825548508711
1.279096581039045	0.9860081609606327	1.5050615618724064	1.9694103204857178	0.8952123087737873	1.3333135541450547	-0.01775692531955975	-0.602347373118492	0.2747424392533643	0.4846916816741343	-0.7063672941590627	0.106898115953549	0.9625987110264139	1.1548968426264452
0.41714033737583045	0.2153722997665946	-0.4997043130116885	0.42399740931970564	-0.15432528459106282	0.21577112339155427	0.8566996857839287	0.5578042651614654	-0.6540195219862421	0.5716507525959805	-0.05836858435666001	0.20672234692176328	-0.056855724179707884	-0.10793911449434304
-0.23437832226725697	-1.8405339962735014	-0.5327541511853906	-0.24281193787309963	-0.9683433710046802	-0.028571338186995532	1.092532658312696	-1.4735496131219699	0.6384484576465156	0.8512755562527405	-0.020185703139119902	1.160368806373942	-0.17298217891345252	-0.9218077926176291
2.151157647034777	2.1222355708324168	1.9251538720957948	1.719395848845018	2.3910099839138073	2.3422084127930303	0.47168099608121505	0.39340086497014426	0.14820812016331933	-0.6581349230960036	0.8476981920545306	0.6277614215424643	0.48697154125137687	1.7888007436000548
2.583545300751031	1.1686110674678245	1.28131203889951	2.3788217500094753	1.0997969755556327	2.0484506471735866	1.2797907746769008	-0.8173222161817905	-0.8328723922101876	0.8398227588743231	-0.9363117091476303	0.20325266606408426	-0.42744562387431667	1.7444935219517619
-0.04073610375907466	0.11636794593242317	0.7404125570136935	-0.24010059484011714	-0.4231624988205287	-0.08543065954916118	-0.877966983185338	0.4038212596385336	-0.5079846910865767	-0.8937205154665717	-0.8453835072525582	-0.4596400399347854	-1.9709595115221297	0.268267092453729
0.30516939026783396	-0.829741032867124	0.2872804042912602	-0.021226350673123978	0.9128424691421169	0.4061000505242701	1.2748987134207337	-0.625137648448081	1.2979559350509438	0.37832417169518134	2.2799672510682867	1.1922365707026839	0.24343337065228715	-0.5033451179287328
-1.0879498563756962	-0.9205774510213138	-1.1618578638455128	0.5666346545302239	0.09257200922596537	0.6914802426207153	-1.1570564100338119	-0.9002466454574125	-1.2217427060183965	1.2128212322924978	0.792134810945162	1.6175118750906041	0.41007715772977205	-0.46244489529282073
0.9741431733217463	0.23250060877877826	1.0105521478778186	0.2237122352275865	-0.21807584373836375	0.4955368938582306	1.076348750794141	0.28180136403341727	1.1330852363641681	-0.14198399987098484	-0.4928088038149663	0.22529899938684947	-0.7595261325208579	0.2153250168628995
1.633675962806476	0.976703407272349	1.1629542663596717	1.1264474863165412	0.7593568467005312	0.8314099953687699	1.28868829125446	0.10053279091706492	0.42835787337230824	-0.19235330871011155	-0.21691528288462567	-0.02203734351830526	0.9447235636559911	0.7274390199909118
0.8585984032774369	1.0092639562992884	1.3219017355048153	1.5259219098501844	1.1069916437810132	-0.03802951473895477	0.14718752699771617	0.302265424946217	0.8354770147769548	0.6116560810351579	0.5123829225356176	-1.3131115350644682	0.9621191691927751	0.6354808674930031
0.6169966540073526	0.868730527285865	1.3152283778624407	1.344196708815954	0.6227683888743598	0.017511892986765587	0.028357039982952144	0.999659881703829	1.1021628740452412	1.3414181050772762	0.5406555785081067	-0.9310813026298872	-0.9747814332499044	0.46389088491354846
1.3071264672121305	2.41375815979608	1.6176061887717588	2.2246614867716756	1.6442425241026921	2.079355787404514	-0.2812227642711945	2.339593583854955	-0.1560441558224946	1.4659448105418897	0.9081096140651375	1.258787274681987	-1.438079813606948	1.2976179722044967
0.3820344984524089	-0.27104764918403507	-0.14181065338029736	-0.30816847212441945	-0.8888973586623826	-0.27236249652615735	0.11898747708927222	-0.6504080752912529	-0.7061260591708317	-1.085306837472387	-1.6883673740344427	-1.1170633384750974	-0.5311832672505045	0.22543384944081754
-0.47912609231280995	-1.1034669860716018	-1.4622879428402942	-0.029659204860070898	-0.380806915633967	-1.3858102012540638	0.17328769378995107	-0.8680296500922319	-1.4447802635679798	0.5875152054086299	0.33642169403787253	-1.6483012871566334	0.0685523709837057	-0.5963596702130038
1.860794330970398	2.444026829415396	2.320273124392067	3.1137421062939294	2.091747607173698	1.4590104935725734	0.05381035069997985	1.0258310280807603	0.8242544723250621	1.8086558575711527	0.4386991514861482	-0.9444151668391525	0.014241683395485715	1.8256798758878425
2.504871685060075	1.748321700975398	2.5112831651812866	1.502851605257566	2.2735829161750565	2.197080305454931	0.32290563575601855	-0.41323442115111775	0.2683195210798826	-1.2621220053215008	0.42056137456393994	-0.17399977150495002	-0.9213182241624998	2.1805259984985685
0.44717909452730087	1.6940245312212001	0.5526936752826928	2.0494684299821375	2.1314523958561082	1.2136106243941298	-1.937535500221221	0.14048555798865567	-1.7557696132272527	0.39950305228981947	0.8695323351092232	-0.9874087014844091	0.01822076222071488	1.6060890439838635
0.22039495072674195	0.04294283867824772	0.24110257820187392	-0.40041051766328517	0.8875548372988891	0.9631119374827253	-0.28379975689539005	-0.14669007194611955	-0.24809728155748845	-1.2918385562446093	1.2388310322660068	0.8937788781920725	-0.742988465936928	0.27955457503330505
-0.9952937734746836	-0.8631585863690403	-1.3495103464169624	0.0036402206037989826	-0.37135430184079665	-0.449849290999895	-0.4187137444318975	-0.19870186903738302	-0.9976539930218918	0.9124082392863399	0.6209745768082189	0.1691034644145713	0.03621387287466689	-0.7511802395215439
1.6119223001405454	0.759199000561525	1.6624764290974174	1.201041940830283	0.9216779807866525	0.8589938674698576	-0.22526646879517973	-1.7285074734801105	-0.18643427056244458	-1.499776504745681	-1.4219633442054012	-1.4845412748053566	0.8743895483670237	1.6214255749761866
-0.8463453132568668	0.5154020516491634	0.16171574112671744	0.7219168577265156	-2.1453049642792457	-0.3167100517108258	-0.4682863071599409	1.4978183199808024	0.22807575885961376	0.01660003955748331	-2.566707712754134	0.9249500388500184	2.013537621187969	-0.7859964645769119
0.09124461853766164	-1.0402741808243212	-1.3123287102335315	-1.1576140457714212	-1.6832812185029806	-0.5919905441992862	1.7932542608835167	-0.18642924298202007	-0.6235809248518979	-0.9264580738596669	-1.2127836546559143	0.6825962715632574	0.948533609179493	-1.1181233568710078
1.1011156188797695	0.4588609844197469	1.259564104983991	1.218229281639072	1.4611986660133462	0.7123301342634056	0.07424482517824063	-0.24305600003707106	-0.01421027817208432	0.476538584461796	1.292443999341069	-0.3438709903757124	-1.3886446032078823	0.882423505083566
0.3465728877290568	1.693771596599147	2.393243908363602	2.28733762715365	0.8304764568845311	1.127179462533251	-1.0135029808063194	1.122087453075495	2.272469666998491	1.5123547142777403	-0.25683602502283787	0.35833765061712813	1.0442562972105016	0.8116678653117498
0.5420910878807017	-1.0063841014276662	-0.19746842023419875	0.8772192914080619	0.03976899848045542	0.027995560150274046	0.26701467753221236	-1.4092347650948378	-1.6129396223844066	1.098482477351081	0.09260640322551207	-0.20903344265777443	-1.71487990144749	0.1821327379187345
0.03734113809581824	-0.552042098274053	-0.022416829073468314	0.3438273702466462	0.6052867780999887	1.040605204979153	-0.5504418837151188	-1.169663731176946	-0.6157000142986729	-0.061281849524021735	0.7467279983503197	1.0079345900817267	-0.611861140326482	0.27212836849741084
0.6989445440491553	-0.37490129393988975	-0.35816278988698624	-0.3103858062250545	-2.374464230279157	-0.7715059719794908	2.0408053369356987	0.23278824587216576	0.3382671489006508	-0.01872808138484839	-3.097052389761497	-0.616279601676492	0.36863862371662315	-0.5883019662065139
0.5307173389699188	-1.3171434331821257	0.04300451808489618	-0.43179398999654894	-1.0190646735833335	-1.059109736106053	0.8560665895030553	-2.2245293853431884	0.06469883733687333	-1.0831691804216876	-1.7277105916972597	-2.1028891063378023	0.07215062429059854	0.00314407316566756
0.2684942187950991	0.09836253630548819	0.61942986314164	0.6296747522596805	1.2516749854217029	-0.7484363481423083	0.5123575605051562	0.04343145804206014	0.6920108788429784	-0.012818601037587576	2.1191432945101836	-0.9222572745422584	1.4537286677970858	-0.21844207207916508
-1.5431359808638259	-0.4210660061927493	-0.1485030200765025	-0.7916167836393427	-0.29708954196038284	-1.120751240654131	-1.095995914189916	0.6918316455968735	1.1823064337543032	-0.4341871539173392	0.9344000371343694	-0.39570866038359426	0.8760193693268273	-1.0113688674162389
0.7152153573684785	0.9886488556543986	0.288776579663512	1.4758557191951334	0.16231567419775428	0.46993215304272384	-0.5221145128720238	0.19165929785842895	-1.174854835034356	0.6444200195213615	-1.1897022718708017	-1.1176360915603645	-0.4220526116897677	0.9580637992772948
1.7027143647328447	0.4049953482612947	0.22529789615785045	0.5154602676029766	-1.1601429659982407	0.19629435541156387	2.438344260497274	0.2617779190548507	0.03417655665678815	0.09416361008508942	-2.345062159673207	-0.29809746984268815	0.3147519860377274	0.1849781996208388
0.29773399011150875	-0.5550510896059866	0.48242334150819466	-0.7088907629381753	1.3619800316681108	-0.04084149985455546	0.36506294045914556	-0.7767081581106609	0.7284824975316718	-1.396881644008004	2.412989466367199	-0.37172899726258435	-0.4601042592572476	0.002994657111859457
-0.9385346499991603	0.2751971802033626	-1.4089602910762984	-0.6001364977482102	-1.2672442447096022	-1.1746486361280062	0.6246373824983447	2.5548879413482	-0.23360203721223666	0.5553652212680383	0.028467716476526152	0.2559559089815355	0.9412284887481842	-1.4459812823551945
0.4796759298246014	-1.4942634520749631	-0.2441276126910117	-1.1379363252062564	-0.7689199810896996	-0.39615961881978556	1.7374326534676472	-0.918402309917226	0.35092414916463127	-0.8113443637970696	0.21319775399704846	0.39254386540599245	-1.1409447948283287	-0.7150331071589618
1.935535033061124	1.2774072353715393	0.6043405960707517	0.9965443227080413	1.6475953088241715	0.7867224461144045	1.5031683049063598	0.4040739892605693	-0.6825685084684772	-0.39985229995668037	1.0211494312610243	-0.7047655813617589	0.11974443240998987	1.0110139553331998
-3.703048165309455	-3.899322228841949	-3.407856113727344	-2.4546617195307956	-2.6756062322166265	-2.468483624835535	-1.053368033926822	-1.416405814210438	-0.5144601144344096	0.5996821616837644	0.6316780964718606	0.8617389388933167	0.538645520373511	-3.1572078443903884
1.6396828667216337	1.312750185720084	1.6721729016035813	2.0612323230944036	1.3492843939604955	0.38835667786329986	0.5550488846493274	-0.03771623796357948	0.6385161376974035	0.792204010099076	0.03716094020282741	-1.6346870014901587	0.6357072305904784	1.208238482380136
-0.07960379177504756	0.002813364289119269	0.9387108717538111	0.5382692942075381	0.03994015564428083	-0.24217274693708146	-0.5927454533275335	-0.5109188075445269	1.1197934211864897	-0.05414870280032279	-0.43096989102187794	-0.944529250504852	0.6932636829060483	0.17071191223462576
-0.27365357936794843	0.8276167438119186	0.6454679148397829	0.28596937594811883	-0.2157511454866867	-0.3966186462134541	-0.5206769559027604	1.229113013304778	0.9561856040005831	-0.19230592685883954	-0.4712519240483037	-0.7199443031287579	0.8975400395581642	-0.08935907208258104
-0.4046682731797611	-0.8815309444049184	0.14682928208959628	-0.18555143269786642	-0.7017997705950403	-0.03594984382389986	-0.1783554077453636	-0.8239729268833369	0.7928425574064435	-0.005917721647949639	-0.5251470354185034	0.18262780784394414	-0.23576808819303416	-0.3399935706363095
-0.49856431896400877	-1.2076518429172476	-0.6574874087219776	0.6451455007326949	-0.3399100360748269	-0.23674655086553043	-0.8096718053525469	-1.3780067884513576	-1.2299792476936888	1.2325916814937081	-0.001182510168866303	-0.2776596358680187	-1.0989807843446222	-0.1610516129775086
0.9161284449654669	-0.0859627926020611	-0.0571396388280444	0.43355279233535954	-0.08918017402252768	-0.21125515605512124	0.9434679577008651	-0.29937217766138624	-0.6742847871434601	0.16209945380628774	-0.32598395651827755	-1.00018533793672	-0.7324177852158353	0.2401440710379377
-2.185131700280678	-2.406531998831325	0.31606225232439034	-0.7084914999669477	-0.5977387827570382	-0.07560160462267307	-1.7619060200578345	-1.107407035177897	1.4652134497645664	1.0169438607349988	1.5535578892459943	2.2501325301399784	-1.9789331981623033	-1.346301138092126
1.5199499512360948	0.8220564713717295	1.980721530246939	4.013635128994785	-0.1859916877890554	0.4649750507000695	1.153736742942762	-0.5581382830332442	-0.6996387229282267	-1.2151377096030265	-1.2565683867924011	0.1928442794662971	3.0431922094212607	0.5483009993074239
0.01618552755618574	-0.6997473275163284	0.792264136981783	-0.872254113576693	-0.09688574947233775	0.5074228191630948	0.5593558369800173	0.6450387501421903	0.08277346089461626	-0.5232442014971893	0.9762688736619627	2.0813656712882853	-2.5654287123065314	-0.5736848351403362
-0.5346724778197086	-1.085890956748174	-0.2919008412392278	-0.5282830258683415	-0.8173246834799188	0.4270210671506255	-0.03656503237641786	-0.4461738562678643	0.31602531277832757	0.049532230125948255	-0.03626184912244572	1.5688420401902263	-0.8904506716910728	-0.640096508649241
1.6661340131865958	2.0318943503697517	-0.15777844634361315	0.24250107151023959	1.3058952384242517	0.5844141181449216	1.3864621303981308	1.8164448646690583	-2.0345543087415523	-2.0762657904389266	0.7514968160430106	-0.16980445849791945	1.4244639185306294	0.657134647862191
0.12200728987323611	-0.1098752773902359	1.2947070761278259	0.29786398677832626	-0.1388470928470728	-0.06910223161485568	-0.6289931015462078	-0.1716352261681495	0.8068378783643261	-0.08810035435392634	-0.41416664434016204	-0.6272790183501104	-1.582664748343545	0.30963880797936283
-0.6335548690994659	0.3239388118709547	-0.09812064557526182	-0.027688669833009383	0.6187610652480209	1.044259483188302	-1.289533388382264	0.4639437483717093	-0.34360519997964334	-0.46502825459411573	0.9544498627137092	1.258199223790182	-0.24989969850839078	0.09555250254960726
0.2469811689890843	-0.24422836226791755	-0.10946815727613332	-1.4947639368857764	-0.08544590254415763	-0.6507544650161255	1.190936224262453	1.042485116718434	0.3696623078179691	-1.5457155623960592	1.2145128614646885	-0.15617704834803378	-1.2153044778290283	-0.6266585367331722
-1.3200804249000837	-1.0546170920519606	-1.212234531843841	-0.7875741624265659	-1.4110282502434082	-0.9567127379392883	-0.8364947593880416	-0.03824828188640245	-0.6197803815240986	0.024124641539211532	-0.6439605072217205	-0.3499554455524359	-0.5984120811215103	-0.9119857066958171
1.6620462391050386	1.2517533544122126	1.1799923720381131	1.5368718097036154	1.2824401481999985	2.3933250872591296	0.43035611237481897	0.4751067646123791	-0.685887789846704	0.4171195028114158	0.40487659141860916	1.8548365405333247	-1.3368937779596162	1.2340680512367084
0.15125461454830136	0.6502362546360307	1.8231811502377282	1.502384388384557	1.1821301475625523	1.72453936617012	-2.317592756335631	-1.167206737150811	0.5169934404638836	-0.11990965844440234	-0.28889966141681117	0.15893157537641414	-0.5305939768717861	1.4566790923008746
-0.3254314128269521	-1.1177543164039152	-0.9259546182941284	-0.2377689154265366	-0.8598467172943256	-0.8312057239069228	0.2614348088822099	-1.2133537957333387	-1.0196072652174821	-0.5296728822679317	-0.6732281063685037	-0.39663479186361283	1.2923123746360166	-0.6482045138911152
-0.8706761791510592	0.1947467184948288	0.08878842582703432	0.5572657514407131	-0.762926128690072	-0.708760671818953	-1.278003960467367	0.4359863342072981	0.32388650856083445	0.5890394445102964	-1.1384297361172029	-1.070623920138655	0.7377141426175953	-0.2143879105530691
-1.3892106533973534	-1.645133281909823	-2.1311042476792776	-2.9750437897781152	-1.599468634289814	-1.6359790752155217	0.6053485579308968	0.17296602783137288	-0.583825605027231	-2.3839553465671166	0.24951160401638348	-0.07214486105463823	0.1991344657018042	-1.7887397917490075
0.9473205128938162	-0.30262865686752394	-0.9289535504969899	0.8917158199154042	0.6101204625381915	1.6345524215576155	0.8610348580152328	-0.9780160901490245	-2.207202011343458	0.65603270924335	0.539764414686207	1.810726565329509	-0.39773787679699096	0.36372857258128893
-0.7646796949994221	-0.19825584855324224	-0.5582482059483403	0.5245011488674867	-1.0988285132097535	-0.9964579256286181	-0.12307552013171387	0.8016488765862524	0.28020352539049687	1.645465809854486	-0.6962765028765615	-0.7115271088897767	0.3801072703965088	-0.7552666285842954
1.2547533751426156	-0.36657043669007194	0.2871425439704556	-0.09467589890255607	0.4198136323456868	1.6678799236933561	1.5412366823318528	-0.737616948586318	-0.06488301053639758	-0.6875491997348864	0.5524106084930235	2.1619791838886964	-0.7248930929484729	0.22097835105141345
1.3117088171177045	1.8900868534066568	1.503773365087917	1.3866760260572595	0.5383278983855553	0.5572413559996716	0.6154193013540898	1.3709086978949658	0.4295373999297109	-0.5455968278224944	-0.6923890790500654	-0.32816614262183263	1.5688996455711204	0.7537617055554532
-0.9758380297493485	-2.0805942885908593	-2.389428012663679	-1.1921879210860853	-1.4257162857626116	-0.6166751775822759	0.010275356456517153	-1.3860227402598189	-2.3517558397045284	-0.3156544218542573	-0.31881682507454817	0.5582682012992439	-0.7661084779630971	-1.0957589488423487
-0.42336582724581334	0.6970543957626516	-0.11507224685780526	0.44496751482736574	0.8845331491024376	0.2961952338411041	-0.3103538776303078	1.7640732181088978	0.26232835505634666	0.9939646376520521	2.0744898668445853	0.6698567407286302	-0.33342748698094254	-0.29470403770649856
-0.34893195065652005	-0.8557832372183752	-0.49010626886234987	-0.5970144203168606	0.34994076795682183	0.33812547357946987	0.3865996093261472	-0.4028980994890754	0.17598751704761478	-0.30610931777196826	1.6066083122522608	1.2266161804326625	-0.08457505264085355	-0.5971293669967593
1.8424360607549515	2.045311225827605	0.7309657030607826	1.9624925614759317	1.9330108629247538	0.4573553694683329	0.8279948836026931	1.1421491980434828	-0.9667914185220351	0.6352778150707229	0.959316765615814	-1.66474774683276	0.42862608415925546	1.274296490169664
2.974896883804691	3.255885342556209	2.643262313018778	2.7552071651616763	2.9487903673374185	2.241740923191189	0.36973399627104436	0.7669273549225724	-0.20129645215699898	-0.5437741166823761	0.2829122664647736	-0.8874030173150241	0.8025826722592702	2.6352123951508113
-0.09578611159610385	0.23176435712235074	-0.7765202049795241	0.31515435921116475	-0.08165857424961663	-0.00621850094828591	0.12314752660588996	0.5699861351083028	-1.1041704447545637	0.14711023487416783	0.09754829089251185	0.3147514578342047	0.9806734120785389	-0.30636200635833866
-2.111450504143713	-1.10633020655618	-0.010796063311841797	0.6928707036254566	-0.0011798875653772356	-0.6520178948173667	-2.25878938390989	-0.38980742179587397	1.300312524580833	2.2609786600297075	1.450450756239344	-0.05357106958883299	-0.3107471104429366	-0.8102963313900684
-0.7332772895014011	-0.27486511237189853	0.7414274125859253	0.4237848486927434	0.2992356773184533	-0.7381738296310195	-0.7522601160905417	-0.005250544032428474	1.7648337683577027	0.8021960174696795	0.9540407993363963	-0.9719326198495081	0.35436453859473116	-0.3425876936713877
0.6552830512667736	1.3528108610832703	1.194440538631397	-0.3774567475539228	0.9405454874926782	0.6006074014216217	-0.19183917461927083	0.9945452006032998	0.7181359446819102	-2.2227817937614325	0.3074336366055141	-0.6042686131257832	-0.03607476671151217	0.7632986940635929
-0.12542182716919137	-1.422292758907559	-0.05239779735128758	-0.872631685438626	-0.8547205160789252	-2.154652203856735	1.2494873482257052	-0.9714860721288281	1.378559168015465	-0.5009434504454311	-0.00515100401443791	-2.201511627575236	0.7221240359539628	-0.9838259228210546
0.8124368908275327	0.9590639324291585	0.48473586662642154	1.3357245705796543	1.1966269436840922	1.1187938506578876	-0.2657955417107497	-0.040348021312942066	-0.7526948528683908	0.22728548195364814	0.35852044537041466	0.04111049218268799	0.37590259610829396	0.908092225995265
1.967885035453032	3.030642778443552	2.567963763160963	1.8761062912789002	1.8145892880388241	4.165498845072179	-1.2299154557016891	0.498706532198556	-0.19206569774367604	-1.831383459064137	-1.516583435701729	2.3121333244135487	0.5944542927227282	2.6125280005798728
0.45212469720905035	0.16707436066410156	-0.28746871885753134	0.1300660755342653	-0.09793691459813161	-0.9908824300731793	1.0168502081426791	0.6331424116524135	-0.17833514078096266	0.23493685703655232	0.19129920639591796	-1.6739976063123445	-0.14165197708100583	-0.18448069091114533
0.3479052082491535	-1.1244633253912983	-0.3044732128002055	0.01609240146058566	0.1743903086905007	-0.7120335355077103	1.2696617015473437	-1.1028097209747054	0.21660219938950961	0.4622499537318812	1.061835631928027	-0.7880800391796307	-0.12587123425095922	-0.43760324595628325
1.1483777928617367	-0.37879929583906047	-0.5129653188622063	1.0009837906122123	0.69987857567856	0.629784529685445	1.4083065819899327	-1.0334438560695276	-1.3194443460920873	0.9287545400048929	0.7641202306066952	0.264787036787385	-0.1611893487889455	0.2735048875604451
-0.3356467509895677	-0.7422060296679356	1.876269493832984	0.7851613911549232	0.31151536382522355	0.20289760966277645	-1.3328061830421365	-0.6914356741534577	0.428408798109049	0.944329141638764	0.33277123821018456	0.29256784076443215	-2.6595639257209336	0.20456815996832578
0.32934595564471136	0.8540680676920931	0.11058434464577427	0.9651657154328713	1.3764286135503379	0.9044757403164081	-0.6995809456606424	0.14030074244536994	-1.0157627696201637	-0.06366560183097866	1.018956254289233	0.11226619134332728	0.5277834656766655	0.6643309290895381
1.124141220750724	-0.7017749575471621	0.30234997581339207	0.8080893945857135	-0.7826748431628786	0.6540981609334333	1.355383295615053	-1.484252600345748	0.044409304299500886	0.682786820319428	-1.621025516795467	0.35076879255685306	-0.32742912256399626	0.25426242717308584
0.32180019298839563	1.1226987414653478	0.45967044352386	1.403537577438298	0.6396200790396138	0.6686965149067549	-0.13970609399528572	1.513509025129903	0.13820966439667187	1.608714974834669	0.70022555142997	0.2925810992595116	-0.529930382352251	0.32057940285785624
0.01349653219330249	-1.1228706531616834	1.4194887066549526	0.6890945002050516	0.016109008366841315	0.8486888538898854	-0.8065935570875832	-2.1592683477689456	1.4566682101709754	0.4142836069347932	-0.3070507764912796	0.6158586253592904	-0.9539556820149013	0.3634814919026642
0.6868276634941461	0.2251034133663074	0.1690794153891554	0.0016927006457838623	-0.5883088583091476	0.06616154818025094	0.5788734851426003	-0.19576948225355753	-0.23881673352637814	-0.9075487014732682	-1.5511036071814317	-0.7265239462762355	0.1853227622901493	0.30550055026041206
-2.220568550592308	-1.1146999380810871	-1.3942331462308062	-1.5648119217141236	-0.31745064985654425	-0.3260393901178493	-1.8379873754301317	-0.0314962509078417	-0.4147175776035367	-1.1748128426845683	1.3060986385060172	1.179409550278862	0.5446983147164368	-1.2047418504796694
0.08341178010989658	-0.9630033571683624	-1.6669799948700454	-0.7272563366562873	-0.2398145074229443	-0.8218289300693256	1.8697627935168157	0.020493756765609654	-1.1587980029087797	-0.16962373244695722	1.2814045908935239	0.419897031617099	1.0176795249135826	-1.1788355162104447
0.5049998961107458	-0.1106444401478035	2.1274739077864266	1.3168185283937717	0.8185225904678797	1.0839131549097274	-0.8519562908826206	-1.885269588222919	1.902710033144279	0.15155038548471755	-0.33604217839919553	-0.1450304369704492	0.223137442817636	0.9758898242224204
-0.7165291424499444	-1.2640195583353924	-0.15365913608432594	-1.6692425265628548	-1.2610486759956423	-0.772543301213837	-0.02792045404560194	-1.190089703415857	0.20898689869113618	-3.2270928563660433	-0.9231887977069194	0.2828330411901517	1.7667171369071915	-0.9033091636673164
-0.8006522018946093	0.5534213577550859	0.30230019162345284	-1.1359742083779627	-0.4608700148223699	0.2772137975730362	-1.3271032419154807	1.4093242958635994	0.4818485314485614	-1.8289112407419283	-0.3121743361013682	0.447094247454102	-0.8329746668961673	-0.12557828638384017
2.300814097886109	2.1809998436445666	1.2166042426643604	3.2602858408796624	1.203148418831114	3.040056614146579	0.20835934298572595	-0.26907323622501317	-2.4434631230017954	-0.05960341559659606	-1.5823132556895352	1.9017408247830958	1.8968506202988618	1.963073661319802
-1.773984126445973	-1.6578724146950417	0.6790789962211614	-0.20600943977602215	-1.499127830767007	-1.5737858640757891	-1.5568856345185027	-0.15727954444658682	1.025872397338991	1.4335441349258016	-0.46508490114536327	-0.5708786083904341	-2.3957384600865255	-1.0843569960097845
1.1148491587891503	1.1826782692006337	1.9430832064356092	1.8928660076517096	0.06314758683934418	1.3336145664277474	0.11098492278693652	0.9707295817386979	1.14944944030922	1.6117466672301333	-1.0265410611233703	0.6991071001250421	-1.3750640283636484	0.8752533258301446
1.1108258937570126	1.1346383801316753	0.9822115543495771	2.190734606061601	0.2619977112748513	0.4230453580909761	0.8002517900184214	0.8110512431563183	0.6401478568624198	2.19333740793452	-0.6374257317696027	-0.512549076615277	0.47599937560801175	0.5528077591162819
-0.985398504694432	-0.8782306101488165	-1.027686189745037	-0.8985285827455067	-1.7162082585306333	-1.3663072007225607	0.5384064264909101	0.6414020481888422	0.4387741902955743	0.11868684152272306	-0.7242580162703127	-0.11885878320269927	0.8325743160538736	-1.4295867022728965
0.31814910494713644	0.8017814794279875	0.7074380573227902	0.631338586388661	0.29145573083512044	0.5186334277231324	-0.2237332927138703	0.509664495196255	0.40312505145506866	-0.25491565295252083	-0.3120071736622188	0.07958126944573989	0.8128917076203404	0.33340444078616643
0.09931464037970239	0.13805975933944503	0.04419602421119462	-0.35700759752216865	-0.9260432659069662	-1.350882446743488	1.1892433430164693	1.2360064323822384	1.1566864699532142	0.052614014367545585	-0.5348485604587244	-1.43596478645826	0.36346717740477064	-0.6762375355708521
0.8312270483588331	0.05040887625641821	-0.14084762903154868	0.240172262186631	1.0892270920240383	0.5865689412515589	0.27477428564393536	-1.03381611927545	-1.2948329170717479	-1.0598114935187493	0.6981615518568715	-0.39099068737118237	0.22292985193446313	0.6261125774347956
0.5527346724056117	0.9512479112575642	1.2255934546824543	0.894091823647833	1.43391131512439	0.10886016661589426	-0.3949311591860157	0.2615265949987019	0.7780010622416101	-0.17669576135920456	1.0666495096653714	-1.3898891179096553	0.23110538236006753	0.7481108777863297
-1.1475682240602314	-2.1208221231304742	-0.4767218216702773	-1.943884562796586	-0.7424405307196025	-0.9551984126088562	-0.2109893610781048	-1.5763679386655571	0.965187452229243	-1.6404525336371516	0.7168637519740976	-0.07796412730101966	-0.419693065439	-1.09106274684334
-0.8815182745624891	-1.3137753326511503	-0.20066853268702445	-1.4068418539236758	-1.7469505024798275	-1.4580775389298304	-0.2268494961848633	0.12187190807707164	-0.16169013796538956	-0.7687706919578562	-1.0033195165551507	-0.6495518143718074	-2.0819024261090915	-0.9705179922755751
-0.8442642532162556	-1.2526353791346343	-0.7309872865493199	-1.1528466358364682	-0.49076667654885686	-0.29982271931426063	0.7211001200639431	0.176137079563468	0.9592008315428121	0.002035748832140789	1.4453790005181109	1.367232490518158	-0.21347684404508804	-1.3156222580636974
0.7882283314885943	0.533097607772359	0.8805807921734281	0.3926427985468433	0.31433446120917036	0.3509769240136211	0.5476172409479799	0.5746183612885477	0.6909331711508986	-0.07228003284259522	0.18443689894185092	-0.2258900530023483	-0.7800279264212528	0.344332176283481
1.9761549880864484	1.956662255049784	1.2267445204981162	2.972681904519134	1.6708018971353147	1.5327890029428426	0.017204474819353742	-0.16517024176232678	-1.4954865155135995	0.7654318160879651	-0.5368723337170906	-0.547704631189651	1.2689994463557677	1.8019645108360267
-0.09150885799419907	-0.36263444282822443	0.9451855644910158	0.3689040476108463	-0.45294117964957836	-0.3108052261935639	0.0930619507165702	0.3870122316340025	1.4803847825111465	1.0640710910071685	0.10560731721754035	-0.04977692071241685	-1.3732277982041503	-0.3201962221677958
0.06315727627569895	-0.28179889919523554	0.7280645740829048	-0.6088713978287793	-1.0518938208746351	0.11107870214194708	-0.4643811330451258	0.017936256707361962	-0.39157322362054875	-1.2548719944266533	-1.6555228415994898	0.14290150966212584	-2.054964932709338	0.11843233332221492
0.07351144523985001	0.19460348174090336	1.1814601635257773	2.6216826634119474	0.10616266165368257	-0.5659986844202485	0.016186203535348456	-0.18448145065661903	0.28372435532110385	0.8351642636174934	0.26873924923320497	-0.38194683117021194	2.4441363097764524	-0.1835349098204157
-0.6661255039853744	-0.2888262837136114	1.2904226303773578	1.0388613708688332	-0.8299856659728189	-1.0606969568691096	-0.4445542628187599	0.08695255881067415	2.7287282409435445	1.7437736515241933	-0.7666056147557411	-1.0645870668147095	0.9700186422433011	-0.5350015474486761
0.7383219036666433	0.058159286201485694	0.5268917420334506	-1.328712951957504	-0.1315512982159282	-0.013246133463908405	1.9010444800954263	1.027433626349618	1.6064862366136232	-1.6436649061593793	0.7070088042669657	0.4629852843074758	-0.4254752554054641	-0.4732058385271923
-1.3236781719460018	-1.9518978030581258	-1.8571694076145029	-1.3790987041668175	-0.12381271961219675	-1.8768925040736402	0.16882990891595664	-0.6564874196140811	-0.6610348882294653	-0.05424546330257002	2.387774480449317	-0.9631530094405787	-0.358652655655515	-1.4862748201585743
1.0493214331183431	0.21869117567642749	1.5701338743985662	1.3094833990121066	0.06392297620960163	1.1259904851682978	0.3200853443280727	-0.9338096140214398	1.2362565959406204	0.5442954302202161	-1.1922341763235889	0.18367081545484598	-0.20499281111548467	0.8199755063123882
1.886403746832285	3.1331178080935365	1.988233072467845	3.034714668095348	2.4284265612760785	1.6378306129361806	-0.2915826842388582	1.6446650508278289	-0.35498612687813724	0.7548763817125793	0.5647446038683044	-0.5526177671467997	1.2242443337641251	1.9014699108440143
0.36987712808942563	-2.012610485933318	-1.298123895105831	-1.5589029092836948	-0.46568574354798353	-1.1096101441628758	2.2331170428487432	-0.8199122536573372	-1.2242069920679124	-0.7033261212642812	1.5053272725466316	0.16120154806763784	-1.7439512404170374	-1.1718728856555083
-0.0633422236077581	0.38961014922267795	-0.38596685566626365	0.29373817167972205	0.1503888973208858	0.5496210396611888	-1.0711894305744998	0.07114805944174937	-1.5844796373563188	-0.48046419191042655	-0.3429831229773974	-0.14512936668952833	-0.6571508397566397	0.4783514815089563
1.2038234901933984	0.13073714407311765	0.171950152418478	0.2814298019064684	1.2045612883053098	1.4847265327212906	0.36384636209255167	-0.9783990786282687	-1.3627758817644304	-1.137987957106399	0.7868232140854547	0.7824277463827741	-0.7685406777613741	0.8714847268023537
0.19026962481208443	-0.33395676893944765	-0.46056667357070463	-1.3220006229652668	-1.1193068432160787	0.1303612802230441	1.3248321700357044	0.4474992063142191	0.28008487259365417	-1.5367795747773974	-0.8612119244456379	0.9435981989725117	0.1547559153216237	-0.6334074757923038
0.7446821932515104	1.3213956293960878	1.432219343428673	0.03947334486051357	1.2188752830065095	0.7001316805694193	-0.4688037434434838	1.2977222980915464	0.23269493654415138	-1.4131398128191863	0.9594152795760534	-0.2612965164982975	-1.4998001537166434	0.8427222812844887
1.948594736598194	0.4530269062084875	0.5660474622002264	-0.8014561848918629	-0.020224005029991443	1.0104525240419246	2.0095106364799555	-0.4231839632280316	-0.26825173639699207	-2.8486869265653385	-1.2119785363536344	0.14330878259874433	-0.09186662303729888	0.7253106087527662
-0.5215950310449354	-1.2218989041895996	-1.2599801639649135	-0.5221989216586334	-1.4706093580137052	-1.1412702477328796	0.9786887425957809	-0.18876013198735236	-0.23905247556524153	0.6437859317242592	-0.6032736618663659	-0.3736860689905854	0.0412291074434878	-1.1168886464858858
-2.4004015348407868	-2.4531437387776927	-2.0649517967273114	-2.35274992802478	-2.980029541807088	-2.56349609157183	0.0748378490378348	0.23019338473291245	0.6928499614066486	0.04117025457192643	-0.6513751276652462	-0.3932841781936103	-0.3960970819228788	-2.512040353232864
-1.7179215606458893	-0.7776016082734732	-1.6524605956730862	-1.3381735495575802	-1.7340519836079458	-1.578006458248601	-0.8606087356402973	1.0165356737449012	-0.7014004700748936	-0.2885374059966676	-0.585021522336872	-0.7791773341900294	-0.5146494441240872	-1.2845931236955965
-0.3120160704364562	-0.47601921121407986	-1.7202932866176979	-1.3065174157406085	-1.471010561371522	-1.4956612905275044	1.4924237351592105	1.0035988436222596	-1.3925418734201893	-1.502468255365802	-0.4534781830038414	-0.15060482419859925	1.6032006952994804	-1.3988186564473317
2.2286334407507113	2.5631683613417624	1.6638337789888142	2.6846123654171197	1.8102859973533956	1.9960791291103104	0.9385665814794173	1.3391047980970494	-0.2935433719475603	0.7454749424937477	0.19816862337629912	0.7427161095963297	1.3070140013463758	1.4983026822142576
-1.2856471570047958	-1.4577819064832016	-1.6102800798936583	-1.6460527926420099	-1.4633469800062509	-1.869579767721251	0.2347401110167663	-0.06493552818377026	-0.24868946559660726	-0.7290365592031174	-0.07267081059280062	-0.9683720269279936	0.3030966095105814	-1.4794399114750558
1.2146997482025768	1.395448918536165	2.4566221664662713	0.8431437652505916	1.5936563153222214	2.0869848602655043	-0.2714102381557149	0.07893499585387338	1.8206881945653757	-1.1758210373089848	0.40925724120941914	0.8741035481827057	-0.07498403761845696	1.3630847285475325
0.2941903778233671	-0.02553326319075211	-1.225924166215974	0.1569647890227608	-0.330120640431079	-1.2218047827882668	1.8818974697830593	1.4110649152102266	-0.6243375238020913	1.3804315698696419	0.9033713877615218	-0.9462756568886861	-0.09519139939253411	-0.8531339324383812
-0.03382649169432944	-0.997886003244446	-0.5263201723817161	0.8336256609305215	0.8140436425420081	0.1587859060241016	-0.7382620045728484	-2.3510180231281423	-1.511393457818759	0.3609043549986969	0.6693199786216584	-0.6825555834648347	0.20174598345454176	0.372375613941531
0.07488015250296703	-0.9973410361402258	-0.7140179176906607	-0.5309761630488596	0.347292597935676	-0.27941162890245297	0.7351171539040914	-1.2321379436855957	-0.9633738625883602	-1.3684898533057581	1.1548449027035632	0.3926662502791948	1.4275361712386851	-0.5435655041766055
-1.2614681400165102	-0.7382094503513696	0.20040894004358834	-0.49143504089355206	0.14623923520510357	0.004762923488513343	-1.5957662382162108	-0.49111982822276556	0.899950928687749	-0.4341793212280643	0.9799955571485616	0.31148629706193665	-0.3774278780864251	-0.36805197780042526
0.11955512174856181	0.5457895441254632	0.10863897581683091	0.7451917998107771	-0.13788088747588995	0.7503122627787873	-0.4852973488989253	0.9294572957348575	-0.7792977705080286	0.7409546584052357	-0.31880186219803763	0.7480051400602685	-1.286200536665885	0.24535527401772586
0.35966740995696056	0.6629249320187655	-0.10308371805233701	1.1732401231516612	0.3134954136818888	-0.28954890900045827	0.601844892825143	1.0033965202047186	-0.2764939323863037	1.2756573861069478	0.4753311789441095	-0.4249650382172275	1.0095371501839234	-0.14102041014085032
-1.7900890989038207	-0.45480410475410055	-1.418263607544855	-0.3888698884714099	-0.4457976815628933	-1.0756858504062246	-1.4159020990684723	0.8087316726495473	-0.774552131243152	0.5843851541270656	0.8237637513879851	-0.5342776084043478	0.07273673487611157	-0.9545904553190512
-0.6234181913039725	-0.4533824196180195	-1.8334023704852962	0.7439624380163186	-0.6626649570187264	-0.5514493360952505	-0.4120823984179445	-0.14450326502591196	-2.3696899088040673	1.496029861723757	-0.4911281649560597	-0.5086718306484338	0.3404375451489865	-0.43476796963226966
2.1195679192808172	1.7563475177749217	2.9108309977502405	2.586943549684969	3.3927309982589993	1.6225774663763113	0.1730580249696685	-0.4642756333327168	1.5431912813841266	0.5362569052418262	2.2700561897945497	-0.8110715563799894	0.5040811427397105	1.93409666922661
0.5108988530289423	1.1180737066966766	-0.0011387394695580033	-0.052531872668981294	0.6966802201963982	0.9985428898640886	-0.3501618921436913	1.034049440339904	-1.1727552906562682	-1.3043148243584937	0.3181806064588645	0.3556435643239684	-0.6288719866120086	0.623418439815136
-0.2598450868638036	-0.036092177597149666	-1.9258761160714228	-0.18980998750390973	-0.41181816470364807	-0.3918867272420555	0.5566080373776457	0.9014868761472553	-2.1651590862465	0.269006653176933	0.28091273927793503	0.16704913925670078	0.4680908350171806	-0.6706024702889389
-1.1529092421126403	-0.9855242395975693	-2.1509666504455183	-0.9308323079744651	-1.6052895845817532	-2.033954755905093	0.2497317510709744	0.5084501009495592	-1.3546346793686126	0.2372346129046832	-0.5212150338978455	-1.4171162682492144	0.3902626466750164	-1.3686468295023082
-1.97169151787868	-2.570784316623925	-1.5623524969889853	-1.9359080916316231	-2.64576110880569	-2.9253720234274567	0.3899418605460476	-0.02696877073697312	0.952199849880831	0.5678595161265523	-0.21022579633543104	-1.1330996509938132	-1.034487939451231	-2.3477054662914947
-0.6549861296652064	-1.670086667684238	-0.673479800209869	0.46978904092825746	-0.40264927486664137	0.19499826704778586	-0.676987018574436	-2.1025368777310693	-0.6505890109438031	1.1029811605474258	0.005279542550999022	0.5583427653182415	-0.4365846128407441	-0.32124761847744765
-2.8552871130033832	-2.5364612326009723	-2.294808330888441	-1.3723250933412383	-2.107017444699563	-2.1568759090700045	-1.0774469031327383	-0.4227473201090849	-0.0968673950011153	1.1783030531186285	0.2925919977391825	-0.18165586644998558	-0.1932710387999401	-2.2441586327755334
-3.1160488702109914	-1.3729102414117107	-1.4690747341088892	-1.3238647892598863	-2.0241625083062824	-1.0434012681889078	-1.9048960595894717	0.9990202858341153	0.8664456485876054	0.7459915883518187	-0.08635766767685144	1.2467499757630593	0.09146426318663688	-1.9906152655495073
-1.2378248313387192	-0.174267392509716	-0.41100151695167164	-1.126856818615178	-1.069668306392466	-1.0105308296624964	-1.101367767084459	1.1807773160994153	0.22426446852287193	-0.8406899001254213	-0.34936787500044386	-0.7195662297512152	-0.8913547069384756	-0.70446284078167
0.520911791747236	0.20711405887847395	0.634705627829857	1.02371009178792	0.2582371570926508	0.7680626319069545	-0.36749305275698857	-0.3743315515495718	-0.23573445526004097	0.5502791486473347	-0.3285670902011193	0.053068016861175876	-0.9043384762543262	0.6125806850590823
-0.23506745777974306	-0.6811850451147792	1.1466116766066985	0.029576621170185363	0.6611553706786791	-0.7432939903888152	-0.5106644428283577	-0.12752575522352788	0.5489564676101802	0.2829985345240108	1.6390492647640966	-0.7690433004353721	-2.2128466488370226	-0.16210026221325788
0.824039052645608	0.040053136404886835	0.7513836089992026	0.9092758877994604	0.7919930836882926	1.1021712129859143	-0.7032617553049142	-2.0991544157508892	-0.8891133006729085	-1.180290561061647	-0.8044348631571935	-0.22413909107847677	0.9201535644709414	1.115515072961232
-2.675394359081676	-1.227978915974918	-1.9980942075275705	-1.7084635343313515	-1.242595676983722	-1.445658616231903	-1.4306329163317208	0.9807000935146285	-0.27814432493719293	-0.15455133387797113	0.9563678270812609	0.3124901189598388	0.08052795374160908	-1.832504562832017
0.579522099319378	0.7340573987117645	-0.4437383835192896	0.6295608115843355	0.3107547049263755	1.2676689028281065	-0.17460584187495676	0.21319488470487108	-1.8319461902341163	-0.30082310339019624	-0.49278434874829036	0.7079697891537051	-0.20458804535820177	0.6470580769604821
-2.427463343322966	-2.5541056778573292	-1.5570930069627194	-2.7643340005319903	-3.488025143684378	-2.792931414546201	0.02035767109293415	0.6592874608614456	0.9398737463906435	-0.2906672613108173	-1.0960247285274176	-0.26235510087168207	-1.5960211110304823	-2.6304739321681003
0.9168085564019333	0.3339055370867394	0.1517386966715642	0.4999703702306054	-0.007887163524744195	-0.15794516010472615	1.1391487927820558	0.134702866078954	-0.08562943568550818	0.02576733991161485	-0.4275598802122163	-0.8045951286131738	0.5127555171400645	0.1505327140113541
-0.4284893027912656	1.3638384867332287	1.693340477174377	2.0016820192177778	0.7339628923450404	0.2035341122031924	-1.644427873504231	1.171160477493535	1.5435299789224521	1.365883280602638	0.2550045131228678	-0.363645091020882	1.3834033325265362	0.3844615337318004
0.24793287970031685	0.7539095666676605	0.6372005089608933	1.9626237589352993	-0.37668923415335676	1.3718572871476429	-0.39755808454760816	0.4079316807695474	0.29575288777774733	2.0268847658078317	-1.4670628794089553	1.3393870698751973	0.554690862505209	0.3982123857048903
-0.15592277337415889	0.7386380522998813	-0.4303931419396039	2.2782018107157884	0.4425195869690137	-0.5356337892027941	-0.3788201824353144	0.9527772921667802	-1.1360035596346605	2.7115863354225387	0.5761560660659074	-0.8142200001357017	1.319259778218665	-0.09688027864391988
-1.859220543485726	-2.5864781423297316	-2.1697168286310426	-2.9017316207183304	-2.0140688506481625	-2.0789116325527655	0.4223529979567768	-0.46467990886515137	-0.0487116522499287	-1.3646395687031208	0.48061587795571453	-0.08497262750188651	-0.5420661200940077	-2.1992569729918396
-3.9002886112065562	-3.1477982025609044	-2.3211650581685075	-2.1092043898792117	-2.5200974167607697	-3.132582332897464	-1.3734024491499675	-0.15016981241803695	1.3108758463917216	1.1990642703692083	0.9026398272893112	-0.25331064821568167	0.4946385139458397	-3.15662401789925
1.121033137895986	1.7961757917859336	1.49877601202893	2.027278615411268	1.1897309940820329	1.6427674463535407	-0.5596657231976071	0.9448882526700558	0.0978180321556659	0.9406433585983124	-0.0802549855820975	0.2082382925366988	-0.6420209116991475	1.3576470225237296
0.8176386882760716	0.4622310521755887	0.020370277139321935	0.247462942140656	0.8815678745675849	0.4648728579564704	-0.11122908561372095	0.11870047354211344	-1.9163986494819139	-0.8230379639661317	0.6386716208675047	-0.4004929863515543	-1.5361712830434349	0.6982450246590076
-0.6291623343480954	-1.4118553237413862	-0.5567909660640256	0.02370484303753595	-1.304452025002232	-1.616400000561815	0.8386702009589931	-0.586609916463429	0.7985206236478486	1.1657437931803978	-0.3364998875966022	-0.7068634900027673	1.1082188488142828	-1.2815331436261854
0.6218400489488547	0.3706277970719567	1.3585879216334829	1.1233062085946088	1.8805136902918247	0.4708072865467693	-0.5794308787783291	-1.0012392787932556	0.6862499000302797	-0.08369351948068637	1.5154000529343228	-1.1164759216884954	0.14316238099518644	0.9427388881488727
0.320978775422207	1.0466404934803777	0.5934974400983614	1.0290828758049024	0.4575478721705028	-0.24127575926365463	-0.30351318767130936	1.0322706576116039	0.19786544281947607	0.663538627432738	0.050017838690097106	-1.507133913843496	-0.19821227249762796	0.466920553412941
-0.3219336480798125	-0.21222610038750328	0.5694874656287909	0.43384714032687133	0.10764196483870903	0.4736617273373316	-1.317991584350006	-1.0387879793493229	0.2067275742173183	-0.2988848163924851	-0.5058604508141453	-0.27512747764060397	-0.14963156433593036	0.4409730000892765
-1.6116573517171668	-1.8310573178985206	0.33575370884536504	0.3221531780417427	0.06742204801232765	1.1475663026275202	-2.2623458309417313	-1.938362014013327	0.7289984000723061	1.1368312179980566	1.1241590889676099	2.504143712752326	-1.2555551519284516	-0.41692907910483407
0.10908823447605329	0.4546762434764501	0.17320684449928345	1.2542648214724181	0.02218795756319089	-0.6787549943569211	0.5265134459169882	0.9322902584429891	0.2906876815231563	1.4038789241514402	0.3431270783026982	-0.5625854394515402	1.3760483638896115	-0.3799075843672657
-2.3134497785269654	-2.737225401319317	-0.5538268917717377	-1.1308741337561894	-1.6375574147620173	-1.3988844109529255	-0.7613391348540091	-1.4440567740539065	2.1826254198739274	0.8996524066773282	0.3887206816146481	0.44149916029764225	-0.035673376185894355	-1.8636566616497943
-0.577738789092109	-0.5968199861688503	0.556495717373388	1.0994882270603479	-0.2128266064948058	-0.1080721625003706	-1.1473015724315945	-0.8201315169212376	0.778934193221071	1.6234698810171622	-0.19217789365564228	-0.48127882525926546	-0.6042560333927389	0.016110130662439978
1.005389154368011	-0.08811072935316272	-0.05403509989321731	0.9629457640893988	0.13514457674661276	1.5701242961001882	1.2636005176875869	-0.7538244086041725	-0.9482170111644611	0.0019760747600223337	-0.21367978861913706	2.487504386647763	1.5017763996923628	0.06382863587086825
0.02068096480702386	2.1997053551848453	0.41195022273654347	1.6249768035702827	0.6958935462903877	0.17345731784826768	-1.3382360051351592	2.1508217303052968	-0.9230263346475728	0.46260363951155997	-0.25971420156526426	-0.9277292153228652	1.229909948293007	0.6632303273430658
-0.6287387281996862	0.371935865051563	0.770050925143439	0.8876277650688424	0.49243771793667246	-0.41119280889208	-1.5799281832629863	-0.09465675391944994	0.3581389087780654	-0.16126279650276235	0.2554759034590922	-0.9638444275156782	1.4392488021641732	0.14088015697039827
0.5849955235704273	0.10367957059763516	0.6632619663531307	0.4376606153116059	0.8873605296624755	0.6612621771956964	-0.3284366806349425	-0.6552479258653952	-0.22423799492980392	-0.5196386934292372	0.6207662944790082	-0.22710442250948493	-0.8247196631630045	0.6617722587494731
-0.40634863216926653	-1.128898952822211	-1.2081186075907522	-1.378980615843546	-0.4850834665683823	-1.1281816158911375	1.4724608655180789	0.20817686727082985	0.14248541391764624	-0.655479566218407	1.3018895570735427	0.20197113795397617	0.7257788435988741	-1.3989608419044839
-0.37204688233745986	0.07280902221678631	1.0840836112092629	0.13075462521626777	-0.5287628075246105	0.2051450335543299	-1.1887228748987335	0.4584175681051258	0.5881826887001778	-0.07733044995116288	-0.786929682150353	0.15520377618376036	-1.7174484398013017	0.14124816931397122
-1.1095358125344712	-0.9795155860050905	-1.146015279102755	0.346664119680528	-0.7950946866166362	-0.46182327885530206	-0.8919377246971474	0.009227091682088379	-1.199696143417816	1.708597562208325	0.21744292052721628	0.3503636186645797	-1.244784009501288	-0.7360950391140859
-1.086054692249331	-2.663977677724432	-1.1941449368647654	-1.5575102479295344	-1.5858131426063977	-2.1161740189765283	1.2376828717612551	-0.7012251654428865	0.8013072417527655	0.6287452241971283	0.9934755259011891	-0.31013050002274706	-1.2582850971077981	-1.991585559037141
-0.5751974776867201	-1.264992082564503	0.09563904773853582	-0.49714395003524514	-1.5725633265065382	-1.2648235027981558	0.9099690494343308	-0.2576124945732831	2.087339462465013	0.6636703324884365	-0.7675537369819492	-0.4471645840913021	0.36472331908157357	-1.1833692496368478
-1.9310365753372678	-1.6126867810298975	-1.4071193231715093	-0.3587124035683038	-1.9622836123276104	-2.0644896984167547	-0.6418323766196559	-0.2758316248192634	-0.08890869880937921	0.9813594730040407	-0.7345657889606451	-0.6539464508610516	1.346798979252035	-1.7165476019887465
0.014379358333860559	-0.7107961593892025	-0.768788841541429	-0.28003337528356226	0.16149271658178357	0.028110243832567328	-0.6847722550581701	-1.3841108691960824	-2.042244321205845	-1.0998899514061296	0.0319572709764617	-0.6591332463094942	-0.8908403737554337	0.29783843687953376
-2.254041894540548	-2.2725676106728336	-1.6896110107617528	-1.4927763456664018	-1.0825988245981972	-0.9040486285414572	-0.9231212522965129	-0.9697276308193433	0.07660778149025835	-0.02498369003578943	1.0157141431622194	1.1099740557588602	0.3394485670366058	-1.758620745588549
-0.8563494958092611	-1.1395270823839445	-0.047566725847223434	-0.8700711413292868	-0.7557259224286277	-0.62565037158184	0.6164330868695861	-0.054309502244821416	1.5014825216544176	-0.6238072427409622	0.7594365864524661	1.2925547774620854	1.5209925126982509	-1.4111398835767017
1.9182613609266255	3.078996992288613	2.557381692143186	1.2853769442041916	2.034910724574528	2.3717167804493062	0.35570554037836555	2.561297617500979	1.4776013048523513	-0.7900097588418258	0.8163066805235272	0.9332949712251012	-0.44499335300241405	1.6312170923885088
-0.45264264720671055	-0.6192589735106011	-0.4460406973284854	-2.1489836773374886	-0.8118700894140456	-0.7496436734677904	0.8773649284253426	0.5448845122307955	0.9051631400050894	-2.438489672216668	0.24151699284704548	0.29927580945993276	0.6877644737102772	-1.0837425755911338
0.4531435461387588	-0.7346699775476119	-0.6031163908259426	-0.045549988177051845	-0.07709514827156534	-0.7683802835367368	0.4272978852713618	-0.9223209074612029	-1.5083921052137235	-0.25876050988855054	0.09790809726310946	-1.4974794889564587	-1.1327833680148471	0.045279240532079254
0.27961429475275335	-0.24672526284583302	-1.4192441437494616	-1.4562321174625303	-0.6268472997215537	-1.7313241884706048	1.500838721017159	0.5571638346718006	-1.338127884656223	-1.9222087478369176	-0.05168503482702695	-1.899406410003399	0.7707041807322672	-0.7351643997953669
0.2264675698070811	-0.4141340910019936	-1.5316391592343168	0.4852318650947245	-0.6054705971812685	0.721530465916892	0.014693500089164053	-0.45142553893183135	-3.0572560480876403	0.5754643919341176	-0.8354197866935689	0.924446373340156	-1.0747908389071263	0.07167940013853048
-1.878685627260896	-3.102913599915115	-2.4785684219204596	-2.4269090324892666	-1.9684022226287574	-3.0174954605451028	1.5518782348958862	0.06155684645894717	0.463772161255761	0.7382425311667569	1.9038315230298273	-0.3079288576762887	-0.9714210633203664	-2.94556349512641
2.199991327992399	2.626906943303966	0.5660684670876974	2.0220828676238414	1.8027102881998067	1.920021943106708	1.4676247301649898	1.8728520316087367	-2.2549801371043188	-0.9882033906313396	0.8752325351852431	1.5167223242885963	2.0262057938095452	1.0979545655768148
-2.5547972446683227	-2.7862112015586833	-1.4695818102935083	-2.1756166667500616	-1.073383797005576	-1.223212797759192	-1.8049797397920815	-1.5938922586089033	-0.13272694070086496	-1.0461737134715596	1.1973930031593596	0.4945979983509663	-1.0651360971499448	-1.6168486269633526
-2.5714358062961455	-1.2450928214594923	-0.6176544540130946	-1.4211259632472053	-0.8205446535503776	-1.9778453959682638	-1.9303889383914388	0.41446263341649425	1.374917445146559	-0.2191976255431953	1.1215205944219944	-1.203122411377102	-0.21121543996302217	-1.4515273135167845
-1.5454228647057233	-0.6187738692249656	-1.0308184219038126	0.18978768552111813	-1.607351711861028	-0.6601369202478414	-1.4930486373149294	0.003802691764695647	-0.6055263693114477	0.934571246635556	-1.6299974751775317	-0.12273760205472559	0.6332832316317206	-0.7477121306101271
-0.17708023602723183	0.3157602038085651	0.20031808388912947	0.2928553395387314	-0.6063322791095982	0.009651514534881937	-0.3408187482776218	0.41233550406992886	0.2765531671362631	-0.094214608774446	-1.098613500980104	-0.07306486746356514	0.7830837529845524	-0.08825784923030268
0.545279323897288	1.7800179276883648	-0.16552761660630388	0.6919052295666248	-0.6961532113923852	0.3806659022922245	0.3852650885455406	2.2910505944370634	-1.0714663708063983	-0.2954734787006388	-1.7283563436047384	0.2904872676568721	1.2809117583037415	0.14920521936537848
-1.3066086634883713	-0.9007595990375066	-1.6764949527939987	-1.4697638785863638	-1.0259266323688616	-0.645747511745972	-0.1505351276284848	0.4214291873869822	-0.8758381405764817	-1.1071697248224501	0.2676695650915547	1.0076504258152021	1.0129573228914182	-1.3562085760479794
-0.5670411515234632	0.2346445981380324	-0.36469701346400196	-0.4578474348740513	-0.45872256052839366	-0.2862367305256941	-0.6891262820605647	1.4317826931474789	-0.7588801281247762	-0.28538355118754866	0.1220262675048465	0.04013272756326527	-1.4558324073924618	-0.3332585362719625
1.5471553032747096	0.6863102632815842	1.0579371125922723	1.399280909845636	2.468572562632112	1.0395599147312364	0.7642107588437719	-0.7030068610129161	-0.0003202645389871281	0.10048403370258477	2.2746465465229635	-0.23585217340686168	0.5086288545968577	1.0063886089699623
-1.2741582677218108	-0.8006914080369111	0.3782274649784676	-0.9083329773595038	-0.17140025983555507	-0.05052885540539648	-1.2962284804895519	-0.3386713848464445	1.5129484675422193	-0.8623720439162375	0.7090823405652935	0.5008462905807451	-0.26794193003826894	-0.5439001911213905
0.8835233771076907	-0.1295219728707827	0.8426048047463287	1.0666586876192048	0.4032804350504123	0.8903459853915033	0.18425128228029694	-1.5783884126484864	0.09029597643568735	-0.06969369830493774	-0.6604059120568339	0.16927495024092173	0.8233894259759211	0.6528331895231249
-3.259159442834987	-1.9493372723255882	-2.0150846941732277	-0.950615873996905	-1.5852365273988394	-1.1799377483875144	-2.6394413682515387	-0.12242689211103613	-0.5220214992461173	1.1652785680202125	0.4748882382807346	0.6910831386604904	-0.5583225936202275	-1.764216618334921
-0.7021864908057098	-1.4706640225042351	-0.8732874649255256	-1.2549109085842836	-1.13752372547794	-1.821871900652992	1.2022411075161825	-0.20579606323687807	0.7345998825772962	-0.511838607463219	0.4274843399561511	-0.5473208863689402	1.1447440968717943	-1.5761352039364673
-1.0779622959389425	-1.4400581587748356	-1.932082185053559	-0.5768308375567465	-1.827127652757135	-2.372394954006857	0.035942866226449044	0.13952521868836482	-1.6674377877709994	1.056030555153973	-0.6157614358311938	-1.9367672116956807	-1.2918618495811767	-1.2654009200716192
0.9346352558288251	0.7787198355097593	0.38667551258692845	0.4915549661123872	-0.28926672631610684	0.3278220867006672	0.48966005438751303	0.4141678699143752	-0.36645836439301466	-0.4109310743172772	-1.367226453331869	-0.7545410368979908	-0.29476857531486167	0.5891728286241066
-0.6169516290512342	-0.7651993422884362	-1.0061128230810663	0.2684503200160876	-0.91443713322239	-0.03569528653773679	-0.5044775038843479	-0.836637537382381	-1.2065344645595653	0.3692175137544685	-1.0472460503274796	0.4683515243083481	0.8938570522009259	-0.4419882302991928
0.4592424402105466	1.1578685274310117	1.191864109282112	1.1033720359983947	1.6634124992369568	1.3269539126334235	-1.1765315898999422	0.2188507808601583	0.1037826587744926	-0.22604676422738243	1.058520767358381	0.06554400782057727	-0.37474697799563644	1.101507454514044
0.8274317182773507	0.8212227365629193	0.6460537541535488	1.1207039416239584	0.6421701642287343	0.883014715788493	-0.24751588564687022	-0.07333741997035384	-0.49264820922715113	0.07928404757280268	-0.3731789894889323	-0.38762745488336336	-0.2950392793589127	0.9242330444169142
1.3865233132607604	0.4166350126741327	0.1835175647435947	1.3112272741268975	1.3814898888135605	0.8905472297180961	1.2844165813514266	-0.45072640783149803	-0.8743413411483233	0.40817975455211625	1.2262427443965984	0.5520968076162951	1.0960348650018603	0.46786388437265947
1.8519415409250395	1.5978902090714986	1.974208673643446	2.203491135084259	2.0209172177528263	1.2966097684047928	0.7345858088133701	0.33882698948819706	0.951466250015245	1.0145397364271356	1.0438679125335264	-0.5103200978968736	-0.04191746722041951	1.4029775088226641
0.08520409910153434	0.13731988589954125	0.9995910405330002	-1.0444251442245889	0.07808702492403596	0.9235511256314541	0.37985773095899	1.1939895831444725	1.5930566532863784	-1.3080993544007216	0.9745913480161575	1.9815102783948162	-1.334163177784784	-0.3122412284301855
1.0032035955626903	2.8226699173183896	1.3639282365795173	1.2700078372334485	2.337376535706398	2.9059076073008105	-1.1424081153475054	1.8800868152977523	-0.4862850266665555	-1.0537878490252892	1.072290257996965	1.785289295807795	0.26461282490635907	1.641695263158466
-0.49377632503482816	-0.922846663926283	-0.8760108943600614	-1.2589131408152752	-1.6918980007891413	-1.196744388037096	1.1343573128545585	1.0527369473763966	0.3178314347866309	0.0060685185103473505	-0.30609574854701127	0.07704911867562608	-1.1397851644652737	-1.3265317994590662
-2.5995012897543317	-2.970860709315529	-2.8444337393843573	-3.4561499571269905	-3.789728749689986	-2.6785114426041856	0.4505186647451815	0.06540875730672933	0.10152990552293617	-1.0979894953982414	-1.302389333718602	0.1165109181513217	-0.37964277124707746	-2.934177409450151
-1.068631248073189	-0.8303853463767323	0.09423218055516158	1.168522161577677	0.6688974145530409	1.1903818159602828	-2.2101590718328823	-1.2006106005413857	-0.4263181790643889	1.6539586558099388	1.2291527930387323	1.649581054425946	-1.0969378103822576	0.10936857602455052
-0.768181690504793	-0.6101397514880801	-0.8796110201223329	-0.033444155970601804	-0.5664084516068412	-0.3578957940375659	-0.7921435350218228	-0.5887260214302977	-0.9714522637030715	-0.07429931798276956	-0.4951822451359415	-0.1759096117313336	0.7254382036103395	-0.40199177935196934
-0.058286542206378744	-0.054264408494686	0.040231348348798185	-0.46241790607695965	0.6673714136241395	1.2342933572200225	-0.6199257420074769	-0.30341303373791906	-0.40559253927324	-1.3544225873684286	0.8918506533514435	1.3825197172583703	-0.5144048998419634	0.2306643917164581
1.297133075903237	1.147597215830654	1.6460339553100458	2.026615599476817	1.332881276451851	0.8136550749067033	0.3087143687231587	-0.023623241152850357	0.8419766298712541	0.9304988916302065	0.32176046039547984	-0.4984806986865117	0.8812926491877936	0.9855126306848054
1.887045180093089	1.245776873960011	1.7274814404337517	1.4708941216925473	0.4334721966538335	1.6285267573253623	1.4712114681212742	0.3565734581039544	1.237948018036272	0.3187938679980324	-0.9842796099828107	0.929861917280427	0.6199964689970106	0.9078335052982361
-0.35515860173172664	-0.5660797100638694	-0.15496616537057384	-0.5084289143519565	-0.40706380893129246	-0.33171230439682686	-0.04136208285562265	-0.4025511342645373	0.34682822905772986	-0.6521450200744544	-0.13654749825089568	-0.24725326178758109	0.2603551930467171	-0.37662006811449045
2.0537451976056724	1.8865385379684074	1.3923204034197452	1.6936352077100205	0.09397312165086724	2.377942147240018	0.8761644992117171	1.1753922448592007	-0.34232316187431844	0.39217061900860534	-1.869317091991488	1.4795969797493	-1.0271069207679089	1.386724575206469
0.5219107855797123	0.22922311591161287	0.7177019933674257	1.0472176300382667	0.04975164171348223	1.2132440513914724	-0.4028013183064904	-0.6735417343874516	-0.017272601357010683	0.33815679364956747	-0.9750411958635277	0.5365623189531147	-0.350639164503811	0.703475989444846
-0.9345601739472201	-0.393658400932666	-0.13366549252236518	0.2782004052544797	-0.5434869919924429	0.783860700059314	-1.2504394918300397	-0.4352337057193536	0.027667547835251945	0.16389699058423818	-0.6458582829959365	1.6210300516010219	0.9015728842784178	-0.3128327543567374
0.33886757471056006	0.5195365731869597	0.9117799776341744	1.2706688299740514	0.843984953149813	0.693597734115847	-0.5792625998411666	-0.3382769512374752	0.3817002785977515	0.46651326318755454	0.22321472366015455	-0.05519702747415275	0.7264626519547834	0.5772102135384881
-0.33500373258736815	-0.7302377416935885	0.13261286820925366	-1.942792413647566	-0.39443702096009314	-0.84979375800048	1.1253914412064105	1.510431386561051	0.9074265499230523	-1.2293559392124542	1.6948600207154492	0.7824360768287983	-2.0245331369241732	-1.2315899462453843
0.3013739090900127	1.2614693640891852	0.6300921859735233	0.9558265698302337	0.7098634445790765	0.6230818429312968	-1.0340534740969067	0.5257303670842332	-0.44515911277261444	-0.384654989377437	-0.3831684189217738	-0.6257760059122017	0.5760430732692561	0.830822529184794
0.10793853800079171	-0.0017599263268394726	0.48429913528608937	0.15916068434355274	0.5087366100261478	-0.534059539519623	0.23072839540708812	0.0006151458360267316	0.888317379646439	-0.14737776067608177	0.8651319712284447	-0.9453077065015605	0.6311053264875531	-0.12835007912596613
0.06205054891671041	-0.3982092426678423	0.0466943312898373	-0.4702698364984971	-0.1920731726169035	-0.24536319191829586	0.577184980203708	0.039949907961274	0.6108823478954761	-0.43401521839748497	0.38065231153597584	-0.1400031986790638	-0.3727660339322284	-0.347625980658161
-1.048106681910242	-1.042322171055172	-1.685842524469665	-2.1659965576094007	-0.5758491475933699	-1.2961741832797158	-0.1182999222083706	0.9108422075323408	-2.111920120815393	-1.6650882504577755	1.3387743077310152	-0.03934842228228234	-1.9699565214737553	-1.1948361912798253
-0.5463351487208239	0.06848037690898623	0.93412446228369	-0.5504172440444292	-0.09948665513757265	-0.03441987867311223	-0.55058345526286	0.6645768759417839	1.9745811462480367	-0.7143035570111631	0.383061135426878	0.07343434802836694	-0.30511341806900727	-0.2692430650422826
0.0923873818465902	0.5546334811719574	0.9491299364482944	0.2711074198085551	-0.6272053532888499	0.9057592381473278	0.07024347177215168	0.78461172851187	1.5125067493894242	-0.1248284922581846	-1.1667620763438487	1.346547818133523	0.6969700833858329	-0.05552757261233115
0.6308537185479983	0.6545065322446744	1.213361016812743	1.5626928862687355	1.2620300259453803	1.2588462933488507	-1.3436263159166921	-0.7581368440409835	-0.4573077784226016	0.30715869011077074	0.20696923356673375	-0.26228605417183243	-0.9634839343105885	1.302085425531382
0.1145551364072363	0.25608007877233946	0.9407673509734922	0.8970310533851732	0.4107540204899357	0.5861614250551088	-0.6435441012406427	-0.493162811275035	0.6789169674081628	0.056928250017019955	-0.1969241396115294	0.1476787668709789	0.8964808002364936	0.37268160549006174
0.580142251330588	0.2565752529753113	0.20086274193700146	0.171706125563357	0.22191442253317456	-0.3634239667380867	0.7990671967618515	0.25173430801412855	0.21902201098012047	-0.2331261388929628	0.19469659489917188	-1.0269299118183572	0.23623052505933342	0.0582885631549675
-1.6472427451330578	-1.3397074886349238	-2.473684810102724	-1.3994678094515285	-1.8170094538599177	-1.1173282212988815	0.2815845428240128	0.7548936502543869	-1.0532206979638254	0.25669827933990624	-0.030656958768328853	1.03322900938867	0.5667565526044933	-1.9059949893084547
-0.32488338751332524	0.4027782539339989	0.35738443366771844	-0.006134015759532208	0.03075401208800499	0.654410726873254	-1.350142575354229	-0.14533435079886448	-0.1611079950151007	-1.17013661351703	-0.7646579383170979	0.02811670238689825	0.23476080358041568	0.4430267036972344
-0.87975553251358	-1.0716923825304159	-0.20219195265421885	-0.9754551699127291	-0.593130350096803	-1.1634103828616216	0.20981573137981585	-0.30101580198651673	0.9101805815999501	-1.1136299512386096	0.658503950688463	0.010421718838464517	1.4817907101931576	-1.1874410433771374
-0.01747872518611998	0.6619665479217163	1.2147419309056582	0.5317993139179937	-0.09304498056924898	0.02218796515951582	-0.7952274660774087	0.3311784065336749	1.3061974903394045	-0.2263810254171618	-0.9267173408105198	-0.9943521751927836	0.201973720114281	0.42286475997865514
-0.25379962223703123	0.14992831925747718	0.030571010780429675	-0.9113855772544017	-0.9204751307275161	-0.7178041126859257	0.8032538332835523	1.4419452479986727	1.32616217960833	-0.7151035125513924	-0.3341888055894194	-0.11835680994806289	0.5237205140287945	-0.8199829323474853
1.581099526096957	-0.2721658989007212	1.2727612535766317	1.1064219461030071	0.9399557987775753	0.6636642010468513	1.503179928396267	-1.660457406022696	0.9619861366753238	0.15045943706549306	0.3901728398342527	-0.050436876237788614	0.8275746240060519	0.5585936199116859
0.21035520699817428	0.1385286114883579	0.15827117556284007	0.35890018631491877	0.2653987678377086	0.3176127421735928	-0.2025319051812659	-0.07487308680451735	-0.2306130715171711	-0.06472323136178064	0.132962681165976	-0.2174211384848938	-0.4032899725505493	0.26411045808117817
0.8887130608358034	1.1955216560820903	1.0426028934596117	0.6808500451712861	0.6595280637645488	0.31595005637168194	-0.5960737538618389	-0.0904550649391544	-0.2925827874255521	-1.2884914500151277	-0.9833535902316536	-1.817614200541421	0.19703242030408638	1.2103882109847657
-0.4783510360052251	-0.36252103758549126	0.3236071795489005	0.0027540714279105094	-1.2051128274338936	-0.667555860445193	0.3852313823870187	0.8232603451750514	1.7806777372560705	1.07537716424311	-0.5845630126291601	-0.1253023100331562	-0.39910450417562787	-0.7766563438553965
1.6907678504927337	0.09071230986696044	0.48597517564465653	-0.2466761274417204	0.48253325969294253	0.7281072762095095	1.694918272209178	-0.7889592192835193	-0.2560775436558766	-1.6975510631006785	-0.13730520259623522	-0.14325167842498263	-0.29225583115907205	0.6225390076688865
0.09745538196719983	0.3815955222073074	0.7947983702853328	-0.31671241621869767	-0.6683322077950653	-0.9005390113010088	-0.3116076766527355	0.38395559569292137	0.9099208294312547	-1.1323629879915869	-1.36848083989712	-2.1847147271319516	-0.3591382538189806	0.2230498155553507
-0.2944557591695208	-0.3055237448125952	-0.17575482682241247	0.3687036000524619	-0.43997359475970205	0.7394553803363838	-0.5152195634510921	-0.030611863657056156	-0.3645313717541996	0.661774434544218	-0.29094909247676076	1.2054083474865127	-0.8786236303800772	-0.11143190054234603
-0.03168453936344351	-1.3775702107581878	-0.5407170722055048	-1.4718604914776363	-1.1649888853349506	-0.8011026278221864	1.6025132368099422	-0.6465195415483936	0.801558862645161	-1.1441338472009628	-0.29177411353532223	0.05421727528187776	0.199949203995805	-1.0296483266283125
1.1169770126289844	0.037501354075705096	1.1892289003097831	1.4883634198462432	0.14329264149659926	1.435037206884317	0.9040340774379811	-0.9757247337045613	0.9826626263292311	0.9388860016339918	-0.7647307991360743	1.4258231289275727	0.8653431962812692	0.44986755504218795
-0.8832484771405115	-0.04887275662348309	0.4287088468725788	0.09784198143572448	0.13627956700753996	0.44099294584689785	-2.030635847830435	-0.09759581147431451	0.07484316810734506	-0.29992658202625894	0.16458996907568788	0.20790258277818846	-0.9562249409810734	0.2009297184573203
0.048946838225193745	0.22898505162422594	0.8244340566715127	0.06125773998331524	-0.3647098397980332	0.15949288760570954	-0.14934284598328518	0.09037927939477028	1.1488034593362577	-0.6368020901859962	-0.8782403245190158	-0.03162389577250378	0.7279747473120037	0.029162534524963032
-0.5005515809383156	0.8658010292638898	0.2770697240425724	1.1885115347608959	0.2555644799439385	0.15299908740428791	-1.7755860346622767	0.4912195626297697	-0.4240389725702562	0.6822388977252812	-0.5247311247482922	-0.927320684174256	0.2717039652260894	0.5167284986408102
0.8768842252475088	1.3098114212318337	0.5774831749502032	1.2911100980287928	-0.30556681968499766	0.36814069041023867	0.5627640021732683	1.906109167411783	-0.10149627053631827	1.393763934494751	-0.8587214839048797	-0.18176555594651236	-1.1159130800993446	0.38932853680463286
-1.7538539198664465	-1.4965870331086655	-0.7310788732178101	-0.5353521224218365	-1.7274923914893832	-2.1213496994283014	-0.7693677900986547	0.059503240069420135	0.953817571614901	1.2658692562047318	-0.3424771263768193	-1.4677405173736866	-0.6809309060304226	-1.3961027959442331
-0.30859283493834144	-1.075765461523511	-1.413202512748811	-1.6403997216297286	-0.8113587628849567	-0.7338617586085252	0.6951649649204857	-0.22006695511808094	-1.1116265935989376	-1.5459442953876588	0.20808689950236312	-0.12712152466277507	-0.6124269231352101	-0.8212399038256205
1.085782260516719	0.29467531278946335	1.67647096255148	1.9029412783814281	1.0802571089213981	1.291913608245919	-0.3883939531524277	-1.3616124123849325	0.636594744447725	0.9390034879609351	-0.06291660043911881	-0.17156010244611594	-0.5790536494132772	1.2274534901030782
-1.0341824346066264	-0.4786013355720526	-0.2613160467408543	-0.2809399750436758	-0.972780386125657	-0.7528808521160222	-0.039361544079616805	0.794895986667675	1.1771522292997492	0.5866706280928409	0.0147985459144263	0.4517896913996663	0.9354970909888713	-1.1426383457704319
2.452035537325821	0.9798783464819009	1.9253432392970409	2.0558401985804347	1.4437391374696955	2.169591369516478	1.6008159351429665	-0.9779225148898028	0.5476553420805534	0.15808247436317796	-0.1290654424495054	1.241235076244775	1.1329225017050915	1.3400473550747642
-1.5287712131667512	-2.059013523668672	-2.021212098247553	-0.9350249113921535	-0.5838148282715583	-1.5109329729445258	0.18228843071498177	-0.7020690056278389	-0.6196080359053441	0.8372525379913386	1.7566088859850315	-0.10053877764259894	0.06225096466341423	-1.6502223132246518
-0.4120915994332652	-1.092751661519879	-1.1819255728775175	-0.026347546798458243	0.5382099388632973	0.3080281756686398	-0.7421313671643389	-1.938069383861237	-2.0219607126995074	-0.6113352899013731	0.8017768833168817	0.3949716720216231	0.7362296122983261	-0.0771559536628019
2.815725577078077	2.7968671772738625	2.8297736544118792	3.088555187171302	2.3103113008873684	2.319949420054697	1.0142148416760512	1.5891838472531903	0.8903598645646739	1.6011149214155036	0.7114269362024838	0.2770315482888692	-1.0846148849974977	2.060279845921448
-0.8742787941438576	0.9204485153914752	-0.15650244182924444	0.6731115801836053	-1.4386095772149423	-0.576112376367603	-0.4822323071726549	2.423181828216699	0.6586862547118078	1.4918575966083412	-1.4698906242623428	0.020766499905909692	0.898411764900429	-0.7131429345186299
0.751131691289334	0.20403523309357852	0.35384906774311387	-0.5741302469204201	-0.23306324390099403	-0.3817001804269077	1.7652164699010744	0.7581506960522716	1.021477831463532	-1.087889130202413	0.07620104807012157	-0.09090842971197541	0.9572611584356313	-0.4423074162249107
-1.3137988575611197	-0.9876967990286183	-1.216601821031369	-0.331317309925623	-0.9830512001476679	-0.7609553678051019	-0.32737855758790047	0.20722014582776746	-0.11190708374211648	0.956578135844044	0.21582079883537805	0.34518902915941363	0.24928785690378294	-1.1618864579060353
0.4203474692119547	-0.44824460153775214	0.5770472976955471	-1.1086243212288165	-1.0379435667098131	0.12382487497688979	0.8575622889411378	-0.15186560132299418	1.1167660655841376	-1.6605214174570646	-1.1577736049612914	0.3073466185439085	-0.7532216465753776	-0.2064809114288801
-0.13845365155686123	-0.5734169250709282	0.5801347198998296	0.08678858325854938	0.5675042550965356	-0.2838605276899878	0.6403474847661105	-0.12101930579629064	1.8842827441906946	0.5865937454942564	1.7892821080884833	0.2572052869051254	0.5430357397151817	-0.6094124895361902
4.0470666836604705	2.541519622398102	2.0063250419464556	1.8428648335509714	1.5269085520449135	2.0011294258253645	3.60456957580059	1.2259178543831766	0.2515080067770306	-0.27839938514558094	-0.46557935700169284	-0.06946307234140049	-0.2051642649483921	1.8470017627578743
-0.7943768765132145	-0.9455952024099396	-1.0459004819410134	-1.2678105808451352	-2.3300151708014845	-0.2624402753203343	0.36967472271020096	0.3742273923664076	0.00857831070780545	-0.5217530244219811	-1.9372036688657823	1.0685610840038273	-0.41946769781240145	-1.0862380982673039
0.6868763575433312	-1.006983830096903	-0.6110799074362041	0.5660896682407169	-0.35180859958146105	-0.2888295285138517	2.0352406271662997	-0.9946488851510971	-0.6264438129428629	0.560095542830766	0.2841988094399476	0.7190863025093963	1.5606151029844861	-0.7223175196031419
1.7115313278223974	0.6581960337532442	1.745230425669458	1.1685269349336225	0.5969990121585746	0.7063720518888057	1.546666047089786	-0.24897379053654478	1.6442766602055938	0.2012232192385659	-0.3406539677618495	-0.2574519704053521	0.5736247740550249	0.692855353264166
0.5847806633454748	-0.02292287094425738	0.9288096850298585	1.090220711357072	1.3521074850230785	0.14129250597353404	-0.09056190957186738	-0.9774386351248652	0.5299084965472128	0.5383690239540334	1.3138509385018882	-1.0964551802404086	-0.19758252906329674	0.6030568159433211
1.1192828049263648	-0.5337522333782481	1.6087194487980963	1.1849490533477962	0.5887504141155895	0.02990896918042263	1.3684745699708432	-0.6761595256255659	1.8993278818134716	1.66444180829173	1.0828091657201115	-0.25920988787748234	-1.2988596911834478	0.13171542023378108
1.0713287288834006	1.7102621746308604	1.6621888888615195	2.1255879303741505	1.9967183125037362	3.0585929627578228	-0.9517937376906029	0.094129791477303	0.0922390250065613	0.42614724646130886	0.5744956674780959	2.156763175862406	0.3762831031527158	1.5785276791139353
0.08500007183320685	1.0976200188393188	-0.03069062050387833	-0.22201192363707095	-0.08864502037666802	-1.0352073960559558	0.6542668592532992	2.295907149414693	0.4937955507010659	-0.3169084633677993	0.3318852716180629	-1.3225985542964807	0.6215796011874356	-0.40424019104698417
0.9974546424242542	1.5238599040646306	0.15851820097279545	1.9545615536517926	0.9215666485902483	0.8911336729264249	-0.2684904390751624	0.3718699363531921	-2.3057097661958523	-0.17825055821354976	-0.3933267118728852	-0.06863780866814244	1.70666092676773	0.9594057568991693
0.9257676136907825	1.6812954552024604	1.4014953990674193	-0.6336352043751247	0.8284161047389231	0.3668521067374491	-0.1112046211841298	1.925479610711925	0.28756503024692137	-2.4917890332977417	0.3544147115832193	-0.7887347101189272	-1.4402946839899875	0.8140666255733028
0.2238555025841069	0.10666892241684578	1.2892551238979086	0.5694200001908458	1.263518932161738	0.539660160546364	-0.1987471789642405	-0.5249518992247361	1.3818663709599106	-0.4341466074231485	1.4852401088242058	0.45357076950934616	1.1651888429997714	0.18860229335173312
-0.33219376819997115	0.4951512762036162	0.03881334348966503	0.13009461618649254	0.6809834803575028	0.6025014917747382	-1.4449902217452326	-0.08255983004182359	-0.767469067537553	-1.0470951456987623	0.22949205828813835	-0.10089796170162865	0.3482170993905039	0.4750437543506096
-1.6778659268646372	-1.5507454810225916	-1.406413013070646	-1.6555576089708124	-1.65904550422366	-2.0233030914508934	-0.03028325594921059	1.0109480312138173	-0.06796038291269157	0.24846814964576933	0.646573689833422	-0.30024635859190907	-1.5514354930485268	-1.8470272011411764
1.471854153133679	0.9670393860751615	1.551857802566624	0.9841510323452496	0.7067498593395111	1.432925850706193	-0.44938734156709836	-0.9468596443571659	-0.2750909578498157	-1.2977895562409918	-1.391142876153382	-0.6420027408876626	-0.5764692391960222	1.6504490205286655
2.4759041083094573	1.5713184943372311	3.34622811535775	1.1370453407734231	2.09062283122612	2.4266091553683076	0.47616246602802526	0.04957176351807949	0.8223185075088247	-1.4176377447263955	0.4983446549005487	0.9429261861093797	-2.108890161185472	1.9633534684634777
0.7259435936985347	0.07216916163901926	0.7578044412651599	1.4187713620193327	0.02500328014523112	1.3653106674054332	-0.3133446664233413	-0.630006005081802	-0.6464894513318008	1.0577155814622206	-0.8554500917711887	1.001783651246183	-1.4307062792876342	0.7363140205456273
0.6212974770510838	0.9463904673907239	0.7306701296560562	0.973005027213443	0.1426519686706807	0.7790018297053233	0.03346069031641583	0.7377029171514138	0.2700546138976788	0.43853981032639944	-0.6028105550698988	0.050457284125515804	-0.25785435347952346	0.5553395877957803
-2.629268858033091	-0.7331829408450596	-0.6747916990658949	-1.4548473569708569	-1.5183229369761504	-1.6235791268715676	-2.329127162380214	1.9294735139286219	-0.22798653171398936	-0.02834151635407859	0.18400082168404053	-0.08865069074363337	-2.1484592399777758	-1.4611752012066777
0.9699064935192295	1.0279958210785858	0.2682325899457584	0.8302493233853054	1.8107115062234294	-0.4080280303744823	0.3038335333761446	0.32740209350953203	-0.8889990059134661	-0.4843405690086719	1.6612127072912715	-2.0218674678388977	0.8168393009158693	0.6681867047896928
-0.7012320476318071	0.9067515620938694	0.690792844869216	0.7046938790599044	0.286291757480398	0.2230883121630407	-2.758269255853346	0.7497516664441469	-0.9257673682685738	-0.17405968145590683	-0.4672969079688365	-0.913285251550722	-1.5486003802632895	0.7666206382800392
1.036454672888359	0.20189042023517148	-0.18698027039684517	0.6856826390729951	0.8803610380451354	-0.17100805238458183	0.7417247514633317	-0.21991611349137516	-1.2940973335166899	0.1813608017695137	0.8892938808320046	-1.3338220624973884	-0.7361999057255507	0.48108006947510673
-2.4819568119971738	-1.8351317742156232	-1.0415690971071674	-1.1698010545971071	-1.1466211258498273	-1.2349665896909323	-1.9413788166721748	-0.42416689793383994	0.4567403329637029	0.27637606909060514	0.7001113321538736	0.0816817746117462	-0.7550265705751613	-1.4296263213402869
1.0412228111488517	1.303038747581429	1.9266059197316316	1.4119130083095923	0.19596305404610231	-0.4121170150521316	0.5296726680319961	1.58076142645721	1.8484138191557677	1.2842558333930194	-0.33424016924606864	-1.795751971375959	-1.101523862655609	0.5748866642382247
0.7759333293749461	-0.9648149224585717	0.12660761849705798	-0.6198219642791349	-1.1217895434598202	-0.3689305812686985	1.9645277254033862	-0.255924881818001	0.6405247389109425	-0.19006168489320988	-0.6149858433758497	0.21566848145020906	-1.2371712185594481	-0.5638257496558815
-1.139907755792834	-1.7775530898818088	-1.0129210103621702	-1.370605892039718	-1.9735472996399483	-0.2571870798956084	0.70715687491378	-0.3351105462121551	0.9286414175030854	0.009643466655831781	-0.6617692089464846	1.8553434744829542	-0.030946801904364538	-1.5702974017736429
-1.95824643086659	-2.2004467072627634	-1.4405755206869677	-0.6356843251111246	-1.3380286510373958	0.21101064824217874	-0.8284643204004406	-1.2461722954064092	0.09269089432797774	1.009516422226765	0.19298515979521205	2.562733639550487	0.3189851838223823	-1.516540366783394
-0.6664921835570303	-1.004252178362384	-0.7659581378245319	-0.09853681317422658	-1.4346344326035279	-1.8108539225209892	0.46175903989578687	0.600268152218596	0.0244996092460336	1.590422588254638	-0.22438875310790796	-1.2663079681114393	-1.280105567545629	-1.1083919561844155
1.9149689378849946	2.5274517978702593	2.6815459338889243	2.921164605041657	1.9279047464163321	2.883641732447759	-1.0217569314999126	0.049633172329414534	0.2786986814604706	0.37151716593560724	-0.9496375653322451	0.2851787521510663	-0.07729901498283817	2.5131316974691784
-0.8693708567135192	-1.4890923298957484	-1.3046667947139339	-0.17548048349295808	-1.3158001412819151	-1.3662120752940887	-0.1283923502325049	-1.0937035126242907	-0.8245434123813309	0.7605790591665335	-0.8049454058254775	-1.2550603381656296	-0.10386039378335943	-0.8120981435645023
-0.5719486451538699	-0.4182159894704912	-1.5114823229533207	-0.8233515116931244	-0.9812838499359232	-0.5855598207104846	0.7322122540395176	0.9330385917891699	-0.8180565428697535	-0.17750061867369993	0.012583937588666603	0.6282692697817144	0.6922335469230653	-1.1164858539286062
2.0086868660131154	2.8235433535557943	2.092824241678203	1.4334602703843287	1.35501855626385	1.8611985226113257	0.6553262664123946	3.0768905886515032	-0.25763749388585044	0.02830186753531752	0.2324748798251095	0.9425968549713729	-2.0690443141806845	1.3912178632010292
-0.4846350811052052	0.1773020403055527	-0.5077819429298519	1.952664514805492	-0.02163915582792264	-1.0031534910902644	0.1230616609009767	0.905356237124651	-0.9973424032774549	1.862589000698211	0.9817670268421921	-0.1991111366745433	2.0914383447150238	-0.7841993709122427
-0.004339096033500578	1.0288770307794277	0.9988380000214471	1.3152313767416808	0.45183955499631356	0.2918105048707328	-1.6695135507522165	-0.027599576605746554	-0.0380073578751985	-0.05229629119892961	-0.9550465509683945	-1.1856967513307461	0.8619781623502341	0.8730411442728288
1.9067263538449346	1.3684489016478418	-0.05221314312847625	2.1390216014210197	0.7522142092845139	0.8661183017759303	1.0022101369686998	0.00021140786392143847	-2.372789204025676	0.7027791211833418	-0.9716019329231153	-0.6742670558702518	1.0154528220770571	1.1652314925140774
1.905025127053849	1.5943066653415705	2.002170661972153	2.1496071187492234	1.2888647988079864	2.0805973248022887	0.4826650923990744	-0.03866966210929309	0.6839129686403639	0.5494810267100014	-0.5475471353701699	0.49273355954919745	0.1513281042241263	1.587242841762321
0.2959064047325668	1.3532268748307594	0.07363974875532553	0.893551393437157	1.0058784466238062	1.1213635293813755	-1.9532018737707213	-0.20400541318226284	-2.265872562306078	-1.320782817440182	-0.7813362735737891	-0.8063263749400882	0.3059231672912122	1.4144454892818747
-0.7842174022934608	0.021593753380181657	-1.3390979112008736	-0.3544441206957856	-0.1614579123224451	-0.6086324079506411	0.010268226013001506	1.5655056647839225	-0.8554611887026093	0.5879657155201704	1.2582047137775638	0.08703723470719901	-0.3422839411708609	-0.8492528572559995
0.004110296404379654	-0.8288531436340477	-1.6594179753668956	0.8391013163411619	0.657560857283632	0.9139299109107336	0.8185572272413489	-0.48621379701487427	-1.9190737327540026	1.9577153035526509	1.99102345729865	2.0448344826096863	-0.12909112897349398	-0.5113066396304243
1.3003674014542674	0.9580213198627316	0.6349436188857185	1.2469889201555528	1.1899780599128758	0.47956538809279425	0.356105551105875	-0.07294993393904377	-0.702390619701355	0.0676150230631082	0.31302890758888996	-1.2698259953124866	-0.2231414470225498	1.046419569630668
-0.05624429427097244	-1.5061803469360857	-0.5254519809328111	-0.8727278706699916	-0.25400268509656243	-0.6531795675493349	0.9281321856929403	-0.7625267632327	-0.16251337740101626	-0.2385799720311793	1.2044925594825988	0.1363035666694466	-1.331284159414186	-0.7824074571136285
-1.9866050654508136	-2.4490924876627935	-2.916259802517575	-2.8860595787951695	-3.3102277045223905	-2.3475657929496294	1.1287642690991642	0.9277777165222831	-0.5284374285526381	-0.2587638472363795	-0.5619770715583032	0.5829895894807801	-1.0108967075716506	-2.803579776061833
0.08032116189895291	-0.7514632359150792	-1.9757192435795443	-0.47026131148100425	-0.09377787931914433	-0.863663600067488	0.35134003459142876	-0.29907727061288486	-3.3998220178161582	-0.36738488611335784	0.6717107927280852	-1.0090983955337707	-1.3522835105046673	-0.30156017144641484
-0.06160145684891978	0.08919798519485	-0.1780107079934431	-0.4108966951849323	-0.23476301360595386	-1.3130913559664208	0.09530937587342185	1.0368689310376729	-0.3538737287201844	-0.31039895040869675	0.39504682173363115	-1.8221665627786714	-1.25675397063223	-0.28157257930130764
-0.5054023407974698	-1.0448618743539	-0.12630523552580442	-0.21502327334745422	-0.4928431849759648	-0.699329700057847	0.25632225034868233	-0.7038552761926216	0.8922767865349822	0.22969487380902398	0.23749315648161648	-0.1312415026274381	0.7332102183817567	-0.7691907523146784
1.11622724087684	0.11801933117466573	-0.5099689226047567	0.2575803372664026	0.2778789995614478	0.38985026293848507	1.237525263370077	-0.47132641071883097	-1.4390184333081988	-0.6501657188399204	-0.1922371161714864	-0.08573915502895028	0.6146071501739381	0.2778937475711767
0.35056553952113545	0.39200276649069077	-0.1343601942611714	-0.6403262653559456	1.0536204121505879	-0.7894133240619371	1.7298785042529743	1.7989222782950067	0.9251161430326442	-0.2549779048312198	2.9016184188318377	-0.49991721047997467	0.010506790621385455	-0.6894519586105903
2.477780885695669	1.8005489553114526	1.526872086986654	1.9604410812489723	1.0940939384425206	1.4687571595605062	1.664279623544444	0.9351590507901163	0.09822889521670074	0.8061065030585947	-0.2593351617468638	-0.10368516951823634	-0.6800025953769147	1.3754540439127658
-1.1731057841931753	-2.5361464543199594	-1.8924481513654672	-1.373585340171905	-1.452378434796334	-0.7352227393184843	0.9414209041481483	-1.087002701252765	-0.1985561129368698	0.4942431666817904	0.7158494939473381	1.4749613716821608	-0.3961873408081464	-1.8047073654066712
0.4592177977308771	0.26524023516818934	-0.2278549082974803	1.2579371156703787	-0.09296090241229185	0.38517222699478	0.4728326238364827	0.057163413333347804	-0.7457455046268724	1.1718706371369378	-0.4957454091438646	0.3735483704005904	0.9396032717716194	0.04302153281385679
2.3051619407445196	0.9807672354039718	2.026315773351149	1.3370069380331322	1.950367634094508	2.238092529792441	0.7523105058531114	-0.9802505029060937	0.26176097040513524	-0.8073192362618692	0.6057576086261673	0.6142371001518463	-0.8235211633374812	1.7336217698151244
-0.23030658241126228	-0.28882148850455014	-0.5857877962471719	-0.3726396150453621	-0.7918468581869897	0.9542542379251628	-0.537990031775762	-0.01694632430367853	-1.291875038075049	-0.6363472836672571	-0.9266324170564189	1.5366492495862543	-1.1093335895957066	-0.05678697600320169
0.7376505746762505	1.6083519682685972	1.9340532707274214	-0.39441111481836	1.3594933931571265	0.2484820311584841	-0.7844515935181151	1.2335006531806305	1.1048581513733127	-2.5614112063573877	0.7651540415459251	-1.5466351104018576	-1.0048036475620579	1.0692123058726304
0.9793280123795066	-0.8624793419868929	0.5375689728422521	1.2300553805828391	0.402826697573385	0.2012556179037509	0.5773736338952575	-1.9864497242601225	-0.20829004866403553	1.0687107839717116	0.0854739354360059	-0.7195875255078554	-0.8841107424471008	0.5062126410586006
1.5097182910043203	1.2853799280315508	1.7441954098343522	0.6716497636461536	1.2435168182000045	1.887479658743035	-0.06627016889836707	-0.44138343765601584	0.35002412032151337	-1.7989256355887744	-0.511117615520865	0.2593572257592769	0.08786563467551145	1.532636863690058
-2.0212466496577735	-1.1028787827448225	-1.6061262538964742	-1.4484957979547284	-0.8637369028728858	-0.9629966689937973	-1.4362458962262015	0.0010396658948856894	-0.8205305514905371	-1.1178571890874496	0.44451337030121535	0.3542327334331125	0.9455034190643326	-1.2926032660946205
-3.8659230288066473	-3.539483430548154	-2.3648303708005294	-2.7225704127290937	-2.762573851854639	-2.681758172066345	-2.502417073170311	-1.708449697223948	0.05798235412097231	-0.7045572000022835	-0.41733485053837927	-0.7208248565850123	-0.40772746168845436	-2.432868119876095
0.3491857928895955	0.12720010948717209	-0.18416246824186389	1.3254027370159824	1.174144535715401	1.7035773244729067	-0.9209823771959982	-1.1200423195907239	-1.7543535146946112	0.5323369439947827	0.6237501201082617	1.0954862895541033	-0.2720885290343857	0.8536432070484835
0.9555234799097202	-0.08074379755778605	1.9360488318162594	2.172256341998735	1.431522226810525	0.3443644235656723	0.28031104020198877	-1.6146229921589574	1.5813782504214777	1.291408862655197	1.034173550956788	-0.5200893140110813	1.3636894228418694	0.6152921131692145
-0.29788468524246614	-0.27553009165527564	-0.4660343733094726	-0.7944839304184472	-0.8214276551556761	-0.5550754071913604	0.5244374275024513	1.2862933905078078	-0.06241140084219184	-0.10976654142340178	0.25721478832561234	0.29757321450411756	-1.3285494157334152	-0.7815962428132773
0.05185788910665172	-0.13665279431012245	0.7428961986785985	0.43175397370310953	1.1546428996406384	-0.7629829061075463	0.11176244046155565	-0.2337389886130313	1.3155083073913498	0.331077000753333	1.9252073224837176	-1.404347941111501	0.49824588185658536	-0.09605857751362075
0.30997244221911835	0.35807370462829213	0.3208575450500877	-0.37329153129306236	-0.020420789359400955	0.8221876573717941	0.526041939335116	0.5215080993794963	0.49173593401399823	-1.2131732672673867	-0.07149350570910615	1.382755115158295	0.8914533154866257	-0.13312181809673074
-1.454181781498456	-0.6982987903049309	-1.0050670937143176	-0.7518528699837328	-0.6397589386173785	-0.7667930612609466	-1.2663269661491081	-0.022993658479412205	-0.45862763212746926	-0.4683477858220964	0.07690283648501303	-0.3344388486401501	0.3481434759477275	-0.7541312904068291
-1.308499657751411	-0.32683413495695174	-0.3931066165383513	-0.051236847466586966	-0.9471962640861769	-0.13025632275205912	-0.9084608769138107	0.655203561632532	0.5957435292577039	0.634614663012943	-0.35000928336617027	1.0238493978061822	0.8114766270805668	-0.8822515973525843
-0.016651587262365874	-0.08198696825062629	0.33768365165711445	0.7382075860911672	-0.010082567513184981	0.11428003777402207	-0.6569800264831113	-0.6842322926290135	-0.03212821054840335	0.346881817677183	-0.5645030168199419	-0.7298498162125472	-0.12613165811742275	0.35377873895026635
-0.8852209015843967	-1.4764050327928708	-1.0536816658205113	-1.85049166163987	-0.40846263575703423	-2.3631242500118845	1.3021820127530268	0.22221381919322009	0.9414659976246257	-0.9484717979231662	2.0481663318424492	-1.1306302911165396	0.9537183042016053	-1.8004769851491238
-2.774656973749328	-2.240766437333017	-1.3152615697209997	-1.530585791683024	-1.529131947540125	-2.114267978830275	-1.3916928502364105	-0.5681761735223206	1.0334139951666856	0.1523074864949443	0.6424774402071007	-0.3401354047076548	0.7697291826871341	-2.0538065697570516
-0.2553996799032713	-0.5177232964657461	0.05743366040486167	0.7510611384463743	0.41088501028478214	0.5734147911099902	-0.7404075505977966	-1.2869718616870176	-0.34296816975711897	0.23003634843298196	0.32023848142698436	0.7107657014673423	1.0420089561652495	0.046058029313414454
-1.0833558216784913	0.032547333304634884	0.320867615859759	0.2713691924784462	-0.6979813685978415	-0.3759867111856837	-1.4750193101555678	0.8709470584842044	0.8312800172418396	0.8440195263573057	-0.3790095035124905	-0.312902661416079	-0.8455863170018915	-0.32090363838550945
-1.6819763312064802	-0.017043760780080408	-1.3611660834046349	-1.1786509444835442	-0.09189563686213231	-0.5600018820579102	-0.9865939677760684	1.7614954713428777	-0.39601223354496856	-0.5484870878981011	1.6419650773819285	0.7094256622205884	0.456279277902037	-1.1651968991662145
1.5718576033718414	1.6420313492070429	1.677034580681295	1.2366068006110782	0.5277518903326932	-0.22831749380990995	1.0491933199145762	1.959627426582483	0.801847607900914	0.7161413082733041	-0.05719349628187975	-1.6811697198297413	-1.474425388161317	0.7611399708898166
0.8146728444896532	-0.5359104291534514	-0.3347897484694118	0.578490390747979	-0.6910627681621884	-0.25309765254144345	1.2674281017767053	-1.0451488721148388	-0.6453277385391685	0.36132233940541064	-1.2820978876658693	-0.5749910438455624	0.7369388163496806	-0.05620886915448439
2.069707206211457	1.4268931593764682	2.611310774642304	1.642990520403103	1.0904635060745291	1.338991493639226	0.3927427325111489	-0.7026053820426715	1.3530689262903888	-0.7113197970339387	-1.258980476292794	-1.0093157221040747	0.4288301234369556	1.76269036391468
0.6537582624183984	0.5007151476190005	0.29955267103000827	0.8695399757724899	-0.7499141509342299	0.7829299574429681	0.3953600739334552	0.11972290743648607	-0.13599166048037806	0.3715362771550597	-1.9612990363455072	0.4134136787366499	0.39355132313818525	0.35017113852947185
0.6347550391673825	-0.02164779559786434	1.0755802258710485	1.541231845646407	0.64060682682678	0.42010695676521603	-0.32488577932884183	-1.393245394730596	0.4220201757522313	0.8779725341625716	-0.2894909443490395	-1.0030145504674715	-0.038835221469498395	0.8220664855343929
0.9635746680553547	1.2496841984267304	-0.6920005333723442	0.13944856307810377	0.0987463385647254	0.7336384724371845	1.1925530704667984	1.6673374206702671	-1.5347571447188415	-0.5186990931299413	-0.25080686003856395	0.5146392167263241	0.11547426981806348	0.22618689206095763
-0.4237031373225086	-0.024893070545006113	-0.10757524445071953	1.335121603442297	0.748469840519009	0.4014286840225264	-0.9463474483313383	-0.5214029032982592	-1.0718117828025535	0.4574779526813964	1.0111470163573613	0.8118581648515759	1.719760537558219	-0.05600343607769441
-2.6024444425235025	0.22046656365661366	-0.10600028055551561	0.5770680885986784	-0.6305647979267746	-1.8175907425816025	-3.2410789090899845	1.1137255554472405	-0.3323926291224396	-0.6191567006515605	0.16944812749105762	-1.3419335957904206	2.2193080970693977	-0.8916303890256102
-0.9987248200219028	-0.47103013625358237	-0.41164775147178356	-0.6665777731920253	-0.9151895159726595	-0.5721802430765903	-0.40113930213571675	1.0452550726891758	0.47250676753571624	0.2623182103636104	0.25136998870879546	0.3629732146930985	-1.0050437998175907	-0.8971744199035696
0.6036680206776749	-0.20695172171894438	1.6696322074403565	1.4438178889778142	-0.044955819001188946	0.865231397371743	-0.01782182992582315	-0.9320860962950462	1.757687729296577	1.4116638115781408	-0.6849193069035769	0.36094289567821053	-0.7504391904533524	0.5023877741487538
3.3315794602778794	2.474738138081024	2.4767595745768185	3.174392906128451	3.347404940557877	3.044954610117647	1.080957600251569	-0.37267457576005114	-0.28700457226021264	0.42170838673625605	1.086596324987395	0.42483838519501815	0.4443477585405695	2.6094733318289407
-1.7067760858235084	-0.8489319019684172	-0.21210733114739921	-0.8627067540854669	0.0358923865563926	-0.08277243251292721	-2.183832903953908	-0.2311539937828628	0.2436025326486674	-0.6931562307686412	1.202389453808483	0.5373294607637581	-0.9176929409468396	-0.5267009175093316
-4.363604455294806	-2.507216546734588	-2.2789024153807214	-3.5796468924784692	-3.56166487030234	-2.6637245393902482	-2.309275691467501	1.663734601928437	0.5736834333021803	-0.7401200779466008	-0.31467896984597876	0.8792509305501239	-1.6591026290216266	-3.1736367820873244
1.7869980006224777	0.03558423665962851	1.4009517010737897	1.3498537927892649	0.19075103828101309	0.23026795437486147	1.7255631517430865	-0.989791485655742	1.1408369310979483	0.851238995110115	-0.7331232757118379	-1.0901285366650304	-0.32761831287722004	0.6949827906285176
-0.3000112629350221	1.4347478988990343	-0.5573801849109096	0.8948692767591698	0.2859932816527404	0.20419353431827314	-1.4502371018365314	1.5436424419647965	-1.838301352000061	0.30647873774604806	-0.37117453415822305	-0.8896037213786528	-0.15969005058804162	0.5405004438377647
0.7117289514439087	2.1320511118457213	3.0336114058827905	3.975274261898306	0.05787546846901093	-0.6554635178301075	-0.1868087005506613	1.7162813429068722	1.687527977233013	0.7241374171535593	-0.9825522125317881	-1.7277800160862735	2.7009228898820887	0.5620977281251804
-1.5611156678579732	-1.3497393369668753	1.264073092179164	-0.65641733745244	-0.10177113354630823	-1.4557858078538732	-1.9451443744254389	-1.4085510899165374	2.8206444165567395	-0.5994955386579833	0.6699808363351268	-2.002480864636521	-0.2946544068400837	-0.44567780164893595
-0.8209957370565928	-0.7317421748614851	-2.227447060993792	-0.8852236667353314	-0.9693777948087835	-0.8550443469089378	0.010145467838766612	0.14876332028619582	-2.27879244878675	-0.45341801293040757	-0.24623864521802233	-0.2891303452946657	0.2673137809037582	-0.8744629232139541
0.27848123389772117	0.49546435563628727	0.1303783473520722	0.8348164418039178	1.150216872358576	0.4183328037520303	-1.1101187904650822	-0.47782036387191684	-1.3002182950860832	-0.274095102443375	0.60860809663652	-1.0554497034141503	-0.44433243734472216	0.8710230614283818
1.557070775144128	0.47868266010306215	1.0430291529391973	2.274068584700168	1.1294527567252084	1.2133166812324017	0.8293967898768445	-0.8690569559072534	0.012434772772284811	1.7861789167705175	0.21535858941707925	-0.02528970966367696	-0.15364920113319216	1.0308466738740527
0.40951853742200217	1.639922509876356	0.4443089123119088	0.9130399681326706	-0.45457464852899204	0.5056472272438484	0.27925718448748355	2.1507401401929434	-0.04214957376449847	0.031174195530086088	-1.195658909775324	0.6850512889517398	1.4222804096640511	0.06502234382777962
-0.393628399071411	-0.007993452355307226	1.2572393656938337	0.5680646140224396	-1.2293108993828696	0.5413533566878511	-1.6705297619494504	-0.11479690976270282	0.4144813746096371	0.20859005960214805	-2.3992116085769113	0.2769435491537626	-1.7334567909697034	0.40757605169625516
-0.9447330007366523	-0.02339720434961634	-1.1966552870567972	-0.20567390409847236	-1.2267330321636702	-0.38351809979644796	-0.5927615313151386	1.1157359655907908	-0.9568204165750827	0.46704510220554285	-0.8909808678556755	0.10294140500666915	-0.27548612686605556	-0.6377415583308796
-0.4491202791247967	0.1111718420970233	0.34584188796201215	-0.8715098925225802	-0.8733998514734542	-0.5968962910255462	-0.2443072273554165	0.6652019525290829	1.1381114671740051	-1.3420490427040155	-0.9713129818114415	-0.6736136168826697	0.4320170213202036	-0.3743527336844671
2.338332379074609	1.5764490593307414	2.0245796128478206	0.3025092168813799	1.2208269791357131	0.9820045830401543	1.1989105369707218	0.6937440252144397	0.3040635545037158	-1.9816346138497531	-0.040776643701714924	-0.8203776691461325	-1.4130327178899913	1.442809187780076
-0.8747612384541836	-0.62011057443961	-0.5265392144733823	-0.5365993486675456	-0.17415067177960974	-0.8208499736767721	0.17767370912098263	0.5489209098200368	0.777903937727767	0.25816944190796526	1.308947286105672	0.1795561826365789	0.675805904644718	-1.0846243012605756
-0.23439488976673345	-1.2303216444968323	0.2004233123748503	-1.1211406671704367	-0.262092127511741	0.1512450567923911	-0.7832948185875266	-1.8448453557284765	-0.19676044747977994	-2.1335011542800557	-0.2950965946623651	-0.05887119949929582	-1.0682697662112612	0.09023952218250568
1.8973536543245821	1.7981885714429997	3.1752231710769663	2.309816916072543	1.522528025698694	1.3237374940161082	0.7042648227615123	1.8183022027099782	1.0624540904978115	1.789950184659749	0.6847426032434565	0.451781849606974	-2.566385059774185	1.2204842617718497
0.6177517670060533	0.5370712657624682	1.0989456641031865	0.7421760647314153	-0.3760439384086979	0.8682123925645537	-0.1498291023397128	0.21070045746772753	0.6113512085135198	0.1242683123615635	-1.345544456108516	0.2582255935705459	-0.8628718716615348	0.5832253656141386
-0.7529465944406317	-0.44173159395059386	-0.21235538684040706	-0.018493709839037892	0.22911703092681257	-0.46465521008643873	-0.44282397704235543	0.05800450434048395	0.5174699593770591	0.4050368089016768	1.178748124939771	-0.170342773241809	0.3640416591701378	-0.5493426283889118
-0.5323567589647529	-1.7594646946854957	-1.5124441941611302	-1.7220271492539736	-1.1174462970157262	-2.1372032072863276	1.4739933644021523	-0.5943061980564218	-0.10140250142811581	-0.8992401493698692	0.4798058692747602	-1.3882081719166524	0.4200536884096003	-1.4868917135335626
1.217939653328541	1.117988149021891	1.06634212136638	0.7220646450977671	0.9107757925366444	1.1063519619603814	-0.2382112916880987	-0.34222748836176475	-0.46338487409024837	-1.3369219996655577	-0.6876305787018807	-0.7254262244429586	-0.09602182754316611	1.342529007547583
0.2943942718690745	-0.6900340570722988	-0.22839283126622345	0.8683717298586768	-0.5009925986208941	0.37686934880276657	0.02227145316803369	-0.8640648268665608	-1.2036641494931906	1.1865950131345764	-0.6847836434294855	0.3908295276617168	-1.3912969351506563	0.10666422607776885
1.5413322891872234	2.0786376828258692	1.681387590485962	1.5037784392953757	2.4066100613524086	2.241609994310548	-0.13412390687033768	0.7565913773861764	0.14356142727885562	-0.5405348254976671	1.303531804420084	0.7599945460357937	0.17931419017607417	1.5888200183589485
1.407587605943744	-0.2855911532892306	-0.11967708340217176	1.8513646919008306	0.09159129984938247	0.6040057773645202	1.6680827499784492	-1.279339428412541	-1.0537631015922457	1.623741711097709	-0.574604917176716	0.4407526358998757	1.1346978564438428	0.25507293246952534
-1.1663605271873803	-0.3163470302939402	-1.1860377536918953	-0.9539952175190306	-0.9696659350317867	-1.1793874894992327	-0.15772551541645063	1.3542571919808326	-0.15182954006334767	-0.045296711950659034	0.26521272213633357	-0.4631448680895794	-0.1479248252249361	-1.0993163804374524
0.425697881199297	0.7229585184611791	-0.0407732963039629	0.5233144405733903	0.19186482854453799	0.21879469241301489	0.7384293700116525	1.0791860095963601	-0.3208223729489814	-0.03851991295527864	0.3048597878773499	0.5795374258755404	1.2945854729419073	-0.1834701818850184
-0.05278499061551398	-0.15302986810944602	0.2699213303475865	0.9459416862250457	0.31540530938820927	-1.0084076918953984	-0.4077429736932621	-0.7093167261061836	-0.07756796901724816	0.4269162886915997	0.15761875329582548	-1.8652453420368271	1.1852077940437895	0.035518608745506206
0.7487553845646866	-0.31245346378063044	0.7557585207198095	-0.24424437956183598	0.7138124723121415	0.848440956748868	-0.5204969536742585	-1.3975262997837417	-1.1276642333583982	-1.907776264638237	0.08179606377313024	0.013612609954918604	-1.686658117590898	0.8633939396077941
-0.968765115889656	-1.6515837091188001	1.7295745546767423	-0.9520643810935954	-0.5555249834456499	-1.433947669986499	-0.3582175162973425	-0.5198910101812909	3.3208230806543795	-0.029729245600673637	1.0005381544690932	-0.6822973999765659	-1.873530923849677	-0.96494291824009
-2.5964966141594386	-1.8541670115034412	0.25392829579225307	-0.5591862155445977	-0.6256374703665688	0.24058918812207808	-2.472382035570396	-1.235166119402454	2.2785685094820884	0.5898017855393121	0.8123831158470914	1.923003594936429	0.0007278799844267934	-1.1132129158588544
1.8786839379777052	1.581041625250682	2.4048440562762887	2.9855172454900822	1.6134674647323493	1.580549388503878	0.6621513861347371	-0.20688581516924223	0.14728859693478266	-0.47968660885187675	0.3755033832465952	0.7917073618978948	2.318375351465137	1.2414980440591998
-1.661002796398983	-0.3886102175234338	-0.34345685194473474	-0.29021358069538095	-0.442078141099008	-1.50311251390041	-1.2578159690373505	0.7946863188255496	0.9266848016577043	0.4905608768277699	0.7313822946934292	-1.0384036291995073	0.7824382753754014	-1.0219096638938439
-0.49455794493111727	0.6950313195389806	-0.282600400167013	-0.5647613586482939	-0.33118627378792426	-0.1433941353834588	-0.22392921319634823	2.071460702701627	0.1788075103072184	-0.39966092505279094	0.35340435892639255	0.2115278158598255	-0.5197063198064715	-0.44390383812070133
-0.5418354374605796	-0.2399031856623998	-0.7230514445797145	-1.432152780688938	-0.37478829610140596	-1.1764319497050995	-0.48215682239299135	0.3764871519196767	-0.7470775494475883	-1.993187805333043	0.1400260064769864	-1.659171990183023	-0.5977034251177415	-0.3462547917906575
-0.5853017598142416	-0.28069318431078155	-1.019587023201408	0.05448093988632735	-0.6971629475284923	1.4532400743095752	-0.6543535456890789	0.40275821069524054	-1.4658664602423341	0.5116518666214458	-0.33975437318186963	2.780870445259709	-0.97017169689788	-0.3283137713483499
1.2634137923858682	-0.02073186564110574	0.5016944606469256	0.29633979042376557	0.9085428882998208	0.783957620646272	0.25713008014471406	-1.4052287711172267	-1.0404374634520752	-1.2987117138215596	0.11291946700189676	-0.5656673402194864	-0.8295704977340249	0.9883194965760352
-2.4709287889528673	-3.335002591415088	-2.4300659433007543	-2.3678054020678383	-2.687964251844808	-3.6657338466996228	0.6173190396424492	-0.4102395769240771	0.6977545560032073	0.8021455297003817	0.649212569857091	-1.450264338127858	-0.7044504314374309	-2.9479687589731554
0.02046532535808926	0.45112529144787006	0.4636563477290926	0.551580853589532	-0.36309652954892424	-0.5156356481484804	-0.4160848512270357	0.25607880514343184	0.3556559648575413	0.01110034718438895	-1.0880930290552442	-1.420869501446037	0.6179991621317046	0.17387817593546998
-0.37872465207280726	0.012370964373262128	-0.5946111420359121	-0.38786048626167724	-1.7734541722819546	-1.1907208729329222	1.1958974792122432	1.7783125184473016	0.8217788944022256	0.6397200099558759	-1.1714133754131104	-0.19754292764713652	0.7910160478210032	-1.2128197562593195
-1.2468749394664356	-1.8998360811218533	-1.7290430074723908	-1.3305493488319131	-2.013612017873599	-0.30593244386883867	0.026198388055421205	-1.0771652683250008	-0.7185997239691743	-0.4822542002397507	-1.2647724057289162	1.3748178527579495	0.3318669122991121	-1.3199103025866754
-0.6699643099624701	-1.4557837843220014	-0.6715734164249502	-1.8941342530213419	-1.6424725372333882	-1.2344332756724785	1.0552302714053674	0.21634191210930895	1.0295225960985817	-0.9336167144526415	-0.1239885042996178	0.08489122898845292	-0.81586845372835	-1.4224152408419168
-0.43160460677831003	-1.9638691653027829	-1.6837385538710175	-0.3509253133994059	-2.023050339015399	-1.2170392923483218	1.2020395875882048	-1.3267969143746159	-0.8729724458825937	1.0278749030311911	-1.4254351933688933	-0.4277610125565479	-0.03775426700562699	-1.1602401632768877
0.2170123425072576	0.486708494460488	0.5850749410840186	0.36105775092778875	0.5134913325723607	-0.2465379474093462	-0.7284791899686406	0.4039464944939659	-0.3598380839101396	-0.315646317707038	0.3501510477264693	-1.3397585261157026	-1.2416044236077173	0.4926614824856519
0.04124267828697259	-0.9349698430322504	0.5331675084448201	0.4275168835725397	-0.6077466759779462	0.003454175048701602	-0.2847885860641526	-1.5397477156591026	0.565965060747682	0.34376390614637314	-1.0078994401499337	-0.45484665922523587	-0.6285160292016231	0.11458199220353575
0.13469634844959538	1.3567126756545627	1.4101753106920305	0.7035943271879442	0.39629591334624537	0.9501737494310691	-0.6175704560255384	2.038578299664728	1.345761176304053	0.4699404171338618	0.36623913648618556	0.8427534598984837	-1.1111376555928933	0.35579322697430454
-0.6793419607103047	0.31817294101547544	0.6245254746346244	0.7069138695521462	1.0433194195459792	-0.5118448614388917	-0.9200120378702532	0.5678899714572949	0.8924922643286345	0.33188129043900755	1.9143366574326117	-0.4062141253072307	1.3988636100553442	-0.30233376386997035
0.4914080397789239	-0.8911813952961072	0.05686577808210308	-0.44705529294227064	-0.2806291033350289	-0.5331123456607985	1.6755099069939972	-0.828356697231274	0.48496718748394263	-1.11131681438624	0.3645239669807553	0.2613810012010431	1.5248239911054982	-0.6991321751784425
-1.0982822177756122	-0.9875431744055436	-0.23679519104210284	1.5249335151570471	-1.105311123594812	0.3203705664300027	-0.5082301649085126	-0.5995735629358423	0.09241506873473017	2.0143450998010715	-0.48303015812225775	2.3138742954212463	1.8884430207269893	-1.0054876407894362
-0.11361264456393744	-0.53652108685584	-0.8761685025416532	0.21681802570713263	-0.40105763756144663	-0.32055106639706055	0.6030096631412111	-0.2551801308639221	-0.9446321574908149	0.22166709610681387	0.07970685151684023	0.44074708594299755	1.2874763497728754	-0.6409082782920619
-0.30844400400769567	-0.462471649085836	-0.7045952974751222	0.21108945913241423	-0.7083008965934737	-1.0231928767595608	0.22955012616687057	0.44028160110828374	-0.4513987117169923	1.144715890455587	0.002061473652329355	-0.9940276914197603	-0.8093596513293807	-0.5647686794849301
0.1798594078792888	-0.1498936287073812	-0.906254836188356	-0.24572254445480482	-0.5747689733325739	0.13533983178018974	0.3003554599396336	-0.11976829848975581	-1.4619206307799961	-0.6192618312643564	-0.8283598165254443	-0.038618204636270956	-0.20331426792426638	-0.03736979602867443
-2.750858893234506	-2.557393907164321	-2.8477310514349217	-2.584745279804783	-3.5606719366304764	-2.33132474700067	-0.584041761168412	-0.26954696189647487	-0.6935995050067751	-0.6583944504744136	-1.9409622622243174	-0.13879438473388464	0.23453454466183885	-2.442572638958804
1.128569920886716	-0.010373850264449036	1.1532705695255452	1.0684215770664343	0.8411491519666964	0.11427793255035879	1.1015911873723676	-0.9652769548417987	0.8063912347683799	-0.02033113757326115	0.5833939882760453	-0.3687388444342819	1.3678810575876372	0.2952161111231027
-0.784438523295466	0.13331292956158558	-0.8660750684419751	0.9018178727203353	-0.6553765434719631	-0.35174163096788247	-1.0376427895869207	0.486021448075506	-1.1261887519529132	1.426357291525769	-0.8280140125799994	-0.5822187599747591	0.20051609380894264	-0.19840315804550654
-0.5780734598272332	0.3026200235371948	-0.4300859619537673	1.4221984310386533	0.9733508041786181	-1.0964540884783645	-0.8574543512500157	0.5553667926646082	-0.5944269843763774	1.9869758889547007	1.6910224420139643	-1.8038628350119685	0.6893446689720792	-0.168468985855986
1.3084643613765337	0.9040565425571686	0.9572962936662096	0.5154976137040768	1.7108397204205485	0.25800597344830234	0.6850895264320589	0.7600022106921905	-0.2457795358762791	-0.4313987250660719	1.9719868415124844	-0.8399609694526444	-1.3797723253762977	0.7240096812171138
-0.904980119615786	-0.4871892111275161	-0.9257868143088424	-1.2085993026822905	-1.0903175984980564	-0.9587415955534356	0.3917319263718827	1.1608007868295913	0.3882703843096413	-0.37689915985420924	0.1555087042255642	0.006287644449207972	-0.11204835728332628	-1.1612600117686056
-0.5959878005173318	-0.4367665253829377	1.5336483618669323	-0.04739680758876219	1.1144667435552376	-0.04774322919313745	-1.6309168187033485	-1.1842104816054204	1.9753010627234011	-0.8813190653532474	1.3998339717224106	-0.9518351843828059	-0.2896453655045951	0.33168883668123356
-0.5084893585280755	-0.6905095452587545	1.120889943900895	0.7986896090121671	0.058073195081137646	-0.3607734116173773	-0.6824031881380146	-1.1664079637274893	1.647830305012609	0.3997092339238343	0.22776663921631127	-0.18717849432418024	1.4296680265438584	-0.2765983723310326
-2.0789665269448987	-0.8806163337266517	-1.4073310050970673	-0.9398075394223765	-1.107880053084992	-1.413885813971288	-1.1941590589952455	0.665216044785448	-0.2944274445886876	-0.14310094498819106	0.3765768506414629	0.05810615823271566	1.2038161061458645	-1.5205091818270933
0.01394462377983563	-0.10556555314375515	-1.5653408042288302	-0.8766456168446858	0.6124082427521749	-1.0806088070403683	1.0964360732903866	0.8076909304207385	-1.6013256487557075	-1.0082673545391883	2.0460573539863285	-0.7113935803318926	0.9221060081353532	-0.7746013130232688
-1.240527994573706	-0.9470072345519613	0.22134119734684132	0.028561049689778906	-1.3286648050471936	-0.9718243864865693	-0.7836453520037008	-0.11686971467996253	1.7091948305795746	1.1635467146001868	-0.7542237039180779	-0.5727094565446463	-0.28329338291307093	-0.8202267291613697
-2.098681651077217	-0.20328508882814855	-0.9618634779948751	-0.9409554909027308	-0.5946390530709597	-2.2596554284638595	-1.208603589162794	1.8429427850403306	0.5680810688916715	0.02268764380433737	1.2483741972231264	-1.4121510663323245	1.0307477768322195	-1.5152003152187907
-0.8042218848005339	-1.0980736771613564	-1.2570319652093673	-1.8577745738615605	-1.0550453077005133	-0.920143829062771	0.9456808832259932	0.43375773685298313	0.24948121604799722	-1.1980745693418624	0.5092780997224575	0.561427799429108	0.4103444247416636	-1.440397204221479
1.49849027169974	1.8837890899150813	1.236370059606561	1.469354659838411	2.9539767605584375	1.9078114282586431	-0.3473772795144275	0.17708916768274735	-0.934837806249444	-1.1420529114526536	2.0286152564660584	0.42661001397586285	1.0904962068074375	1.5594363479439455
-0.47192694917249717	0.3871468143992735	0.9490565502629913	0.971750942126258	-0.245971516879262	0.21213341156557697	-0.867683682827483	0.26858871512631305	0.5605683370408091	-0.5065478059807453	-0.43349008189290805	0.7680583254046749	1.9777042375167977	-0.16954726217987387
0.48326238524925336	0.1394666655587554	0.5833623053052132	0.41450432832163564	0.005458255016231442	0.32045693105169093	0.33865163822007793	0.5637543012593825	0.07443563302771095	0.45183088799619414	0.1777284013240755	0.3418419103486254	-1.484296904051232	0.09807346561337224
-2.667096442132022	-1.7744644548077975	-1.4322421767204179	-1.8984337066693115	-1.8405791471752173	-1.6454585784199232	-0.9351575398142551	0.5101392986535526	1.1609786471163577	-0.10186478969736613	0.41131398422710497	0.6462374210963316	0.5927002969169025	-2.1990880933833092
-0.17536831669673583	0.0953044499631836	-0.2740352060179322	-0.5419179224728099	0.1713432353485414	-1.373618350512932	-0.6751312736356732	0.45391317179317564	-1.0773612668522294	-1.1158430083530533	0.48453628685953787	-2.5157273893502836	-1.2312206780276846	0.06920068249281514
-0.4154624526378076	-0.8455702591740824	0.8486734749777707	-0.08656534306848512	-2.082025335118365	-0.35705988700267965	0.4633958893204814	-0.25623908487437547	2.606422486715535	0.67225743822803	-2.316861018988903	0.2726397852135478	0.13498773172736322	-0.7188243545949298
0.14781076531266368	-0.626349554191797	-0.2031083692326507	0.5522238819673162	-0.06925920967288676	0.4508388971376758	-0.12784226943798163	-1.2137440542309579	-0.6539848533967408	0.40101495544344495	-0.2872245019331406	0.1564906223855239	-0.3288113912664817	0.16765915660007394
0.3222132026218817	-0.5881323467403428	-0.36764484947365783	-1.190973821303643	0.2793653975364181	-0.5949170051969315	2.1553757558619138	0.6469074020298764	1.0099269264877657	-0.6911906547907026	2.0927368479173354	0.2978938466333539	-0.013204552746520557	-0.9736358774089644
-1.243854435676362	-1.30377431848604	0.3224929183407775	-0.453552956642166	-0.3822097357057772	0.2622585649630788	-1.8858479146294675	-0.9871838184913879	-0.15035881633354747	-0.25986683223876567	0.22063502659552484	1.0968602881766183	-1.9229860044293625	-0.3268668265053349
1.3961741987222602	0.6725505474130347	1.59085633923208	2.1652802868289394	1.8269263202283568	1.330508826780394	0.5211848435958817	0.08769179394646988	0.46013127977408425	2.0191836795831186	1.8650707857136655	0.6608456475797454	-1.4298213652077705	0.9058997440867068
0.969402242822681	-0.17206812379250425	0.3825918561066683	0.634731906541246	-0.30254485718647794	-0.7583794128908247	1.2838650280057446	-0.5554689473422474	0.3335424158437469	0.4543494614702072	-0.7729806621714613	-1.8967180489423905	-0.09688006327727162	0.18058925726829853
-0.2418384923268182	-1.0708826998748506	-0.4279757663970014	-0.27941975652080653	-0.3830440724620041	-0.5927030934852688	0.4557129634720055	-0.9558447722573737	0.1989209863085326	-0.016380126503229717	0.1968011674033413	-0.29230289020022965	0.4845924793841956	-0.5942943323972654
-0.690377801061211	-0.045567569680175946	-0.37744014552790506	-0.5294095053635544	1.1341439304627425	-0.44158477178037425	-0.19595421138232266	1.4577427437960602	0.20833562258375596	0.18914686232145067	3.366469431818471	0.2828062386788014	-1.0293326925160093	-0.7143466774546101
0.6933254094838592	0.8670970316420593	1.1715856029133942	0.32090397994093656	-0.824991062532487	0.5812899985699704	0.9128771956775524	1.1210766941345696	1.6661525971262785	-0.29507885225652986	-1.6637960279221256	0.7200397931922574	0.8704256300278751	0.020365889155742566
-0.8041798523180065	-1.0720001018611405	-1.1005232184110925	-0.2320196436276849	-1.8919292238108372	-1.3195261084213676	0.7444386969672584	0.16328741263196445	0.04185764431690344	0.8666730584871123	-1.1167225392064095	0.02145822438144108	1.1867850625890337	-1.4073295619581259
-0.08601953143348867	-0.9476468806620472	1.0685079898615188	0.7766746745123876	0.10142759756344705	0.23106528432718987	-0.30684471402159125	-1.0278520573928474	1.325501216545159	1.3197726609513392	0.6063682167540075	0.41406841121248883	-1.3085116894296844	-0.06923330834040184
0.6273068804898565	-0.17298407930183024	-0.31166450521847383	-0.3888564106043292	0.7972105339206628	1.1569246623581184	0.5831445053817956	-0.7436594261607913	-0.9783469404209383	-1.4367984606378188	0.8733315306575826	1.1360239807634804	-0.010549129073023885	0.2753214022092493
2.4388012806569384	2.775899080574999	1.8004880737276399	1.7941712424615786	1.75733783084258	1.7349871719237475	1.6790433454112281	2.20485062151755	0.6619769904549212	0.17673762228701653	0.5158495398081356	0.3638780190565549	0.5395709356862934	1.3450745205272108
2.4848032196284855	2.221656011510453	2.4408487508400145	3.058236388515922	3.011271344739857	1.5609726212568837	0.1836536778718971	-0.2981457494484165	0.1472346462687809	0.6890259901281648	1.0296138227760288	-1.474861416358034	0.5991085742820154	2.2807217463231
-0.9877203465055333	-0.7477938355017509	-0.7754616294785633	-0.5366277768584187	0.1024592510634989	-0.00021909896009980612	-0.8929866094949831	-0.49420121786633614	-0.5149027513781218	-0.4767759949270176	0.9229191848245614	0.44729092667135856	0.08314795112498852	-0.467902695006947
0.3701678840404221	1.0404073125199251	0.7358544735074581	0.9304916399454876	0.41233296149935705	0.5442869061152581	-0.4677863814535536	0.9066919672757149	0.19973454113587558	0.36437741043697086	-0.1442054050882694	-0.36472139335528525	-0.4209278383006904	0.5805776998146343
0.5909809553644622	2.1428326836355898	0.9680990963144835	0.46654343383277413	-1.054678827009283	0.05121862581127534	0.0010224849394109637	3.110301796257552	0.5659416407144462	-0.1225266521904727	-2.260027427527146	-0.8841599615745458	-0.9175374880488293	0.4601591034908247
0.6037796274144162	0.4355526895167658	0.4275979162147926	0.4909020634174242	-0.029913811426496573	1.8036300874666682	0.1807627954423614	-0.1010583253334055	-0.08540101028313322	-0.34372746994785996	-0.8767867700497822	1.879254895658152	0.09595273996806122	0.4769971367231968
-0.2396336166028774	-1.5720065313069482	-1.8404275524758233	-0.5212326663497223	-0.8811687344537882	-0.9537693865786362	1.0319661705387473	-1.2151972148238264	-1.5799430986961396	0.16259426501029536	-0.05866155639647306	-0.3331213876252542	0.4538205048472309	-0.9336523033820986
-2.6733598710165456	-3.809687041716943	-3.032774312535114	-3.579434147353998	-3.63432623769296	-2.6348894464930557	1.32945132993436	-0.5831332192609667	0.7897143810243231	-0.5591374941063726	-0.2879923528634687	1.1889773500980703	0.3734265231050571	-3.5344924147813743
0.3890747455601581	1.4863538984713598	1.7544928947033953	-0.28577375657255577	-0.13909907717980774	0.10238142360697478	-0.9197832610804129	1.4976345785756413	1.2284087637976746	-1.922268895021587	-1.272089808935214	-1.3247842153607858	-1.0486679519813398	0.7975067417222431
0.5083929941402066	2.002626328245851	0.44147343028908526	0.35352816657124486	0.8160744663521078	-0.8994190924211904	-0.2096734224315663	2.057459765757709	-0.8949965998724003	-1.8639782963101676	0.29431787981959345	-2.208981246064645	1.6408788748620502	0.4399746938188158
-1.0897503373085353	-1.1306836483619085	-1.2934211254421868	0.21752062381635384	-1.6771527682235694	-1.1821493742454163	-0.41527168947144405	-0.5399611373982223	-0.7411999944418516	1.2691037605248172	-1.432143180674769	-0.6473114265018728	0.7000729510191146	-0.9467215561267981
1.4815529679779431	1.7269822820215683	1.8971405010824287	1.5237805266720654	2.10588579623413	0.4932816886937531	0.3891391648796883	0.7334002806539192	1.0779268026386604	-0.06441105630479226	1.38853043358882	-1.3114671580918738	0.7592518646993252	1.135091740689352
0.06248619640634412	-1.1099846240283762	-0.38701239617756866	-1.3523440315109552	-0.9931030633995073	-0.021831496803574546	1.6284637052126647	0.004321152326664916	0.9243965509472137	-0.7754045233968317	0.1899694540464524	1.3502399968890872	-0.5510161480169521	-1.0023740858209849
0.10332668892957085	-1.2770714561040404	-0.8991459921435005	0.28284597856611315	0.09157152635488097	0.11886495436590477	-0.16595662578615183	-1.7134745365732398	-2.189317083300471	0.3403569180914723	0.43252154164126966	0.08982231648903681	-1.3886913352859944	0.02875153289710226
-1.0433267433160127	-1.1521721361855881	-2.043513126256386	-1.2587340484312841	-1.1488757409998036	-0.8999002494398626	0.06452370521994562	-0.13320292161421302	-1.5433072888420176	-0.6666553166442865	-0.12541452545940523	0.08916112843799585	0.3463505570155795	-1.1415204946201762
0.6861188017261618	1.0924309055321755	2.032409489839727	2.168899730805469	2.088874525350041	1.2486064369159777	-1.3918151519029156	-0.9884265299276892	0.02788609411708299	-0.7498368581565584	0.9809114439742258	-0.0008467499761791454	1.8787512645156275	1.3097365705856634
-1.2220850068565339	-1.3555142203742383	-1.5040656170456237	-0.7608280194697454	-0.7248328498976269	-1.008069659001423	-0.21200640448293773	-0.4515591123194357	-0.6227047180296472	0.18235421428341037	0.602071306914331	-0.06616325717460184	0.3561951538587535	-1.1558177837543278
2.064869157343763	2.171625765414904	1.9915317466759628	2.3507949604097367	1.7226279798263047	2.965438788181071	-0.06042813367390202	0.11389886042566826	-0.14276729277563371	0.07500215508637927	-0.6342270471927249	1.1589697255504756	0.1542712538575956	2.072432198387984
-0.15143718154650038	-0.312970581798564	0.35957724096285865	0.7210815356840803	-0.541421949168587	0.6632458216999078	0.3555914901662667	0.06308214742869556	1.265287415941451	1.4188768444544773	-0.3135394218924186	1.5265674282728565	0.42174842960778913	-0.4351695561773392
-0.35837919889317194	0.501645851756523	-0.7440425411038158	-0.21176190613232038	-0.4923978726965592	0.15073910494409792	-0.9126241009092916	0.5071880646017252	-1.4972805039381378	-1.0333337648622558	-1.1478560017866033	-0.2904550864005312	0.31301406117599423	0.134730200760289
0.797019086070849	1.2354593876217161	-0.3390792253879822	0.8283730086606154	0.6798134699079603	0.9866009314184793	-0.010760144446512227	0.6875357774611879	-1.8533848238552795	-0.3756603780361348	-0.23133876136579687	0.15100945470632762	0.508290892648621	0.721279742615279
1.6985149139998927	0.7738019414498994	1.70527244501484	1.5638999122744062	0.6510763013201915	1.482492641273395	1.4021007577638176	0.004361054272882022	1.4642961956887504	0.9799297528997277	-0.20082408457269477	0.785238171119984	-0.22632437214862816	0.8164501833158958
0.054082755745002764	0.9825885918807248	0.2630047844298544	1.119687380999684	0.7240947021259722	0.5553433660123324	-1.2188139377951834	0.2657710684878376	-0.8704129646668562	0.03999817678646636	-0.1425998738708452	-0.4423077474516804	0.7462378163681002	0.6738783875144021
-0.10859402383141648	-1.8559820331211514	-0.7233389781864472	-0.7897011947199134	-0.6392820403489184	-1.7104205048560215	1.7886873495768076	-0.8803439972668355	0.8230406323517698	0.5404402416211213	1.1440627883066374	-1.0773065814943579	-0.39613692358796604	-1.2485482500434568
0.5081709848258057	-0.566533266710595	1.0543747940450388	0.6022105718964863	-0.8944238635949204	0.13506701699250354	0.8006398797759365	-0.8052970269510089	1.7682161979389441	0.7959929235298076	-1.3532193574899567	-0.05352388651980769	-0.29624156454452333	-0.02410673763108504
1.5563045225754337	0.6646537260953242	0.7079701756430781	-0.04245662359100544	-0.11666085229447137	1.4815592107273783	1.5084040760493587	0.5499400555002764	0.026755313686205408	-1.0694766560177802	-0.7946343082614219	1.4023749822546479	-0.9269325398143327	0.520076200758025
-0.326701014447364	-0.17701849747943543	-1.2766432691514316	0.9077971518834784	-1.0092412411897038	-0.018665119842227407	-0.014225645599169626	0.36488557115516573	-1.5495077263552086	1.833115312156282	-1.0226202582435782	0.2344922799342504	-0.20360218459804563	-0.35522940325292574
0.38049149974591956	-1.1784789861436373	-0.4955758003559071	0.369881180747685	-0.7762708566029698	0.3261528222607132	1.0902424702327742	-0.6750900010488274	-0.8669803899232781	1.3156830409982994	-0.1911561273260993	1.3090309913015552	-1.5591714585148084	-0.46159069381137924
-1.8945349313342073	-0.1189724399401102	-0.21703004876437348	-0.3886849685107615	-1.7725165103615437	-0.9535085724129533	-1.133098260347478	1.6261433738911961	1.194334617726776	0.1506021001725762	-0.9537136044119986	0.7297884564179343	1.5271992135763854	-1.400098306990105
0.29089599263427857	-0.5980306645789204	0.10322258364368031	0.5664696811721699	0.10230325032556165	-0.5739518125719836	1.421353753042713	-0.06136338996601696	1.1336607401206737	1.5448610887109016	1.105895426623741	-0.32457832293287886	0.08624421351124059	-0.5784614733015584
-1.6448963564808394	-0.8529613182049653	-0.26767229543431537	0.6560284424123909	-0.9357812615683871	-1.4651557930545012	-1.2634078534087487	-0.058366754858199386	0.8906000368021502	1.83888959339348	-0.1314275403209595	-0.8795239077943564	1.0740598739436515	-1.032753240078776
-1.6921517226890173	-2.224745714700722	-1.6301237565707432	-1.4009443128705148	-1.455694568591193	-1.3494792025616293	-0.3026212835671475	-0.7757140505428306	-0.18795268571984303	0.19703947562752622	0.48679114519684935	0.19381503777730125	-0.7082324677730409	-1.6176707908204158
-1.8027320439843881	-1.9471431334431135	-3.3524188780160067	-2.1510582167612884	-1.2040899790535413	0.2583603442978448	-0.5698263688427033	-0.8134504473530859	-3.1157479126066137	-1.4900037063274783	0.42511967762394115	2.578502438578372	0.13873323859491637	-1.4868195127502453
0.20428210182649625	1.2823536742270232	-0.16118828245963934	0.01186342413261604	0.31642501934326217	0.7912397988660389	-0.5347845496035376	1.9126076054745276	-1.3450099756151375	-0.6994493189456699	0.2186525969057988	0.5739071649439356	-1.1748561012324854	0.36976033118880386
0.3332321517740708	1.561295035549619	2.2542324241186535	1.2110529887545547	0.629675082116493	0.6174253655054902	-0.8266159430453447	1.2056113504349921	2.4336533851152766	0.26884090384687714	-0.3451882982552222	-0.5749743433098199	0.325183413818026	0.7728915425250185
-1.212478257084133	-1.4177655034086554	-1.3086748553401646	-0.4062919779414459	-1.7567328363616261	-1.959758726620894	0.36383286073417753	-0.061609806990573765	0.15477662867307976	1.1127088411415018	-0.5898337684314042	-0.882515460103288	0.8824838994670138	-1.5572963991077138
-1.3587815070675955	-1.990999087331176	-0.988687990267872	-1.2752519547032133	-1.4440300785740505	-0.7708397131928406	-0.04700469685610372	-1.0473311781051122	0.5937542919467945	-0.188833714055045	-0.1357463775815928	0.6268329264194615	-0.08163482973494714	-1.3462734145211195
-1.4826392910956536	-2.8726379791551686	-2.0646516183361396	-1.0375577698364313	-3.0553162983196698	-0.8519687033437711	-0.3833668357212524	-2.2776327472227496	-1.3462982376515376	0.37805556143025826	-2.6025577007530285	0.5991987931450367	-0.7230814671891271	-1.3614420373836933
1.881571846572085	0.9942989057006814	0.650560074275862	1.7614116175728478	2.0223554185999184	1.4303291105690574	2.0270144918806254	0.620143143492583	0.00624736068775973	1.5633607993940326	2.333495281375665	0.978657753629936	-0.11073168518619755	0.6443593566423711
-0.23195093020973062	-0.37716594532838305	-0.5611988708638989	0.5358908854221064	-1.0556945141208716	-0.5178664602807852	-0.07065402834816521	-0.2650387572988351	-0.5977637064416728	0.9225288677930471	-1.3959410655143165	-0.8562325163125195	-0.07272176469114024	-0.20359833801085397
-1.6938538635871936	-1.2993892271521696	-1.7611413295394112	-0.4246332200410967	-0.7869488483834743	-1.5620215302412659	-0.9910007682192968	-0.4116435838777028	-1.1384450307092617	0.5502806914626579	0.47519156542353574	-0.7867402226099174	0.8487747533272293	-1.2221580274909938
-0.5664863307178845	-0.5385813538818551	-1.8035011766011675	-0.4045469299742759	-1.6304744552495853	0.34231800122205236	0.56475833674264	0.4841739662444063	-1.678898505941409	0.04252967382238715	-1.257764587061101	2.19562915412394	1.1439086138272136	-1.0578674563939416
-1.5983707391425637	0.3222691214812471	-1.328167157791237	-0.11046215620421654	0.5981921139748907	-1.1126262913231926	-2.4357004763219767	1.0723883437969648	-1.9346166683047346	-0.018912174162721465	1.5250123158065214	-1.7799118005774053	-0.5093728943966532	-0.21928930591760112
1.786273395875679	0.7674180662938023	0.34633346062492176	0.6575759600147358	0.284996076001108	1.2612867847493132	1.3908826413291429	0.329333063733629	-1.1922632829381923	-0.34170918513591353	-0.552998999448567	0.6330687381016329	-1.1460151918105317	0.7990212664157312
-0.7286765239857221	-0.49711624499808127	0.19953047756639417	0.2658451608059391	-0.21626946296339544	-1.0908377710198878	0.16925713053067568	0.16389190748184435	0.20914357477196271	-1.4278991430863623	1.204906755600308	0.2183107278143006	2.3967020353634942	-1.0747917965598868
1.2650009216303562	0.986925237352883	0.2596306626858944	1.3579239598751165	-0.6038650567467116	0.6557474748647932	0.9025085000235901	0.2032879662039038	-1.40621620769657	-0.4376309036021653	-2.211597670510979	0.2615038527360675	1.7008495527610767	0.5247825470783254
-0.537461671949911	-0.5432820257705607	1.6987974671696726	0.4298525907545444	-0.116657140965994	-0.691291514409484	-1.5347078095647888	-0.14291635556110946	-0.07497890098449536	0.5080965091193271	-0.28936755983087026	-1.0215479130840224	-2.855083471535593	0.11348448187322349
0.2763483850054179	-0.6282908090067028	0.34116180142968877	-0.12328787975596406	-0.026510875032299874	-0.112224868136061	0.5353176089975953	-0.6025632320233523	0.675092404809453	-0.14755400778414024	0.3871396066245719	-0.22102595408369693	-0.6244092411944779	-0.1418710215537958
-0.23614410220048598	-0.615009281760643	-0.6723820532386199	0.018318204367576474	-0.7601031727811565	-0.8823131054600167	1.4986310115772254	0.867185361956363	0.7731262389430104	1.5893941377837812	0.6253622160553866	0.08991890430587242	0.004708659827194633	-1.1362622308998998
-0.05405136545229794	-0.1413227762825153	-0.08708489818592935	0.5185221581457877	-0.2583122926598307	-0.9872043043976602	0.5126688997217826	0.261100568017344	0.34370263660529765	0.7747492972981843	0.12253767926894883	-0.9813905496949913	1.022860578662294	-0.5025552328253805
-1.4546430704431375	-0.243390754622536	-0.16492026847660496	-1.0400934824082952	-1.2738928157210907	-0.43556548364810255	-1.7675898678792035	0.940688933126929	0.12778701003640222	-0.9005777089381602	-0.8783657022762038	0.0985350317118928	-1.255294334293037	-0.556745247640086
0.8487715745994402	-0.294120814411777	2.7167624061527134	1.6718257157642964	0.5629369895242438	-1.0838608357834827	-0.3132735746526793	-1.3011343141743141	2.124605934060621	1.3363479538440515	-0.12496610181677412	-3.141245520427269	-1.7421407980137296	0.8349879336955573
-1.7934303049312958	-1.8978429267419676	-1.073162610811685	-0.2286604304564781	-2.6012321134232956	-3.20919594286151	-0.048614660603199675	0.8310544624731032	0.12656323847176681	2.887670413087987	-0.7273151344166882	-1.8840619570697685	-2.0469344812255033	-1.987088707980729
-0.33186351742469855	-1.188662043277336	-1.620846360295218	-1.350332351724067	-1.2121954288833985	-1.2674671544100748	1.5308601502472199	0.29775290504773755	-0.5593459639047809	-0.3197481973111561	0.2568412596997442	-0.254976003643798	-0.3126346176284552	-1.3047868627802874
-1.1994386228194172	0.5581903448705487	-0.7219888554952602	1.0180282976457813	0.8168551396125929	-0.1766371965067287	-1.904588565654948	1.394303150225865	-1.0769530201521103	1.774135407542258	1.8121872131653607	-0.30889430972464454	-0.6237760049515567	-0.1536363442746589
1.203158320042648	-0.26814115618540624	0.6526150145869117	0.7592463561588153	0.918930361337483	-0.5062155252262242	1.0645922951801885	-1.3880201536764651	0.16320398571718808	-0.00951145990768482	0.5904404895868975	-2.100126876558878	0.05266518615177075	0.5541378987901187
-1.815410306233834	-0.4677615513183169	-0.5967791979568903	-0.33026258998238983	-0.9405704049476229	-0.2533678991095726	-1.6187479935078006	0.46109042639180486	0.08545256647606672	-0.15078045433344464	-0.20073711763912905	1.1990130599078808	1.3554679108852346	-1.0155093893304468
-1.6091657148935292	-0.2522933331977779	-1.8980425835119081	-1.0301807201191877	-0.7458457118356289	-1.075810068803393	-0.16555648379336324	2.095771076357975	-0.6381373407775399	0.465828817487235	1.2731849713506629	0.399303080813145	0.02779347755892359	-1.5153146745243478
-0.2397272851797782	0.9438035721533673	0.22281882760135874	0.720343727644627	0.30711388724630967	-0.48055674782544966	-1.0688979877133815	0.8604722698486936	-0.2610888992005955	0.08099696263254574	-0.188961579051722	-1.5892034945221407	0.5987916210405754	0.30776188603603605
-1.5904093639127135	-1.0312092166763285	-0.47872050265764676	-0.4564063830422873	-1.1741606177605184	-0.8885672576173775	-1.0963763771823958	0.4229571367278583	0.6303213323057089	0.9151653262934935	0.12450083023872999	0.14501140965017562	-1.0460759953378285	-1.0757682996454778
-0.2908304110357873	0.13039221564796966	-1.1288372845596837	-0.13479139771800258	0.2348653834560004	-0.1205725434953094	-0.34933139919900447	0.3516159893214872	-1.7217079905075734	-0.42487287022015474	0.5257697795945407	-0.37114982140381325	0.08307741911847132	-0.0971928617686169
3.6142346774008773	0.9344029499474007	0.8325136663912838	2.390443475530042	1.4460702666824248	1.073561873662146	4.048011190080207	-0.6267630033884478	-1.0937929117573308	0.7230190026580849	0.41550912005375723	0.1272211593907593	1.5684770972398354	0.9967653325325023
0.28133113993744174	0.044655344510513895	1.5448768896578238	1.3634579465090917	0.8256570262070557	0.5267860119060266	-0.27810445144004126	-0.8786291939819971	1.3326223915107693	0.2567916964263584	0.60875483240673	0.4393560738444889	1.5570491801511646	0.26042302486947927
0.018953938698256484	0.23997311855487527	0.14369907461485232	0.2661716389242235	-0.1575430164756284	0.5075358286927504	-0.33088067630982093	0.3618172105149907	-0.07635064990724537	0.03112944555599759	-0.309366016879667	0.3417328950042387	-0.5407369319701273	0.13103017863990632
-1.8469881951683391	-1.5854274800089225	-1.4360714643336672	-0.5830920196530283	-1.675155713378875	-1.9186965595749708	-0.7272811887890788	0.09087274588525898	-0.015738013427854712	1.3711576334928814	-0.07343864411200796	-0.9462655179745295	-0.6474372995138421	-1.5104636676373095
-0.07284663763550991	0.7653265321717195	0.7416929837339298	1.1311265945583973	0.6243172398940915	0.3165885575076247	-1.4360106221259537	-0.06617767248730481	-0.022783694216722734	0.16891918702553332	-0.2958641266816774	-0.9597254931595238	0.4593758323247691	0.7131579691991485
3.0417314409041687	1.1397557971441117	1.8586382502725456	1.9338869882293108	1.0299511256828042	1.238464114814547	1.7509329551086759	-0.7202471681524738	-0.48845693069148804	0.08526829963516645	-1.0092928608826108	-1.0778940660863812	-1.2745539026074164	1.8268148785570795
-0.7271470035767089	-0.49386796352353096	-0.20360984043334368	0.1141147549719376	0.1508604312101376	-0.7305568842189315	-1.1530057320615088	-0.5540618360366841	-0.22144952787612857	0.10877523072501633	0.5183388252629972	-1.3758439481458027	-0.33872146208933374	-0.09368656948365374
0.8257491003272251	0.47750218964183144	0.7540737965696596	0.5849848917029251	1.1407699611894557	-0.15155418004933552	-0.2079963747963435	-0.10963031639317095	-0.5664300696318059	-0.4386293236575136	0.8993137656550966	-1.6795270138515062	-1.232990852357578	0.7898785499492497
0.7881432924690142	1.5433027065496563	1.1185419733975919	2.0909464855458735	1.177648465203056	-0.22925412839290416	-0.007894945229045495	1.3361274430363843	0.5783213189822726	1.9127471880580869	0.7265756047776866	-1.9926111595761622	-0.13215085731335777	0.7680564121904973
0.9406962192590897	0.390068727960989	0.8005904759221265	0.124149154563711	0.7896558002195333	0.0030429610394487883	0.650555202733022	0.26525309127003965	0.34504067496330737	-0.620758480252453	0.8875747081264419	-0.8894870121874286	-0.9364003580916721	0.4181969448172997
1.6233439634467024	-0.18823375923158003	0.8693096410656952	0.08607796322803318	-0.5571221874465493	0.8312538458294259	1.525944954042564	-0.9429898189165045	0.18063104865797036	-0.9359171133306549	-1.606469123468511	0.24427192602325606	-0.9720239124290582	0.5719649146041342
-0.8156730649575006	-0.7069803160297137	-0.14635891576343427	0.6434517981428037	-0.13717254353237962	0.7349996851025661	-0.6854903660562535	-0.6152072135689688	0.3013365280404017	1.0324133834147762	0.39547988918825605	1.9727875709894598	1.050886355343174	-0.5480332589569672
-1.4328603422061867	-0.5035290249485652	0.20716531770514873	-0.936241845550867	-0.5029460698746795	-0.8812287260801116	-1.3459810284824254	0.8712319692187785	1.1627933114262288	-0.35300910276381864	0.7804464551244668	-0.2793032940194538	-1.2113701197129214	-0.7839941825372481
-0.6644444352501697	-0.660280379777466	0.6218797047064852	0.4478818987221927	-0.0019538749131735034	-0.633885049694344	-0.9776653168008287	-0.4996081484023739	1.1429687333394059	0.9278442662442602	0.5683579763159268	-0.956037757146272	-0.8164610807746717	-0.1972232745811073
1.2894851023001923	1.001975036464776	1.0375461339738181	1.633702760888339	1.2352214729807236	1.0381719376039156	0.6703972083083448	-0.052594603890287264	-0.4217065229887055	-0.31730903776909264	0.5871981268691692	0.6432228775905011	1.739028347068971	0.685726129385154
0.0605133458218568	-0.469175829037531	0.2493389793748373	1.290585456590922	0.6286409071189292	1.027852417709708	-0.4858975596364576	-1.36906063877171	-0.1567933238117835	1.2301773963111524	0.4606394631797063	0.8084711772705483	0.046378905713080225	0.34298477308287884
-0.33971461664414326	-0.41944274346541865	-1.982684740105965	-0.959249289230028	-1.5937459854235057	-1.0901280240794882	1.0137881959246506	0.8598177637867918	-1.6656458728414931	-0.40365393776150943	-1.093850731227346	-0.4320950040110518	0.39909942179490626	-1.015153286096475
1.0576702869331767	0.8140498020584483	2.1562390196175447	1.112537148798099	0.7830155001753285	1.5096351763797773	-0.49870581888348303	-0.6568809864709653	1.3909404715318048	-0.5166330650334499	-0.7122422807729479	0.061232926521920944	-0.40414695364590575	1.2890077846702088
2.2269252014373264	1.2434036187637525	0.8355420366216275	1.081634122369761	0.9679878073426191	1.164293959762126	1.8715677599951226	0.2486760751991157	-0.43950035847079577	-0.3543732488040926	-0.2103511057575196	-0.22461086434567737	-0.024615468985722904	1.0991210674414276
0.6077558811221426	-0.04512291204762496	0.3855791335803596	0.823019350102693	-0.1126143038786017	1.012058236994446	0.7431770110867195	-0.050650407425563364	0.426130560122073	1.0291628863919298	-0.16945748563079574	1.2544946363885414	-0.4864924356005036	0.08256581952781378
-0.6729381773222043	-0.14591423772789203	-0.12677897022024587	0.26172104466799295	-0.6759334237187063	-1.1468990408207982	0.4303154163931134	1.0950820780426738	0.8113375044043172	0.6646288804466727	0.4098180434103754	-0.03413616843929121	1.5940338470327604	-1.1217702539600485
1.4180408557104756	1.0353263694899246	1.0038978337748832	1.7661726836031182	1.754874313412002	2.026937751164221	0.010833180433695343	-0.6443007642865057	-0.620126393602413	0.21637361657570978	0.5574659450544854	0.8152492164350853	0.3574019306844803	1.350426441924932
0.692862240554807	0.9225576726323915	2.1555997673523524	0.6200888449366434	0.999431829213465	0.8583441162384872	0.19747069236606232	1.1445201275050112	2.533240933762176	0.1845124623099713	1.219849330763679	0.5240802102847242	-0.9996826513727195	0.43578212640392877
-1.3562864597539903	-1.9524648823031925	-2.768647072813944	-0.6683872583612349	-1.6537221138392209	-2.174894636112643	1.3173195165981473	0.602325364610402	-0.9808861375128954	2.3788775606281845	1.0949311317289208	-0.22013015523238746	-0.458500680133372	-2.2221599650427595
-0.6243589504988749	-0.07330518946875342	-1.5968258904273798	-0.5093168415450842	-2.2518204654426532	-1.9109118262631917	0.46360487888661467	1.380772634716575	-1.1313172724371425	0.3193833577169445	-2.2500465986341913	-1.9841399043773786	0.08931007235625953	-0.9196307847699503
-1.183258784040639	-0.5992018606113017	-1.2062280279544968	-0.3767139513152967	-1.765988870029111	-0.8664513873318656	-0.3100242803929584	0.3383898341977951	-1.4534905279434445	-1.3356847178948563	-1.1892101976060145	0.7671523680997719	2.109506213006878	-1.2241370037313544
0.6276204488970851	0.36884296135726585	-0.0049024808352838845	1.2255374674943424	-0.9413285291589376	0.7085953287252089	0.3819806903991662	-0.056928343995487574	-0.6209451800429602	1.0280965074036212	-2.239880183648053	0.261116503304875	0.22921725095628945	0.35715651756330047
-0.20154478334230594	-0.30526468764361137	-1.2319636703959578	-0.37715311226650405	0.23024406099009526	-0.024182003279084346	0.24492178021980723	0.0551613538401459	-1.413204323806017	-0.42143303797215204	0.9501049565587006	0.32852972920975254	0.3530234060240988	-0.40896618115251865
0.7460411092857558	1.1776582790365044	1.6456556163791947	1.6115142051271998	1.3552723805632194	2.309159473798754	-1.0969456493226546	0.2187751574731916	0.266436156755896	0.4721141009749823	0.4515168699904384	1.5881387456914273	-1.0642901549473927	1.259251215542068
-0.3667711152676545	-0.31489533742787257	-0.8884868549173301	-0.8972826354228258	-1.771068480061332	-1.4763604507412746	0.8646426605247285	1.4080703910090229	-0.01855890727697762	0.02296305832238388	-1.045350793905359	-1.025571932512468	-0.7891587595834398	-1.0019058201165982
-1.303617867892758	-2.0610580351362424	-1.2470559537904609	-1.2413295974449472	-2.2036376765491643	-0.5542011593499819	0.13105225555363498	-0.4746103430865716	0.0162101209201488	0.3941168245379305	-0.7989241428041541	1.5163253415449391	-1.1874682262812375	-1.5387981840280518
2.073762635193159	1.0058463257002082	0.8056780490921538	0.4753967083526116	1.1871251671748806	1.707445472092401	1.438535763216074	-0.04921159189578637	-0.6213036869242606	-1.2998820961375228	0.24674905800379676	0.6639960539898164	-0.4825654695973956	1.131886374757159
0.3612213539960636	1.1154288618144876	0.9395439542460118	-0.7512433156632525	0.6055446206234888	2.034968921176717	-0.9978064662682655	0.24739872375962096	0.022930475330105157	-3.212562759932471	-0.6010551101114253	1.5573398869294484	0.2902854143218257	0.9089325446943499
0.650996091949811	0.7389309487401604	0.07032600753458496	1.8290502957008465	0.5043375342843447	0.9875341922554044	0.26811315708228345	0.36261951267372533	-0.6777354272378031	1.752214392201725	-0.012214455861602714	0.7376416934221576	0.6674518250324784	0.38786887612942955
-2.113122313277923	-1.0198810578737045	-1.1811640353099975	-0.24852100838621616	-1.4284078556656035	-1.666043147387664	-1.5105481374391834	0.29223690318884216	0.10194626640643503	1.2171120183563522	-0.38562022354918163	-0.9676965838431053	0.3797626382285584	-1.2711757274327213
2.0680816381424636	1.1860871074522223	3.9408573593041876	2.6922179807966717	1.103433826871604	1.5113999395179518	-0.23936716818362785	-0.6355957989617407	1.7989213404857507	1.1360388510384236	-1.1817879389923827	-0.6247819794136787	-2.092354111790546	1.985915409187376
2.3014450627531065	0.7289721113173283	2.038466367666184	0.9942121676327841	1.0863149373053693	2.559600667452426	1.35050526148839	-1.2254735867409536	0.9326835446037924	-1.1175009164529057	-0.6299199305727599	1.4702416233257174	-0.06833079074605776	1.477922421511112
0.5945403796040909	1.9388802787556236	2.056639610726577	1.5834072411105318	1.8575312262652137	1.6819012374698967	-1.5952260457606524	1.2853752624652388	0.6539888763509527	0.20331971054806489	1.0700891734111622	0.33748968175522787	-1.153165393479317	1.3982881999723438
-0.30527876065437487	0.10665167158864629	-0.8630594939939271	0.5391305377453419	0.07645243377920989	0.03698518728267462	-0.4116841531558417	0.27420694483225116	-1.3219415690594463	0.6609690323861496	0.22388960447231732	-0.15313749766704088	0.0642366310000056	-0.07071982151070554
0.29328742450283884	-0.13203215855165246	-0.513660543182494	-1.0879074587046178	-0.6363496824226273	0.2256609829272604	0.7447085559623992	0.011940400465306745	-0.5425045517094534	-1.9499027526976103	-0.8242746830202933	0.4474671631789645	0.42793798941139116	-0.22478399671311475
0.8184372415092749	0.037621877776474744	-0.5773098480827001	1.2208650736075806	-0.13595727066094077	-0.9011377640576945	1.0842913878872886	0.6606157264929882	-1.8306211992531831	2.0170092416001677	0.15138119222342827	-1.4276170048038865	-1.6561660761505916	-0.027514342889199815
1.5345171636764545	1.4606368931909381	2.4467665666676903	4.554036640812409	1.0697410783390846	0.0915680157513421	-0.5618796830219873	-1.0901080050113499	-0.6374281123259167	1.0012172643913446	-1.1344813151476283	-2.2956713574806846	2.4551492754589	1.6236718411059679
0.515407581681836	0.5183249820575262	-0.2948912949043026	-0.122882895529342	-0.9746290692811292	0.13770064474093988	0.7859869308756126	0.7445650500562612	-0.5325326540278527	-0.7380492911982115	-1.7304953863413972	0.04732453308588576	0.6233358319516172	-0.05308121436655398
-1.9039485041498607	-2.3433762869877066	-0.16709594087213675	-1.3577190014458693	-1.6773405577862428	-2.4075530243228007	-1.1605622163666347	-1.2029436368317963	1.4793527213004567	-0.07384476208178549	-0.1946616044474691	-1.8317836875763311	-1.256278069151093	-1.3703544910584105
-1.3840042928652716	-0.09883888979195554	-0.5480534236955146	0.4381512419150814	-0.6234442749020831	0.20679514571946878	-0.26375370233409184	1.5668522842693806	0.10196678923980688	0.5587178270639818	1.0794405876639326	2.912471368093838	2.04873619947715	-1.448697500249014
1.1839201428151216	2.837644764768691	1.7575620345990668	3.8142019186337865	1.2573795017172738	2.20762965494359	-1.285237704785327	1.2247483396234808	-1.0132377740224783	1.516813702441124	-1.1535249596197392	0.8177481438254286	1.7504178062110891	1.7527121997523851
-1.4666522017563466	0.34488087524301325	0.49637269016592656	-0.995609776735663	-1.2424829155496389	0.19918179858832222	-2.289307524679557	0.7230940589819768	1.0320576243991704	-1.852770226704941	-1.9219524955539091	0.22673720790949212	0.21615430536471764	-0.1322064212191163
-0.47881445900263286	-0.14029411198562175	0.2894330122693416	0.5907954571383265	-0.48114548345288777	-0.0946708094154537	0.030490501654970845	0.5922056689932595	1.3454086532100635	1.4745430816993845	0.024234125913605284	0.3799805905729249	0.12713719865826636	-0.5210449531132307
-0.09755242580438067	-0.5441300710675159	0.24287197404464006	0.21242071302417376	-0.6643988026857184	-0.01868676415143336	0.2590930074282932	-0.48731946055328723	0.8587771248762541	0.43789373567835066	-0.6876785225503431	0.09634965787042232	0.11695891960240673	-0.2751301786560249
0.21516554540807498	-0.6292095249966869	-0.8309708107387512	-0.0702421284221979	-0.8563237699407295	-0.5596293334739588	2.0872756048310293	0.6275216941284979	0.36489348290764967	1.1308883663644975	0.26537369585959153	0.7058309288999483	0.6705233267099344	-1.1398272068157724
0.8993395372451984	0.9352799143764748	-0.7100635656342178	-0.14025582668088643	0.23453946163208447	0.3428112811538234	0.9022044913587168	1.2125079457253702	-1.7215868202737745	-0.9377790891266291	0.040848651983990174	-0.21703386556201967	-0.40860711968593516	0.2894965708784398
0.2427559469593465	-0.11472817358040907	1.0013538010777387	-0.2870021894934733	-0.8050015603344721	-0.07708099184271072	0.10707591491060371	0.10312817797864718	1.240379508975012	-0.6517700647208055	-1.1090616616065228	-0.35021122238674585	-1.0552028421725717	0.034435488066916986
-0.8526466764967934	-1.630486498984062	0.11769996226402302	0.1882517615615653	-1.281219165062063	-2.6239759870003	-0.18782503523909402	-0.8359559701094308	1.2313278160471772	1.7018063632462168	-0.3369378943090458	-3.011823775829844	-1.1700541751004967	-0.8949020818983041
-2.0652516433729637	-1.5260418773371822	-1.09682419103894	-1.0906416269417851	-0.9694510337197969	-2.0047801385547164	-1.550186066593372	-0.6625946570308682	0.12005824927361894	-0.28470385167557205	0.2662795358291409	-1.6872484613259606	0.2806151496165969	-1.1846081130419805
2.8884919542442447	2.7090810567468555	2.964965564758698	2.654713979820257	1.2560155582286496	1.2770717988825935	1.8442018268691183	1.4639673328945255	1.9283600539288965	0.8681283558938251	-0.9226897278338537	-0.8481785383732302	0.8691129596154802	1.6568780650870443
0.9066922911347763	0.03972195410062898	1.5900953410929055	0.16366937709007912	0.3630837181793428	0.540894410459489	0.28228584823255737	0.02478772850200942	-0.02039654467352837	-0.5845453244851995	0.0160627059001556	0.3107270882224698	-2.3526162999057543	0.4953725769805742
-0.31894030935103806	-0.2563795072541538	-1.3298358068782195	-0.9573815336645762	-1.2389824004391807	0.9128267557849716	0.7234362466676032	0.8449968284524403	-0.9530262993857236	-0.6567858237089347	-0.79267564863055	2.4517520692051216	-0.02610634418733523	-0.7581563354881509
-0.17924687615198343	-0.38665144774179167	-0.7846018329041389	-0.7968766989959384	0.22670333853917957	-0.38593903542516794	0.959284048764616	0.5927314580489755	0.009268625743901134	-0.4544075466450893	1.61843483175264	0.4187819572589696	0.39686624653641567	-0.8216635718784602
0.7749215812229804	0.04784588124167921	0.39286069386622624	-0.026063132177015502	1.0574159142854473	1.3217076778894206	0.3394383136359574	-0.8438882510757246	-0.28386824452613135	-1.300709205638102	0.8387240070315816	0.9318077261918176	-0.04315195247182508	0.5628092223814789
-0.21285596317980734	0.02033775891494155	0.044397307253245644	0.48448399522189944	-0.25567944813441873	0.6265838287194698	-0.6714530471664308	0.3811556714838798	-0.46139665397663143	0.653789780977921	-0.16869110009504	0.8707272345803794	-1.2023380152229033	0.032111959069194375
-0.41375129810588784	0.3285418285641524	1.2362588434522581	0.5481681615701475	1.176734012462548	0.9110421448372095	-1.9559186892780906	-0.7238225942043324	0.8391897716900982	-0.6971502059697233	0.6901792955472041	-0.019169597876735098	0.1844877549805129	0.7259378340906493
-0.9385749921163153	-0.5603433236975651	-0.5862025819747032	-0.1875878753084501	-0.7874101051471906	-1.1077027241847266	-0.1514281378789053	0.3285217646270249	0.17012337323053442	0.18450090282586426	0.05550032673158332	-0.2579032015641727	1.2719448703137946	-1.011845356536539
-2.580696535915722	-2.983061041488103	-2.2753373794249936	-2.185474620990313	-3.612459128908435	-3.7487263659615557	-0.31430712503139113	-0.8030070147475971	0.2515116597483422	0.18016469764805573	-1.8533615769066003	-2.495342027446249	-0.29060880770943076	-2.4431350710976583
1.2897790186651368	1.9491706319087818	1.0444748208768269	1.39336331748415	2.0131801875857125	2.2783496135549193	-0.11457699534269472	0.9557541608497568	-0.4689671986006684	-0.34802540797620174	1.0682807580907856	1.3657186330806275	0.47382705229631294	1.2809527249396653
-0.9525424773138316	-1.5205703303062033	-1.7404709619038783	-0.8922990179972999	-2.6251788069354616	-1.2140448431020523	0.7665579761958881	-0.21508307551175734	-0.4985537826154162	0.4423569512037446	-2.047934833658148	0.18493183367422517	0.5301490186009901	-1.497550288719347
-0.3845207824806187	-0.1414203960157464	1.0394827439136356	0.6646651537835444	-0.19972253613697555	0.9866228047244598	-1.0991360852206327	-0.6555287526215618	1.292008666625417	0.35405473579334884	-0.7527100969677898	0.8722854122867596	-0.058483161703173484	0.2635934878978254
1.934484271202006	0.7044259931663545	1.7098790063933607	1.8634622130818104	1.6487906563420127	-0.14943502536236863	1.2233111817080566	-0.8524093768707717	0.9056682155365414	0.7074999623468917	0.7263769521657059	-2.4280795386179865	0.44493377702173964	1.1268848638844695
0.9283691171876772	0.25860300105051187	0.4289019497407699	-1.4199550295180283	-1.4226362497833107	0.3117419940184707	1.928416493435445	0.7798457739487663	1.1469943204389603	-2.40218684677436	-2.015071606330981	0.7460127348461886	0.5070074232573933	-0.3107059479702266
-1.2700913331959809	-0.2054112693895329	-0.8346216368528059	-0.7013043370696617	-0.4427134366556812	-1.2478709029065858	-1.097346014400293	0.6770756143296627	-0.36618347815942376	-0.4827920595918026	0.2815722539815098	-1.3881286643586106	0.01654840971313928	-0.6149663199299583
0.2622328457314955	0.7159266698103147	1.0393600435810442	0.8825636331348016	1.5714379722646399	2.034833508191247	-0.7194642067621911	0.4003541409497085	0.6098704225563161	0.29318502072607394	1.8136517019073068	2.1215665636903185	-0.6129321740491758	0.5983006200503248
-0.0793223509920501	1.8230949648049837	-0.38258212967728555	-0.4313549883794622	0.1792687015255487	1.430975636149126	-1.3326610445260751	2.2355148749768907	-1.818287591580978	-1.916787418092863	-0.5209710915909355	1.0966196696471655	-0.6760195267351041	0.6169899451658704
-1.1289597276807237	-0.931739469089526	-1.4146337024305902	-0.7013032590154159	-1.4647372475902967	-1.3077915350984688	0.40915012614162666	0.9226555229462893	-0.009780389570327673	0.9601618599974688	0.0328984821763024	-0.12148589491907195	-0.29551025816423654	-1.4262307312244522
0.3809456326139493	1.627321957709599	1.4468171226547797	0.5010964493444325	0.49509709611482805	0.2872029066164828	-0.7528415203928522	1.124293643968966	0.5546324055606854	-1.779542263125363	-0.586492937271373	-0.61427102986472	1.5278421765770973	0.6471773360127999
-0.4816814434478037	-0.30279373968181533	0.8434032789561373	1.3831108215970274	-0.749016838378564	1.4650172873052187	-0.9202577772132207	-0.2720800131635463	1.3271697154746547	2.156649839660262	-1.0268727660937562	2.2009557893697242	-0.5877664764438922	-0.02199243649490913
0.00956754032270013	-1.8147292824645707	-1.4864422722225799	-0.8778575382389077	-1.2821436359424658	-0.22065354139830196	1.6328819190820567	-1.2936454690522268	-0.8164156218354848	-0.07050916886356519	-0.40631578737514806	0.975735062362588	-0.1780453595149276	-1.002932929130249
0.9310203387639444	0.7892962221431319	1.4365470436826413	1.7886959904046096	0.6021551742883102	0.7208568013501032	-0.03697598209259233	-0.43049252041951513	0.5136757616025731	0.4377580134414195	-0.6281482044747406	-0.19479335449898194	1.3085476248380692	0.7858822094272271
-0.3479280340896068	-0.028958259558891253	-0.7532364052372308	1.4696159640453283	0.590262256324956	-0.6140264302868657	-0.4848442967564499	0.12006481475492754	-1.128949553509478	2.2823083543302367	1.1520191001862192	-1.2238947633632908	-0.1129048673338454	-0.07841617494507869
0.5305770758124344	1.8005986859569665	0.7385264242524296	1.6213962932122303	-0.09982748707227923	-0.1391837995252061	0.12223136656989887	2.2294712324462442	0.5230931565646021	1.5853965777336045	-0.9369595590453325	-1.2399807165364236	0.2575687332000218	0.41140219984921567
0.7606246897613466	1.155873896199523	0.12294913859509127	1.0001986833576106	-0.31423876162205777	1.7608179230437857	0.10289700654360431	0.7489915370977439	-0.9023619694920103	0.13941466114109252	-1.6996818240383382	1.5393966638862742	0.30141316320786915	0.6461963412993027
-1.6805268606540809	-2.181869851918719	-1.4992863517329271	-0.6958034984308781	-0.5663654263189261	-1.4829688274415815	-0.7130320130435237	-1.6660517692499992	-0.5607420458321173	0.1832541673186613	1.0940778354329586	-0.29263804839853835	1.0890571539972274	-1.400050221168165
-0.6781919478859562	-0.6486666376781293	0.5300933025787884	0.725809544626417	0.2348269832945532	-0.4878467203149073	0.07964931888603394	-0.19326819634256667	1.00482272283308	0.08328010849669944	1.6898428772004495	0.9410113936333261	2.0967238157419863	-0.9520504830209866
-0.4114944312771772	-1.411992689869941	-0.7638269579688906	-0.6144173356160308	-1.0130990947014638	0.19366188920162986	0.4118331649077238	-0.3536394879942703	-0.8171214284361815	0.3455387304416243	0.07153472551863661	1.7987050408570397	-1.709360649787849	-0.8579368671158092
-0.07792275284590877	1.760520109725116	0.15326576202357195	0.72000818244371	0.847180273497631	0.17531673941283982	-0.8365545656330277	2.107912221997741	-0.6080859141687973	-0.26195524918444324	0.6555381665482238	-0.3177213809370939	1.1014338450668486	0.27548600751310176
-1.1611981136526484	-1.3143020089400193	0.25147881848670495	1.2083843206558615	-1.3628020911861654	-0.3561335701496938	-1.3049420059453354	-1.4947144081896258	1.0780666317437924	2.3748021446732683	-1.5756041882623832	-0.2629085880976112	-0.10046733244479392	-0.39737989753728503
0.31770799823182916	0.8639302706480121	1.3737279710189387	0.5035054963831973	0.7312013853476582	1.2075217279312058	-0.4713035626226166	0.42583745874220275	1.3466472642541014	-0.5258666412514342	0.2062507098067405	0.7838550326632224	0.3087956974361263	0.5466686559154652
0.9436159311222223	-0.7260615977201225	-0.7388747213008904	0.11214850905887451	-0.2969758207447892	0.27429892309895915	1.3031498836933415	-1.2263633570931587	-1.442645510217784	-0.18764214171096938	-0.5151193872660255	-0.0022017615140633557	-0.41366341804301	0.09248910014437474
1.0643366001841863	-0.2753616811688274	0.45274471037493347	0.24709231067395698	1.5858640705688327	1.2036042970831797	1.700658884383351	-0.724781861971453	0.24523688278864905	-0.8366077946557644	2.541739955363509	2.2100515738731152	1.490189741129698	-0.13853051221189522
0.16480211754356805	0.3309587138124649	-0.2980096983907344	1.4557601395124249	0.7427999869979787	-1.6354458604072355	0.4075297473706885	0.4221101909857995	-1.1287977395510707	0.8360370583728226	1.3945796133832773	-2.1625141163859904	1.8258513229599365	-0.2874776653710021
2.282783391640459	1.558633912982764	0.2566592227913482	-1.2089044542976497	1.1900166651779722	0.4171582488807605	2.6235240904316677	1.4165837985520198	-0.7493660912876979	-3.5293382734172707	0.8022218190625318	-0.8151269700789495	0.01217193750044116	0.706249246351464
-0.19516316116907934	-0.015315771651278672	-0.17683833440038327	-0.8224058583898237	-0.21220772789360356	-0.3437320793636023	-0.2957078876509622	-0.021144072107875708	-0.20819045756632665	-1.737310391814596	-0.34459087160920576	-0.7231284881895769	0.4406169836583738	-0.09075272511822802
0.6456281601159207	0.818244629342767	0.4817888902979569	0.7116741190766138	0.5853263841699818	1.5062162824082772	0.5583860427319515	0.8450446534988156	0.3090721722562128	0.33297277829465244	0.4568769917560845	1.6863902208310253	0.0809072316255531	0.29503639091836703
0.5128521724421545	-0.5254631755781677	-0.5631722348447364	-0.15291409730437688	-0.10981454596978285	-0.5844838245022288	1.1622269497922797	0.08023333981494755	-0.8295773284765375	0.20755609271789532	0.6897769717352379	-0.5382006571628096	-1.1705947170219386	-0.33948423606274847
1.2244063647734182	1.959426465805828	1.3109169778018026	1.5215063524254753	1.0602936349014183	1.4909651815275287	0.4020810771151808	1.615387490545802	0.6030614282783386	0.5367994810510167	0.11817111968796591	0.6115338949705398	0.2892139786839191	0.9323511757415629
0.8208946506964149	0.8492131121657639	1.8045291757739446	2.1331515457583077	0.2736434655142068	1.0297661906498563	0.030017234043469877	-0.02771819042639039	1.5591153242124725	1.5302381227555173	-0.9316971206080323	0.4361748930316421	1.015829210227877	0.6626781843760227
-0.28069931367316503	-0.9548998284540572	-0.9213163545492873	-0.4646378427310092	0.7358558832560981	-0.6466281134959819	-0.3268458928318311	-1.347651007865436	-1.3535847357582094	-0.8679333886315872	1.470047531282586	-1.216299075748197	-0.16008980692188354	-0.11429126235041892
-0.029231861775699697	0.9907666512687455	1.9178764555213088	1.1499687600074155	0.8743195978065462	0.9583834334861874	-1.529206525056058	0.14728173559980692	1.773872333631437	0.04459947324120772	-0.04260010412112042	-0.06917762486776327	0.423991926955576	0.8175992245177462
-0.6329781522752753	0.34396877223260713	-1.525816519088852	0.5068044228391729	0.7827391749669934	0.29763800105599747	-0.20236190606988408	1.1954165588257757	-2.298203443385095	0.24473885158913466	2.153713579683426	1.7115737917343496	1.6755566979203156	-0.7083925026469214
0.28337068851771857	-0.12774518917817226	0.64664036353845	-1.4184438941547375	-1.1307117502939035	1.08777587680298	0.4942549584025448	-0.2072901893010354	1.158857344866576	-2.7143592336685556	-1.8765987787056686	1.6206681163622827	0.3467513096947407	-0.07272133753649918
1.5649884401203327	1.0487098202883471	1.7288050751715924	1.048572110663941	2.190844623550534	2.422766855175635	0.20095107773329512	-0.36882175379998844	0.5278576594636992	-0.7353148663467249	1.5286619124920398	1.4656048487086362	-0.4800194052288781	1.3660067536141156
0.46669942614919446	0.029281879303717173	1.0240447234329164	1.471643686424648	1.267611722384378	1.4404562370881207	-0.8392251669103228	-0.7086104785431652	-0.46113653602144555	1.0901801540757283	1.1492746226253678	1.1197425545976476	-1.616929945246379	0.7778341554788921
-1.0216135880123203	-0.2760177448625247	0.6942284477967617	0.5947487396776403	-0.21323733863986596	-0.5253560622542611	-1.1663016785589415	-0.19788134966830834	0.8670121275555362	-0.30588147528463727	0.21623269074299425	0.11516180603042328	1.8807789582785865	-0.5334447267172571
-0.5775920405742113	-1.4697951389442714	-0.6860048783483083	-0.32171917150091756	-1.759864637313419	-0.860331741491899	1.0189763815756077	-0.030860963366366536	0.8369544949651304	1.4749320526790992	-0.5372048204659445	0.49088775963165365	-0.7512013938552518	-1.301038282153401
3.3763180687011403	3.208340650531619	3.0736696279171203	3.056038208772652	3.9134921460594585	3.2977776619672436	0.10636137060494676	-0.34588383005895734	-0.7491423850934571	-1.4714658165886285	0.9639295058300676	0.20446024347029448	1.386803558873669	3.1385102367922597
1.650298984203257	0.9151388668877075	1.5736030611983378	2.6204849397374144	1.8426191521277413	1.6044950624314427	0.24117005899539426	-1.0143305833946465	0.16639829249789426	1.4474753810726841	0.5378657372747734	0.003039396505495252	0.48840931945356914	1.4260553530337816
1.8950847618373912	1.3145381378273595	1.5219126554034923	3.5502902415466453	2.2356637226562373	2.5500046677230244	0.27953429663512164	-0.7932366162030761	-0.45350593442845993	2.3501649212186386	0.7975211658992748	1.429801134511113	1.017378529276984	1.5870044016938083
0.32363517754591525	-0.33401570260995916	-0.03996102063806528	0.028572716947030563	1.3608578351844602	-0.3007263347737751	-0.05431386524752804	-1.1637723408948446	-0.6023020885333027	-0.9106758916132742	1.6626739703457747	-1.3221290286052974	0.3106256279882523	0.3021225763292971
2.7043284005233845	1.9914113562556177	1.966057657584722	1.8319065235924823	1.2013359843359346	1.9035388518526022	1.830874490350563	1.172183268837592	0.5310042664769242	0.4646921283009536	-0.1874899896487611	0.5164079507837595	-0.9306531773031238	1.4742320304136873
2.9984563218209717	3.9151782810005793	2.3733484762411456	2.8109928523723036	2.9026821419111073	2.4607811477881527	0.7630640288272988	2.2718386136834186	-0.2195297164298258	0.07112033835596895	0.5873173218127522	-0.3360925714477101	0.37770541082057413	2.4765340306264134
1.2722270890660137	2.8330795033256813	1.2452991366219894	2.3997124870864885	1.3730737637786545	1.0486260201929856	0.6087973100100003	2.861078834876915	-0.6827031467851136	-0.1776362479825026	0.8997328053162147	0.8257235017431113	2.2153553892612536	0.6733611245472815
-0.4510109795517295	-0.5591189645603857	-0.7020920499464532	-0.03675249066351349	-0.8084677880846382	0.011419139680463763	-0.5140057268477286	0.0328936830738747	-1.2429511928951664	0.3710900124682169	-0.5032611745670731	0.4609295872878309	-1.3337582176985017	-0.31210353086501014
-2.3901288086457644	-1.6765938988391902	-1.9763605664380266	-1.6808353330553165	-0.9343293607853546	-0.9169313595879469	-2.02686043773124	-0.4885840790532775	-1.297966952374393	-0.8764973209287019	0.7375364904350873	0.3044725336185147	-0.585962836366496	-1.2662508841339246
-1.3706742899452642	-1.7198561943351445	-1.112249713016294	0.61186118930047	-2.095008481851555	-1.4677156489187166	-0.7852155523355101	-0.8915063732328468	-0.38096476869344437	2.5735556353392335	-1.5469425748105963	-0.9724839042573485	-0.8252952852010167	-1.019893313355233
0.3290222684970399	0.1699984039065695	0.5044287822015956	0.04387241353984045	0.12812397939664716	-0.17018839554434378	0.44917166142948656	0.06547734162141373	0.5877935584282536	-0.7767833214213794	0.06455608035398018	-0.28855983625817466	1.095989296090635	-0.08848586028440575
0.879662325061817	0.7293932799070668	2.0550226445156827	1.7437059301618842	0.3894590906801836	-0.20887304374048687	0.23531560471385585	-0.22125666673959682	1.6988038570546926	0.4063194326425524	-0.6020038784928979	-1.2704066735636705	1.557338759178066	0.5506795281152116
2.2352507009913567	1.7987832663491576	3.8913098688806285	7.155479179265499	1.6539010823128057	1.5699605967044872	1.7493752394369382	0.3758406825476457	1.0934909013789649	0.19757907469972572	1.3696996828590986	1.456338751856588	3.4256934829478287	0.8881401602310043
0.5518996080567091	-1.041436762565647	-0.9075687289636464	0.9367570638350986	-0.7475867003043041	-0.014876166869161933	2.3342142696923522	-0.37234427555201827	-0.07438034813421669	2.4998624367861555	0.1330003511324242	1.2950041961307042	0.6595255019004763	-0.9499352976145314
-0.1371340005470543	0.5321566537173048	-0.06875920718856507	-0.1968696442486209	-0.6402952576985614	1.0905479257139845	-0.2381033746539102	1.3601500669352218	-0.1557325816480424	-0.2786183485186198	-0.6256174547384258	1.7883951040174102	-0.8390551300153564	-0.11612236044075695
-0.6977616547371527	-1.2554324697614536	0.8507234462761556	-1.5586607792557017	-1.0101466943193496	-1.2934094406320469	0.27756459360869296	0.7941144246602306	0.39393311388780455	-0.7156497636015546	0.2755272158183666	0.0716212084692931	-2.9614048466634646	-1.139620155224899
1.5439736866303706	-0.13801251287657323	1.1185517164429157	-0.337385432785413	0.9093097587293204	1.9428052302352083	1.1553232898588668	-1.447615290663508	0.5047732694340831	-2.128801294570966	0.29607692636338845	1.5968834401830936	-0.32198264355439565	0.7949531902324106
0.8235410575380931	0.2652611492614426	-0.24399403920230822	-0.48329934904329336	0.3123373047332827	-0.3040358989206582	0.9442972115421889	0.2515439698948561	-0.7757930761652474	-1.3513582400056332	0.32682257187186653	-1.1348452335874915	-0.3864170552632413	0.1916181783771772
-0.35633680728061645	-0.4448381139822023	0.33262798759714385	-0.6170891839307003	-0.33792403675499705	-0.7839420753848584	1.0194054289315404	0.8694176595484057	2.2021867994315096	0.24618712349068855	1.0477218772103514	0.015982277844398218	0.1271419998881356	-0.9919171096888728
0.17886975143780767	0.9442804118717052	1.0377254391832296	0.41232587306298035	-0.797021223154442	0.1573743781053139	0.058558906154451945	1.1985436155219098	1.2780706678661826	-0.38847972072715925	-1.6160293144456161	0.16099719196250772	1.1918410074032935	-0.013213958922099414
0.7342320036695813	0.4525843292025172	0.2695303382647741	1.3539818196848092	0.03921931802793453	-0.3338506252962986	0.8592161752416122	0.7100557455848499	0.13238161762259273	1.839060068758448	0.012805700636916788	-1.0654840028304247	-0.5333210678187377	0.1332150954153548
1.1675720357557038	-0.008423449767296254	0.49493484955122935	0.15797318270654037	1.44640039888418	1.058310035341388	0.9151265029921719	-1.0738472465771247	-0.15176180377550527	-1.1745701041417054	1.356815488835295	0.5668514465465008	0.47686629757755433	0.5405116386634676
0.28672806977043364	0.10261420824903827	0.38996737952895594	0.33965651287271675	-1.3695627583216015	-0.6917424230743656	1.0112190684045095	0.5554654379033274	0.9233152494975109	0.19228449200267156	-1.7946711929794763	-0.4480020432135021	1.2636860753064951	-0.4834022695542572
-0.5631793469080565	0.9293904500732455	0.9514281879867568	1.6200847005652081	0.46808888280051386	0.6611245310652933	-1.4242612188231973	1.4352608726190226	1.1310257018733587	2.1991634506594457	0.652919715802683	0.5090518632876119	-0.6282261306159098	0.193879152625014
-1.0937944304347194	-0.611327069878465	-1.281701746330669	-1.1812594994014436	-0.8719133783252186	-0.9242141393646962	-0.7235630039214662	-0.014169041946927061	-1.1168529198162798	-1.5114506357739677	-0.4023818297653515	-0.4104142597992139	0.9540685535764809	-0.7936393554256049
-0.813848908851942	-0.9402600116016168	-0.4656750104115502	-0.13913494248156574	0.41507084744098416	-0.4888297892105361	-1.0300944894138966	-1.240960221876043	-0.43926211389988623	-0.23927172690158294	1.0179265902163883	-0.8106330944220547	0.03327665365672689	-0.20233920920733642
-2.1782701799102413	-0.9827914776167106	-0.35169304475913465	-1.4780349339718424	-1.4760422990463509	-0.4590161465727103	-1.494998865773481	0.584766271413367	1.5854613895002287	-0.5768841548837836	-0.23745542855865964	1.0823834241599695	-0.13514314136837996	-1.3066226121910547
0.09359831600477664	0.07422219491641063	0.23227114675843868	0.6314110211108378	0.9800464046910031	0.05038026170654253	-0.28290584790353235	-0.42436854224240184	-0.17514340290477518	-0.0926733593406636	1.14468478673554	-0.2856217181944748	1.0408967934802908	0.12066396156579354
0.1454879726108875	-1.174642415872988	0.49990008158476795	-0.5552360948075337	-0.25658469971659303	-0.43252072054759466	-0.04037690335997077	-1.642230393316649	0.4121067091045364	-1.0805267414319049	-0.17611403279436735	-0.922000949842351	-1.0683434509141243	0.024364510299826118
2.521223219107659	1.52188198182845	2.7391755397598403	1.4420185772837069	1.9515851436682459	1.098875383694399	0.7565667300369608	0.1591480917694451	0.053126340178459	-0.7088287779605078	0.47321041169945144	-1.0766869131881927	-2.0796381615315567	1.8423207590730941
-0.285176155656148	-1.5690678992273632	-0.4299938351783281	-0.22589436432014515	1.112907429541482	0.6709562634255036	-0.1621844142451299	-2.343108236956151	-0.3635598528209815	-0.5070255803418794	2.137619113457294	1.3058140691443285	0.5820071206644136	-0.27960438118655545
0.11029596775447126	0.6686355991180506	1.5479690130771884	1.9273642195241012	1.3603932351834347	-0.35404158987738854	-1.2146604341817397	-0.3547441049520756	1.1642636997394837	1.2681993482904867	0.8256731982039236	-2.0251152692215686	0.7994055038255174	0.7216009613241924
-2.411044642184655	-0.9205601825899463	-0.9337955249964573	-1.4341133895048293	-1.4332661867889196	-0.6517098578956656	-1.8454220148686233	0.7269906410339808	0.6531391911279245	-0.4652416798634915	-0.12766112737926524	0.7992862421291002	-0.1366927341234643	-1.3294160203856418
-0.06648247354033857	-0.9256129253364499	-0.3319272620797831	-0.06594024611222575	-0.45614208135095025	0.3766769941557791	0.19067196603969408	-0.9638701715710196	-0.19583186176317208	0.1056222541034419	-0.18663870473275232	0.755302511411875	-0.4561973576933746	-0.25605135085516323
0.807997241117648	-0.22196108758505417	0.5118865973055198	1.0782218246709854	0.49187499875968255	0.9285873425678974	0.7425493675104058	-1.1237061450283454	-0.013785301063140437	0.28154563534439264	0.17046552028000736	1.116996740864824	1.2677733341014488	0.19870793261166322
-0.40555911889441987	0.00686108664393606	0.9286598085850846	-0.8496504498924287	-0.6466550461692303	-0.10124728069824773	-1.2684278067637857	0.2062525463234166	0.5437306675932935	-1.7856691664217934	-1.0386934413477065	-0.49745388139485924	-1.4612647057182546	0.175362499993537
0.9063528715793545	1.7388068728370774	0.47834735036496245	2.814009582710655	1.5259192022755772	0.44040332440059743	-0.21128981155087775	0.9317351685302881	-1.5997324295704718	1.4017797535231609	0.8290568542541097	-0.5949368123081576	1.7418152768997908	0.8314027163389465
1.5510707931251506	1.880732346776735	2.8768603466128932	2.2432429714609428	1.7382697939222647	3.208820383075796	-0.9012628061794733	0.0490246667609922	1.3265810530473057	0.2572817477279029	-0.2056573370616776	1.7763560849377176	-0.6823581692202453	1.9877891805641887
1.4018031942342342	1.8130350395642754	2.8889594171822823	1.899394934543251	2.1474150990892236	1.3763784152285956	-1.2446906435727827	-0.3195169213782086	1.2929702931909504	-0.5312730313264014	0.2345118023263531	-1.4855879741210813	-0.3900338445152295	2.0827519612942464
2.2164149462089915	1.1268999627671334	0.7383533943238759	1.2949811976761072	0.9984048686899469	0.5801506078794061	1.17882164532552	-0.458654996805899	-1.228127039079607	-0.5241625102524572	-0.6740897015917603	-1.7847084250685676	-0.2846548824832718	1.459023937347327
0.2959754251414619	0.04864856055392819	0.011463152471427027	1.1915720458611894	0.7364630783917412	0.09332398246918319	0.2581710004841415	-0.16033949104240178	-0.16755823065022196	1.4035231046961176	0.9865112045264222	-0.3430155504080801	0.20720454509853675	0.1034113461596619
0.7752306235984299	0.7233327061240391	0.7937791388414221	1.1758208683620759	0.8352401462672275	0.7374966751597027	-0.13261096521391655	-0.3790101068678805	-0.40362566345244943	-0.4347219700280297	-0.07484053444137996	0.0033416246347068037	1.322240131190774	0.6862907440066126
0.6126027663347695	-0.7676630010428783	1.5275707739172921	0.6692165759480702	-0.5008739937622446	1.066464353433137	0.466823468899655	-1.0145388653390948	1.5214986571802653	0.7982648049548141	-0.7466106310482521	1.518745252690646	-1.529299462189544	0.14692021059848728
-2.0694508634383513	-2.2231937512401925	-1.969404983090948	-0.6802409965957482	-1.4080064809905442	-0.9567042107936152	-1.1978435263351	-1.5777853474734531	-1.2015868596230683	0.3422170787676892	-0.14493772170074185	0.7641647035150197	1.1247786625638458	-1.5014782752688898
0.8461908667534901	1.5695740321917466	2.7609787338850658	1.2846369201900556	1.883360480832201	0.9261843034278875	-1.1109119358381252	0.06773741654805557	2.136160226141958	-0.7814813632439727	0.5960001128245976	-1.1508405491651776	0.4581063288205796	1.4373103164987973
3.400081018663048	1.874861210493946	3.0067286452822612	2.9329192409935225	1.6522051023552708	2.595593613366158	2.2460454902740197	-0.5309765010820959	0.9610638766189178	-0.021315810104903146	-0.6670218325781179	1.2779800361212528	1.6971700133391812	1.854013108475367
1.8982524222259345	2.050536968136009	0.7995360977133654	2.6080494466962314	1.49047851006299	0.34220038223671545	0.8186853084237952	0.9070482183015939	-1.3361927994894496	0.9991839384713349	0.09871611463990723	-1.5623227331635456	1.351304117962501	1.2360472135625526
1.190479101039658	0.5332754792152001	-0.34775973732982834	1.0942692897399287	-0.5012625353961448	-0.18261037693285043	2.208728257735965	0.9212650738549408	-0.7890104510690398	0.8764634173133011	-0.6392327624291543	0.19638849091256103	1.487750217436979	-0.3170336085851602
-0.6922215176650504	-2.2668154535788028	-2.221171438462787	-2.2114638570133405	-1.4401146979466164	-2.0896042207133223	1.959923843105262	-0.21843002606488313	-0.5949965827271525	-0.536830785065848	1.134967042651914	-0.4188489810214022	-0.768037753999023	-1.982149887140068
-1.2077614209718046	-0.2682958620902874	-0.6657939805536586	-0.34577871459622045	0.5496002014601808	0.33424845963239175	-2.134415424034043	-0.26902431455642306	-1.178880004899329	-0.7664869065362022	1.0874383658520759	0.27671317185431227	-0.49603036033640147	-0.007675201289153264
0.07993721687326225	-0.6005711849454366	1.3208415935043378	1.4405844182476215	0.19259947016787504	-0.0012518331193242527	-0.05498917912514627	0.25617391390776106	-0.4482796873116356	2.654213961447853	0.6517693938194549	0.596271657328102	-2.9598301541993446	-0.16230950245022419
-2.831729171807099	-1.0157636852025773	-0.412875656790062	-1.6171878871370442	-2.2787486060997804	-1.0641455672195772	-2.152699085286587	0.8542695882958355	1.9379028395835136	-0.509429255050487	-1.2475914714168728	0.5924088857741364	0.38363682627419754	-1.605052803434918
0.16571071745738103	-0.0905418261354512	0.954168969053777	0.7510595740604018	-0.7463970497945911	0.9640774346719758	-0.09347962923578797	0.499785150843459	0.28759471135465026	1.1987663080958162	-0.9437146033253079	1.7303296832041422	-1.971866763078578	0.003960435974189031
1.2634601143947726	0.7378718680548155	0.15519513370821847	-0.2812493501418484	0.5203943518273754	-0.030841257721308857	1.1133038155091066	0.6416523723645636	-0.7173079707756819	-1.4538933474963947	0.26145220190623325	-1.1264854728467355	-0.6889059498916434	0.4906616346144061
1.1613460300466933	1.674263484635075	0.5508254827755851	0.4581824035319557	0.5873706423557252	-0.3994374974774082	0.8929615812994057	2.0076788276505733	-0.06673515050472063	-0.37873953826793705	0.19195750508556905	-1.8938809127818355	-0.42523074158202917	0.554702336361137
1.6606331500706981	0.7924732120670621	1.3433027471262597	2.5245450319648852	-0.6595138630622972	0.037139656584325165	1.2948504678171335	-0.31913314947778676	0.43590231450934475	1.7225690357075332	-2.611818763535884	-1.19464949408533	1.3596751033585852	0.7120180810820171
-0.09126067270192284	-0.21839575521007917	0.07727080657614634	0.9029433775713411	-0.3949674955052628	-0.029878226791321183	-0.4631411571028304	-0.679248833932839	-0.13997093943761052	0.851362733928872	-0.973273953767364	-0.6378544208642132	0.16758591268503364	0.15563636261261748
-0.8281158243030527	-1.3762677057957293	-1.9512837215427077	-1.3751840392121601	-1.4882332115304133	-1.2980696306503747	0.8435845094694404	-0.31501357477966146	-1.706474945621747	-1.6397185293979903	-0.248357618183315	0.4545662628650246	1.744710421660944	-1.5362016452601213
-1.818880860561685	-0.5501243973197454	0.14054429677415092	0.14280145098699837	-1.2406850360742467	-0.21894899154986308	-2.025694198515773	0.5187550398889559	1.2429340627618721	1.2684042019106778	-0.6538451583879381	0.578189865824165	-0.7372576133735175	-0.7139258985784154
0.9287150173480302	1.1377080001188054	1.3522962568812606	1.3683844555022453	1.9526319789681765	2.2382095582633785	-0.9066085938402378	-0.22987036438119102	-0.15511267913940138	-0.22080233250173864	1.1193214950366313	1.1370817620249905	-0.5481737585376324	1.3852649704550464
-0.4924385999166062	1.0991731306594552	-1.397687787103504	0.08271062368727733	0.9694270460370313	-0.21266531898936566	-0.961012187160209	1.65614128115752	-2.4223772365562017	-0.42886602664591206	1.4483013242986946	-0.6384932944354472	0.5353689740644171	-0.0015854328479402444
-1.0508129649833418	-1.5188848392429697	-1.9441203669092315	-0.5336555417348083	-1.3156103449196812	-0.6903236168207049	-0.37703155635463903	-1.1410695546353833	-1.8580809317417846	0.16754857783852042	-0.8022795247147678	-0.10145856208164303	-0.024267577662299374	-0.8293895909292799
-0.767949257900464	1.0124323144806766	0.5008388549481342	1.3007339014884949	-0.5434378875283372	-0.004875625554680463	-1.7312679980141685	1.1240077625782154	0.2510310078369934	0.9972010104477887	-1.406962255265145	-0.3826016294494176	1.0576405352563194	0.12649954988248338
-0.039076221813644674	-1.892374846165058	-0.5857062203149181	-0.629159539081896	-0.47114134128617297	-0.6466130686477126	0.8669715895697742	-1.1945334912358367	-0.9960220918862883	0.20263732874026244	0.8164840093711432	0.3541513970619883	-1.9875306894995395	-0.7781486135236482
0.7359326622105138	1.2948665478273278	1.211612521946785	0.4855668180848798	1.2296971195618729	1.4189466794104317	-0.4005874474105907	0.5016047394563641	0.446053518509836	-1.226005084448396	0.3990783168263997	0.5729427053895945	0.4804159902760028	0.8978205060983089
-1.6317321786144832	-0.666200476381703	-0.06043224927798685	-0.8649999461318265	-0.42866214483995074	-0.49620245918225747	-1.3395779591171382	0.26961049880301285	1.2837316904769025	-0.39508675703145635	0.6655078612169112	0.22420866121851737	0.013710414982068831	-0.8307088586599245
-0.859160310219181	-0.3163812950827326	0.4811446965132497	-0.025732312774348037	-0.7615483793654546	-0.5647223958699648	-0.8855344355031262	-0.003026162917316319	1.4068088876695692	0.11580613857877219	-0.741178215803985	-0.5860324683575817	0.4098622930219835	-0.3965380559367395
2.1845128392991846	2.7818682717434076	3.241282730887856	1.2661743564480508	1.3768816183510144	2.2428766212442652	0.14070154805724158	1.0760477582229835	1.9078508033498758	-1.8975022461581668	-1.2447821378257484	0.1711683302545741	0.7272953152653302	1.9907805537565515
-0.7072030638984534	-1.4338026786501743	-1.631109428896381	-0.9922945231358894	-0.17932380247140278	-0.262439829636699	0.2113449135117452	-1.1540017983190232	-1.6090385099013864	-1.201570492409522	1.047200711298768	1.1377448338913185	1.2928280920326014	-0.9999672180652807
-0.38553099982066996	1.3451894441376089	1.361412675480703	0.9220460914955568	0.31462841686672094	1.1500987286231745	-2.4017860189838647	0.406705654344081	0.47958507526746375	-0.788635414054096	-1.2796201956519684	0.13638087980537333	0.8353772412453203	0.9340906032820963
-0.683127478312089	-0.8237595675091194	0.007246462904189621	-1.1095263943624407	-1.7792192972563292	-0.5065654239718544	-0.6035335007577567	0.37155377851340304	-0.9703834179288199	-0.936052243973478	-1.7978059254457763	0.3456185128171105	-2.4035911801411047	-0.5659735985889401
0.32528424045339394	-0.1512934717609667	0.2644118219434638	0.5463659529989628	-0.44454529185111485	0.897148795805659	-0.15475800620587749	-0.8314659952450945	-0.21120939619473716	-0.0073414881313181	-1.3205641184933135	0.5269176586959926	-0.18392738749890752	0.38437160288587147
1.5412101878519822	0.41817205589906853	0.5188824638173464	0.1490496181514539	0.630015060436554	1.0993687719964822	1.1914255088868018	-0.3579719232650931	-0.465313731537051	-1.180356281637754	-0.013384780220491607	0.3119238318176938	-0.5371005083439422	0.7403753115269128
-1.0728917578997794	0.26210272086392383	-0.9779254028155675	-0.24253054971771387	-0.2597845619534024	-0.6104741595669938	-0.9291055457979859	1.2832543362984645	-0.7133113309330712	0.09211597449805878	0.41495208097503183	-0.38900549992086264	0.3011121338614396	-0.5680723076874428
-0.9127826025816407	-0.36490397267223396	-1.0412453247899276	0.12220496772168254	-2.332591501093651	-0.22577925403549648	-0.23944543858056358	1.1457245988269766	-0.4774344018772211	1.5377560437017272	-2.1631871609576403	0.8770163452351734	-0.8182451371137787	-0.8886897045456642
-0.29621970220212723	-0.7252162040662729	-0.7951146402007551	0.13150800180413003	-0.7918828700839022	0.0007096315935714026	1.0299403812624348	0.3003787203306844	0.25706089077165445	1.3751821813609109	0.19117286539616068	1.3029108576359048	0.3254683180489044	-0.9705370998744643
-3.0468336658591664	-2.386839321667322	-2.455926868940863	-2.797838202365297	-3.3406070601284776	-1.6895345603096472	-0.7913528853430848	0.29076591273910063	0.25280052460384916	-0.7526105247663849	-1.2961822960317133	1.2628429050545051	0.36413820243331996	-2.6341265097974462
0.9840147409491254	0.9401735412809662	-0.32324811630430117	0.6296297437434151	-0.3021596011587531	-0.36970182570605986	1.8604783283896762	1.7856930973389598	-0.2886984431395607	0.9328851615161062	-0.28479795900072313	-0.6939493016602721	0.10494768256694904	-0.15223185363579933
-0.8001552863940067	-0.7386295687675519	-0.004163012124774046	-0.2582747536101113	-0.5712250233105436	-1.0563535297946094	-0.5546387484702523	-0.4171413177647901	0.7883249153362284	0.04965475551397457	-0.13814206482882618	-1.2972488914415932	-0.05311308419782833	-0.47772216126911216
2.034769823754883	0.09264463252851474	1.4552528902724342	0.9506284206197326	0.500705284385602	1.2499403396406121	2.447461765679616	-0.36009783591596706	1.4848271707639324	0.6648263513034167	0.298426226020145	1.0763164791894062	-0.7362306696890747	0.4559494680159099
2.34198414862327	2.9237897247680644	2.8607538113561812	3.2907869423167924	2.041001194249537	2.5781911947880958	-0.3782755522611052	0.5978540737155096	0.48952819995262853	0.8761671260293201	-0.873460194580193	-0.3146957450553526	-0.009703888771931029	2.5670180582931446
0.4091937846267376	-0.3534247247084754	-1.4179954687281167	-0.5387046440840125	-0.4628853094672275	-0.520115097129515	1.481282090424087	-0.050003338286766015	-2.3183503535564536	-1.8027593018037762	0.04958520043162031	0.35851334059978773	1.8161258776085427	-0.6866478972581244
-2.3159290584151844	-2.394232805147966	-1.6704744976104176	-0.9899431783256356	-1.6463568010891194	-1.227835251946486	-1.0884264408637805	-1.1475931102309624	0.018043735486380153	0.8576177850055807	0.09879335791908306	0.4284707261991723	-0.10982046582229082	-1.6837128458449306
-0.360352878453722	-0.8590184339468703	-0.19355735411203728	-0.3788221708011087	0.33072552405963795	-0.34357201996949577	0.04788988770345777	-0.9092642507385992	0.14748519355802892	-0.7697847428371121	1.1503788308901446	0.1893493062960692	1.138010239952527	-0.5410619314942162
0.9032240151307025	0.40949006352208145	1.7417499772081086	1.0648096318255944	1.2813239957283624	1.3812466148719906	0.26897679533201796	-0.7854364637364983	1.05371121161528	-0.9226540558304294	0.8965005070818334	1.4308968189512898	1.6806170176542432	0.5446285382331317
0.7860972708746066	1.2079982532265796	0.6909698192241477	0.19812648113239006	0.8888857491284793	1.516153475292962	0.20616599708097313	0.8745641701944191	0.09590732719655781	-1.197916026470465	0.35080993898040036	1.2766090955895255	0.5287812261973799	0.5775035058704521
-1.0284057538800515	-0.931141470311757	-1.0400578963253766	-0.4786082763252047	-1.3866383181059556	-1.3522533648930413	0.2415121936874152	0.2700171396700419	0.01757965167989788	0.3325985390283401	-0.4039628210618437	-0.1653218259938802	1.1802428492107315	-1.3292003239559285
0.14101663920145774	-0.13391259957715668	0.8102294597919997	0.5441557345411349	-0.09712528745142329	0.8203679543509279	-0.5828784755685894	-0.8843517598802223	0.5858609000489681	-0.09705234224077297	-0.823888238512024	0.30021856677201697	-0.2483797946619156	0.44637441528335986
-0.6846635998640735	-0.8767291976901488	-0.9681270334991561	-0.10845758294676955	-0.5253165070591959	-1.11728528193325	0.7470733352168706	0.715459104623242	0.32887935966684784	1.6301460444186915	1.2952194547929934	-0.14042878298340225	-0.4760891638698519	-1.2107868276901237
0.44638937785708466	0.3848036717111706	0.3002103534051147	1.6087219417024945	0.6043338387593057	2.0363814591853724	-0.9247610990199295	-1.0274245878959578	-1.1647313496974	0.6790849855128825	-0.6615408987006468	1.3956162231197808	0.011171099592047394	0.9990242045303357
0.21164034356067463	-0.19340446822529553	-0.32127405284581934	0.5503279102892352	-0.4740081263404215	-0.05155968288146506	1.1108421344786248	0.31178500728070413	0.05122760081944764	0.8986574563966275	-0.08138586339566446	0.7803286785418889	1.1263579617767707	-0.6057470649490722
1.1269119021514007	0.8494207122786152	1.0812357119284517	0.7800738383650795	0.16346977492899395	0.73341999129081	-0.47967595946269587	-0.9431345403461561	-0.532698477171424	-1.3930970755768644	-2.0863593637183566	-1.442653804576109	0.07837598654134113	1.3996262391780405
0.26495068196330096	1.1044600365771553	1.7388752251965351	1.8055389123361059	1.011225188943271	1.8840093945979803	-1.511714995860235	-0.11266499749450579	0.9539025495934055	0.7223304149626762	-0.2680551329507575	0.8628637715871407	0.02843526230944092	1.1663719826119705
-1.0749087276214144	-0.7659863578375695	-1.5140984620421123	0.553429048314306	-1.7016385252132968	-0.06282702884610325	-0.5014120959814872	0.5672806520704271	-1.3253044696744611	2.3147614476435883	-1.041814051854937	1.226933329964826	-0.9789167806918515	-0.9105713929414554
-0.6456618504041582	-1.945764649298226	-0.7142129883355842	-0.9652458392201466	-0.6203551596218411	0.2709380507518083	-0.25362035458106935	-1.4724579463235614	-1.1161663074975183	-0.496312586165713	0.4568184265523626	1.6976838383883994	-1.8106023864644212	-0.7001694042112048
0.6197195375976958	0.7453301637099793	-0.3778603526464577	1.4098213246099456	0.8498099020066522	1.2031299285224542	-0.5369460431673082	-0.15380055981749502	-2.1436565818427433	0.6086724334140656	0.01915701298718333	0.19625668048776537	-0.2769269491358631	0.892995889427649
0.6061224837741123	0.5338152414879098	-0.20358171416170048	0.060505749878725174	0.48867962924411334	0.07205142004644585	1.2033556950710271	1.390000038378752	-0.09543553774855768	0.23103698048683605	1.3075160964457468	0.15954458102174968	-0.509614753326177	-0.19826183087410593
2.158642283123627	1.7961767929598715	2.2279901309854377	2.7489729811884587	3.01396353514559	2.9573154007753786	-0.5177243713602236	-0.4497237287732708	-0.6319039706556332	0.6333839187277766	1.48646484135717	0.9643085568300964	-1.219188010595385	2.309848632342911
-0.2846781368788925	-0.26837835910920643	0.5227623936817526	0.3113804436982839	0.0069676393949423265	-0.6526326281706311	-0.5565889188868227	0.5497088017612654	-0.3095846623405998	0.773828725674775	0.5940792503383688	-0.622641298059031	-2.104531465784276	-0.17729734700911037
0.173562150296813	0.8399388572734419	0.149789796031586	0.3767905096952458	-0.5283768047182609	0.2470304113133185	-0.28465589183206613	1.4275590149313968	-0.4660894098668193	0.18357547716009956	-0.9180801266246681	-0.07752705874378003	-1.0748650634849224	0.1983764610115883
0.18793691751067515	-0.9462088968591557	-1.3473886403185424	1.4134622512282748	-0.2785047507091683	0.10610317408489753	0.23033074989416052	-1.6698589074000911	-2.2736327085174937	1.916825146353729	-0.5559933019217026	-0.14954635964154903	0.2645797671072575	0.00279049415944742
0.8549545825269846	1.0451415436937146	-0.29117323380348026	2.0105496277593575	0.2647793205437675	0.44774980070239545	0.1941711787048244	0.45337745219109743	-1.7051162864718301	1.6212187192959937	-0.8278744774288499	-0.5586489162780114	0.7095407561855424	0.6312069211419477
0.7174089435231054	0.8105154636504333	-0.9288319135150478	0.16777346882813043	0.8311502449043204	-0.8376050204713816	0.8777593188731436	0.9825486810459862	-1.8410296146411556	-0.5120419532531715	1.032214226429605	-1.8103814960441407	0.6549128827245151	0.09000367847793857
-0.36638205575214133	-0.30879865633730064	-0.31817250843007494	0.9563234811450654	-0.7415755300726508	-0.12081424969478842	-0.3415504988516483	0.2331272423448856	-0.2898286035752842	1.9194287498425893	-0.5189834329300428	0.044707780773225674	-0.8311642563172428	-0.28244215048078347
1.6832980619589357	1.2814509711934763	0.20285293556644074	0.41816876056604463	0.5069243482831003	0.7818348315550852	1.938065475044914	1.2356481246982551	-0.4787178059150552	-0.588335537101941	-0.04793946584720459	0.2822251216123649	0.5103737025576023	0.43798735586300264
-1.2619813731435094	0.15217973261822526	-0.9419334397215919	-0.581331825096779	-0.8798618468324366	0.22326335151018462	-0.7459884428177922	1.6095565289078884	-0.18554180190618008	0.052179689642331675	-0.11046645302183729	1.4275488089089237	0.09413163372452986	-0.8323805114714137
0.04411939326980163	-0.9101871576640601	-1.4624496354770953	-1.4254102655135954	-1.0004084857116364	-0.45510502329403757	1.5598881137733014	0.11627053232558916	-0.8994526805381567	-1.0840849227325708	-0.034790417570730744	0.47299876230162075	-0.2320227110725881	-0.933544934844896
-0.6047029330516663	0.5176445499802873	0.7089859676460201	-0.2551593340468572	0.014098664981596398	1.3397013177234665	-0.9584136155116014	1.6549618074734906	0.8955063262849571	-0.17362720084163613	0.6865309207512554	2.501928043951826	-1.3668351646286998	-0.20196550157806714
0.4111321703867358	0.6160408406127201	1.317969087130633	1.552191660507309	1.4316811363169535	2.178160106195733	-1.4014316585622353	-0.4862852962488397	-0.0017134413714522253	0.6140814748265664	0.8173848491815402	1.6028642772044237	-1.0185274669749644	1.1115175117570169
-1.5664709412934539	-2.56922540752921	-2.0055989156717144	-1.9650916185644798	-1.6495810432752278	-2.9827847786661614	0.307125541708309	-1.0736483970941701	-0.370840313437044	-0.43297503343414445	0.4530318898823166	-2.218515637517616	-0.4796469814765401	-1.8291069729773994
-0.858105250835887	-0.851740495621204	0.49638315023739565	1.0475823757681302	-0.15968493755767743	-0.6860838248841863	-1.1816018096355285	-1.4465350348307668	0.24263913026756417	0.14860929524548	0.01897724523821181	-0.4379448285826851	1.886757272920537	-0.3611709293068513
2.2011346338274076	0.9101189860887118	1.110538489822352	1.6056081015715065	1.1994588019356724	0.44635353644693354	1.2728877947414494	-0.3463891478902345	-0.6167822573845935	0.3699449185579619	0.09218558322286208	-1.629029419197868	-0.9364110996338331	1.3052346947496192
0.30353547687490007	-0.6167870882636486	1.3793391212779915	-0.09797665539667788	0.6531856123246598	-0.08113774017974179	-0.1508299871824715	-1.781788267524126	1.5552365104305357	-1.472305186857366	0.3829972284206467	-0.7550096010043554	0.9685687930754843	0.25857211363573007
0.8984780764652123	0.0894829884283701	1.2611228288466698	0.26142511356061693	0.011155495475042299	0.636351385234428	0.6300656259090861	-0.6891017410883005	1.248242647387566	-0.7361858919818828	-0.8196523631890597	-0.12539915487157663	-0.04421138968593713	0.5117863110185378
0.9925329545238979	-0.600991502487042	0.06711665353431734	0.9830127283676388	0.31860504016969726	0.7536752060780494	0.8028873733983254	-1.6710033926426204	-0.682578018970005	0.6228539102464786	-0.1397020274654827	0.17051788386703776	-0.29073678243075973	0.45975788958468217
1.9285299076846751	1.1520552938878232	2.4015531829068255	2.3095143805450835	0.521613231749611	1.742089287664111	0.6431164503451906	0.07374455723545977	1.1246489485307514	1.471626881919963	-1.0963235343546969	0.5343200853453302	-1.3288729510846666	1.3735831497634807
0.6459983124429389	0.5761296391319938	1.0453996238365153	1.3061135906819958	1.5899042645627275	1.4823717122923186	-0.724850807742344	0.005317961100021975	-0.583448454250186	0.6243287606119023	1.4986570856085994	0.9921223221846888	-1.5886955665135194	0.8906779757746844
-0.3083581542889753	0.4758138202969539	0.744805577874294	-0.4707404505710198	-0.4657483351827219	-0.5157359394219693	-0.45527973125669174	1.1517161426582398	1.3521663546534615	-0.7942990609523287	-0.42428246608786724	-0.9595040167338684	-0.496798952598284	-0.11585607477833322
0.6857197624444964	0.057636814606263104	0.08125826876016631	0.09851371896797703	0.7852657924285829	0.7445791577389744	1.0558092623544852	0.26397874609352495	0.10660654969167759	-0.026525505089288862	1.4727105134522065	0.9651852428441207	-0.4166372564842966	-0.01742298175299255
2.5589266428287116	1.6864619858151306	2.0599969875200554	1.2323433982964906	2.1337314235089284	1.697965613463585	1.5991666518812488	0.31563363350413615	0.8231134680288672	-0.7858103013378933	1.0599747764367744	-0.07682056854769291	-0.27151507111036527	1.551384819934722
2.3116117610592144	1.9174610078902026	0.8909102403203442	2.0851453370472166	0.4107237149821751	1.4023331732717492	1.811866357050341	1.0646754020977762	-0.6235574744340019	0.8110726210138413	-1.4042209857333445	0.3147802639441404	0.9265498701746849	1.0933457925966001
0.687764559602208	0.7824556736993911	-0.18589535114559438	-1.010688701790505	-0.07363222369365746	-0.3691864180523339	1.2243905492008889	1.7788782212522567	-0.2115200563640357	-1.6043320248663235	0.33540101488049046	-0.6256978040389036	-0.6744955123898727	-0.14997215657398835
0.16637156632764627	0.02838795714502286	-1.0059579647159935	0.5310166904660467	-1.0749725086620836	-0.4447248749363001	0.24303062550409563	0.17613553591925976	-1.656444037092262	0.6702460189734184	-1.663760036137074	-1.0209229655191927	-0.25895263997793905	-0.025502836410945178
1.8412898442213417	1.3851322147790317	1.8470786183258163	1.6263480188615798	1.0556424839985783	1.0682987780513304	0.306385382791926	-0.4758763879982897	0.3745815923716513	-0.43921616519832324	-1.0212682133535032	-1.1736352626515887	0.408577482948125	1.5889425509883806
2.8600597853397414	2.359172671855334	1.9209820599238374	2.4719343277282153	2.7092715808072754	1.6009616842237027	1.323504695134582	0.8157348159578585	-0.19572413361339597	0.628629900626841	1.3903400127033154	-0.9147665994238934	-0.5456690628761475	1.9788655948558485
-0.9703892110838934	0.039175557931420746	1.5923045599568342	-0.14463137018415717	-0.5229224072255587	-0.056018432236878635	-1.1511629207536411	0.5257008748934728	3.1670419271422157	-0.12091446445537302	-0.41070315232445376	0.1059480008427598	0.19730898034325636	-0.31570676307331424
-0.30622664278218287	-1.7684931488842008	0.1343095623870263	0.18709180970911793	-0.33855751721495514	-0.630993460582117	0.7000453065030178	-1.7562986506427989	1.4935091889859333	1.1423695480004425	0.6299351842066276	-0.043714608272742095	0.3792107725418358	-0.7905561130068889
0.6197995685631237	0.19558672848661623	0.05492043805472249	-0.49408300989855786	0.5862416625448845	-0.47631886104912646	1.2890697578686452	0.5669799946945748	0.406410486734503	-0.9363275203050385	1.2200851267880355	-0.7575278238396819	0.33154504542535124	-0.2109102774151989
-0.45628870001735616	0.41545358036589314	-0.32025569053865865	-0.8007505816053336	-0.7975005544947854	0.04256799173583704	-0.5644071496420447	0.8785913442432123	-0.2828248712108647	-1.4944569820790274	-1.1419803827434596	0.023325117994584917	0.26398667020807465	-0.1644985602216492
-0.4331000112804331	0.5754878967160288	0.5577644367976031	0.11366229917234782	-0.42338828990745925	-0.0838515853093481	-0.30049990836934887	1.3804712435933384	1.3533280553699802	0.27741982325727593	-0.2843223796943212	-0.04933910492593977	0.007240154763046551	-0.2542428803925836
0.7256902524435865	1.1266224930437256	1.9353457073260185	1.4391655425276833	0.458317447641729	0.9761826347954101	-0.1451805974202756	1.3591491009303223	1.3675893173144424	1.28843170629847	0.056641721229780985	0.584817234437779	-1.5659853393136907	0.6243301003482703
-2.6302662492632325	-3.7009432333821586	-0.05037411299596484	-2.5141428650890583	-2.4438852089197205	-2.542434624665725	-1.007824554957534	-1.1114516803120678	-0.3613916502900588	-0.320358284447392	-0.3201965434887876	-0.049437263339429265	-3.5314594766492373	-2.3277803298650706
-0.4719442505414067	-0.9927739395865871	-0.8282321115541706	0.025626870553642545	-0.9318953113869544	-1.5461237317578944	0.25990435197694534	0.3441782558006619	-1.0926517211989908	1.380789586516726	0.1619407812751365	-1.1025290689248648	-1.8201722072210589	-0.8352464516227724
1.8062049298346738	1.191181074489851	1.9844291879686589	2.1702823000774636	1.1946355321738409	0.9595641766510217	1.3664038482620158	1.1627374141121283	1.188786911645625	2.211288880235713	0.9901953222276296	0.25311319150764355	-1.5342300938668538	0.8003846447959448
-0.7190999660680497	0.29715854117664275	0.4941993197459273	0.8411076906353963	0.4228844052391992	0.5350108813409886	-2.203085150464113	-0.5438513238585424	-0.13235430225591382	-0.026147497429756018	-0.3263027129792324	-0.2600215479759592	0.526698839647772	0.5181295675622137
-0.09191699956997545	-1.9037086425076346	-2.215439866271485	-0.01727556557707255	0.03261900535520246	-0.7965682665874251	1.4189081572845608	-1.6220412650359253	-2.061509400740297	1.1578642532113776	1.6087321323684687	0.050092546050415014	0.4012665796507525	-1.01073719941623
1.33335680070858	1.2472770745197321	1.2155363564263366	0.8693118138554202	1.2935876476425077	2.0422789803099106	-0.23412570556876783	-0.3953502286778461	-0.3711870912279326	-1.3834840678549334	-0.3155290611480481	0.7389784129863777	0.36286139426375624	1.4119149328736886
-3.594510958526241	-2.599479469929908	-3.2300303117635956	-3.7394134361152003	-4.334377412576682	-2.654322559313545	-0.22942928868952864	1.5561317071096479	0.425416179226496	-0.6833089470949866	-1.335805541889223	1.071487029647307	-0.19956584713736478	-3.493245324768224
-1.9452035503778378	-2.026742356846002	-1.3274054262685038	-1.0655472360182814	-1.2257399757669938	-1.6067090127752612	-1.3590304383797525	-1.5045243160471116	-0.27490763391629625	-0.24812753470689844	-0.1685526582240986	-1.0401366271630557	0.25951173314474196	-1.1759301138466836
-0.10464742496436256	-0.932453581448753	0.13438769429240727	-0.6955320928767625	-0.521033989506113	0.6204411556309011	-0.051771466257457294	-0.7889426411158093	0.15588480154686543	-0.884830489497528	-0.1839548790383574	1.2794847284643078	-1.1582291912512508	-0.2274421585290173
1.3717366700656286	1.1828328103750247	1.3882871457457098	2.143758681894557	2.575774461464654	2.5299703616472193	-0.6570583110805799	-1.0127623734948514	-0.5891410587121808	0.18675527598523528	1.3194683666281852	1.1470042591668022	0.5800483135700751	1.6744805717579205
0.26264609845205	1.6414072647865576	0.003038388076060161	0.4654985797245272	-0.10376006572385232	0.08966645928248976	-0.2783352389176373	1.877167421492162	-0.9471296386346749	-0.8120658239569635	-0.9358894096838184	-0.41130233399812843	1.2287295772973836	0.2693608964317837
-1.6095353674240833	-0.6043004127374386	-0.7648382788456598	-1.0754526591961424	-0.9422251152462353	-1.0870188763408366	-1.0783224288931934	0.541424804848874	0.34464159024029206	-0.6797519826534403	-0.0036505568253469107	-0.28796962605060267	0.6940626529877411	-1.0679678262443113
0.8615165837245196	0.4803756049757221	2.377729923936792	1.6691931615057412	1.25397776463923	1.2777126904170526	-0.7073759731787117	-0.7338807810971607	1.6697075977426226	0.7722219875893436	0.48778304047310156	0.07754415719198438	-1.0893415171969807	1.1385723770734146
-1.5399492953513616	-2.2137025629285536	-1.076103512263169	-1.4362398737426998	-2.6104467133277085	-1.1651352702138844	-0.0067032961540189045	-0.36026634943224	0.38635820931793285	0.38082881038987443	-1.166154836604111	0.8639260088414765	-1.4230500713908631	-1.712932738991037
-0.24065873229671741	-2.234124865707392	-1.453321927654284	-0.8804705988132749	-1.0028649703742611	-1.3107664401358203	0.9422045687335993	-1.8933188407696417	-1.1135654821016452	-0.062485860772323126	0.12619889868120163	-0.8574768546798367	-0.8471282842630653	-0.9287079043929938
0.6087618586558005	-0.4528765619716685	0.1860882846832918	-0.16120080223265773	-0.3381902278329664	0.3662304089574564	0.6223523517955242	-0.3898708804737754	-0.44140417342974914	-0.45191113622087264	-0.3361410932918008	0.4519987526919785	-1.3972148302558471	0.06048893236376612
-1.200316436841305	-1.1971024360717826	-0.7991443472106259	-0.5144642566633502	-0.08769536917497422	0.7359143138855839	-0.3714801499719715	-0.3934514477940735	0.3526469823110971	0.3693275732274248	1.4609572726055362	2.6835340560174368	0.4613327788654049	-1.0532981231684195
2.0052605360939175	0.12104852943294864	0.8708666553768878	1.393295152366088	2.10326945849536	1.4781201949228895	1.5129881666448126	-1.7042263496389163	-0.4099029495816165	-0.07627330727620213	1.6313456371540915	0.6155167963895534	0.8407644781191196	0.9754314435924745
-0.5059261631093108	0.031078735682992353	-0.29016507922333795	-0.7279013548072026	-0.6201479056584379	-0.2576907837365345	0.06515443437687585	0.9575925367036311	0.45973095275362	-0.6436213870244476	-0.1276650063904241	0.18888601572759586	0.12937124056762445	-0.5693510344527112
1.178636286742377	1.5179458920912205	0.7705028820490505	0.7411345784400523	0.20887729146439782	0.3538627157500053	0.49560775507741944	1.1994253311396885	-0.13474073655486946	-0.43595772391107135	-0.9829285498815853	-1.1387801230240877	-0.21783225956543834	0.8418571453204952
0.8217199907068029	0.18213259674603205	-1.0413613749420398	-0.3297547585740216	-0.12851250811330955	-0.4661483523339889	2.013175074708407	0.9360628779057227	-1.0357203754092836	-0.2649206232048042	0.4195512712264346	-0.37091936466823233	0.2811852347197322	-0.435742176941348
0.5773884008581363	0.10291099683176985	-1.0120832537903715	-0.41269349093830476	-0.414166268663376	-0.41556037302960686	0.9429336090029027	1.0208304327674969	-2.2758333720148505	-0.44892147068830446	-0.05388316117501422	-0.3669031124125457	-1.6365907800129476	-0.18226910682613875
-1.2071033001719504	-1.0674474452551275	-0.7531769138121038	0.31209914540235945	-0.006822868146414807	0.06682315179096143	-1.3483139263964952	-1.2254978337200986	-0.7175513360427472	0.474005134473248	0.6023093060864521	0.8462641615784251	1.0454476731851223	-0.5412382796600927
-0.674932398250653	-0.7534019061347101	-0.6876985284616519	-0.6474422976604953	0.5283115546953088	-0.18362702537468045	-0.7169170448346717	-0.8572611930859765	-0.6837804859552505	-1.026207721647093	1.27989004090106	-0.1435131689455819	0.2590129319380108	-0.29084777667072653
-0.6709311150483455	-1.1865623997572656	0.1011775396538534	-0.340908933678758	-0.10079803927244368	-0.488792080570132	-0.5197177129899013	-0.3524863833811866	-0.18288050686936444	0.3492064510080753	1.100161814467903	0.28292470550013277	-1.9859368591177309	-0.5778831979050076
-0.5233314084760379	-0.8413002421167701	-0.8526003770724557	0.3004704255893983	-0.6744467600256934	0.31555511238751577	-0.20630524914499682	-0.7718520473581769	-0.7077827509439972	0.7400618803365745	-0.4853328937428505	1.0482888091439722	0.5359365549132464	-0.4853763246845133
0.4691251326023698	0.15627673165116057	0.5142161508658659	2.6566269622176817	-0.15157749118919228	1.0291736041708788	-0.03675755926698912	-0.6443114698030659	-0.017899890289390707	3.0027900858096315	-1.118437923663886	0.9036566711103896	0.9005775299895158	0.3627481075350969
1.2518969946921796	0.8340475227685136	1.2888324970829443	1.1642494650987412	0.2543789143580828	0.8643728198949833	0.7274412654009841	0.03910984274520722	0.7929810736128331	0.25608852225047113	-0.9270046045759366	-0.24771108319868487	-0.012163234691125306	0.8130142640596143
-0.47512244569534845	0.5758284220938643	-0.5981206114357006	0.3688885943814427	0.4869856892816793	0.8785591144810677	-1.2670087403453072	0.4419365955584942	-1.4342849183062696	-0.3088224209359418	0.30533054573804724	0.868481598967156	0.5944424372115968	0.1917779773164484
-1.0033807267431067	-0.9612708755089232	0.9785341502159919	0.3958376959567156	0.1323081695145205	0.5367829572124315	-1.9362742459140267	-1.182972796787499	1.121858207404171	0.56860831586726	0.5411382437389853	0.7921490651275755	-1.241990848440245	-0.0030890277483746733
0.942530292147923	1.3704255251329642	1.6575205062615261	0.6191208296632639	1.0957341464176513	1.6365333942954008	-0.7931935303233058	0.2952690010681075	0.4280289350206549	-1.3451462355663226	-0.17646132688789246	0.2588197824040848	-0.6345462105111306	1.320173366594326
-1.1458834185410007	-1.5482097697182533	0.27206524976407964	-0.23925961766407813	-1.1244299239936004	0.3325589352119769	-1.727026909831381	-1.858041564529068	0.5577654126835236	-0.12214082087747273	-1.1973399285043982	0.7659807568623234	-0.9505013498007819	-0.2432845610406562
-0.928113878047075	-1.580750433197856	-0.36282524307561753	-1.999075916902819	-0.9640521943999156	-1.3726302321838695	-0.010320191225548487	0.06268941900306747	-0.42069099990110914	-1.4319127629756678	0.5774017453199451	-0.1342655973836712	-2.291015443763026	-1.1601609958470913
-1.082711755728681	-1.621125856677902	-1.7168391372365877	-1.6394524617538564	-2.0259818708795514	-1.375191489867468	0.17292362261991298	-0.45634498144062896	-0.8269271830351347	-0.8482083039566621	-1.1357847632356857	-0.4946621832700515	-0.43977667665785847	-1.259363532481953
0.7370317643694403	-0.29067639926013433	1.4467090362628485	0.5711273842106261	0.24338284344802458	0.48194734120516347	0.3053424136532114	-0.48677849631800535	0.8040622625943389	0.3081865838161166	0.1478159551169535	0.2770074915833934	-1.7504232714931385	0.3514753528292966
0.6450793732392374	1.7051552007848083	0.9703897166305324	1.16567101243718	1.5057834272172657	1.3929224313620612	-0.9994622459929694	1.0831935854971044	-0.4085357345950126	-0.18818070395640307	0.7429621825956417	0.09930469669657684	-0.5253587369818287	1.1603107968829114
-1.075378591458627	-0.6253465735319227	-0.5573874148933498	-0.35403792444434823	-1.5806026779450288	-1.559956139279099	-0.28206870943930723	0.8809934212199398	0.593350124595109	0.9334226163005112	-0.7301119189736149	-1.1655938009709663	-0.7052907047958833	-1.0128844853047099
0.46071301235585793	0.36826477291581383	1.2037668190249524	1.62655613262782	1.1256975485341776	1.8880942672348033	-1.1578685605899395	-0.9608790805656788	0.11915821158811933	0.754878568997732	0.2903140170888485	1.0985708009244284	-0.5896780965424143	1.062727840563704
1.9969515110226548	1.5102967952686506	1.2676445109803764	2.864148621765731	1.8098418879675113	2.650853247271117	0.029217252122135256	-0.8004907345866171	-1.12700155110788	1.0963181996574098	-0.2983986103426692	0.9141035453466287	0.37244205974375066	1.9161028240718707
-0.16658564179759583	-0.3753661322418119	-0.9507039095672446	-2.1782417470251856	-2.0914343472405736	-1.433773381330484	1.4025836437589803	1.1455493535612724	0.13305008061381104	-2.1957373110299048	-1.7147197319741632	-0.9954719413543376	-0.14094378241404368	-1.0345069878957667
1.4983686092248596	1.8778449985713672	2.5799685494749287	2.7115737836613625	0.7798657759622369	2.2121922151986864	-0.4524963936444709	-0.10040793414648815	0.49147697839594107	-0.32309018741535533	-1.6085407969970011	1.2036953471624579	1.9088871554849667	1.5563123279622666
0.09227776246782837	1.3001945632722678	1.1503093544974623	0.6377872423252898	0.9588930211513302	-0.0964642830764697	-1.9191644884105972	0.9084484955208214	-0.6171924944846423	-0.7749471805528151	0.16607662677922402	-1.9429074299687663	-1.5192812895043533	1.0589817238606456
-0.3640933687797554	-0.5239868128889946	-1.0384899070153242	-0.3231753622719522	-1.277280178947966	-0.1919855041354775	-0.18968670268929183	0.39820045328689485	-1.853685605454155	0.13078903791495805	-1.0593235476563614	0.42793486986873475	-1.6055029578681435	-0.4418064932875027
-1.1158512788525412	-1.4611678523680114	-1.4900949259872587	0.30700464118103954	-0.9846493691208045	-1.0035924615784155	-0.7329299315762944	-1.4040451484291279	-1.4392737376511444	0.9926645075708163	-0.5629964641031646	-0.5129552838620182	0.9594022198137627	-0.8106212072732871
-0.04584283161837427	0.7641952580400806	0.4324887751699013	1.0250580741197262	-0.08389497375994853	-0.40001483184942754	-0.7719379911439816	0.5481701942809111	0.07859273204385843	0.6030376625816616	-0.8590165725397197	-1.5249850829081215	0.48585884162235676	0.3381213731470626
-3.186807758630083	-2.1197703899144766	-1.8235727843665623	-2.297098000335119	-2.3148243976066705	-1.4894421871874073	-1.4572279095119272	0.31985247112060783	0.8412198441828168	-0.3104652712537284	-0.005195023881152526	1.0689544624083338	0.09148328240701767	-2.329978529068245
-0.6178622424178349	-1.3207057829691293	-0.3386971145361324	-0.8006799810335229	0.8892787761080226	-0.529274551553617	-0.58700851667937	-1.8040947099825335	-0.08876942388347452	-1.3499626616787488	1.8921148980868683	-0.5504029770898597	0.6186064242265537	-0.3619702418249202
1.0619142210012418	0.7074610920743024	-0.09090779086240242	1.4375937720856342	1.165793556430475	0.32473845988531913	1.1239508940643193	0.526106148368757	-0.7471853044950655	1.4009140128022732	1.2905890459222782	-0.36346199188808126	0.22066159607396785	0.3476650838382547
-3.035618253684782	-3.7221781849548568	-2.875764805314591	-0.9962221111067784	-3.1826598570528315	-3.5635636839335247	-0.3643105946761528	-0.92861070176037	-0.21616253317809075	3.152046053144179	-0.08718265361785478	-1.1792520753503728	-1.0312486383518815	-2.9587620362282587
0.10281349491051228	-0.07094399375706884	1.2837514075628735	0.21280916192088706	1.0277020867831463	1.7919691226477308	-1.3892057083713092	-1.1143922604176892	0.4767130028197668	-1.097441471153466	0.6638333006020936	1.4770259922169027	-1.0000537379998569	0.7977021100935161
-0.44140084614662667	-1.302916768528639	-0.36902813002186197	1.0796919717912947	-0.6635967067778115	0.2747846161759411	-0.40467308453996936	-1.8507730029685698	-0.22878244716542354	1.7737144387305057	-0.7841649413847657	0.5469493803358165	0.26876089187932334	-0.24620514512336172
0.3948791828425293	0.11482313876978567	1.409949924182195	0.46963081775107274	0.46219847682326043	1.643718147742474	-1.1819659962645312	-1.2815394976235686	0.5426050380637099	-1.0760923632692216	-0.7155356733968884	0.7887342171328751	-0.6194643004581304	1.0076396974355528
0.005375255097084836	-0.23330413992154542	0.4550940730462279	-0.6864980503415977	-1.2003633343166369	0.40812242676535393	0.12288586517722636	0.17594548610752572	0.862679057233812	-0.9917136286674119	-1.461145098783876	0.7482750017957861	-0.7774154967981278	-0.1833883322264353
0.827424812518851	-1.0923227877259396	0.5956997606787109	0.8811900548234459	-0.3514129153003375	-0.7175394464844411	0.7282895778499704	-1.4670786410751822	-0.5479039851406319	1.1287710374802085	-0.56607189567341	-1.36871976248829	-1.9356906154558302	0.17506252001033587
1.0211430844506775	0.5420488675776285	0.4958412124608294	0.9064902575256939	-1.1287316520153425	0.6966251629630922	0.7730427178780706	0.3071484842125768	-0.05810151186314071	0.5380798681732342	-2.486877985359392	0.09634958233992835	-0.555799087252474	0.46891959450057724
0.4158659235095379	0.6946874386409021	-0.24543225871078775	0.03285351220763749	-0.21582615677754086	-0.09595409128856958	0.4211441215138109	0.8325822890525603	-0.6613350197707063	-0.7006357533563932	-0.6681293471337818	-0.5195746764787837	0.6765033702549352	0.05983739115837882
-0.10505453701541745	-0.7472379687975802	-0.6524474198165913	-1.0941707904258626	-1.07361579946831	0.07703440189979271	1.0259208751637112	0.0303875520959178	0.1455300793664723	-0.8832980424996172	-0.5136604745581349	1.0346379216832198	-0.11524398663723756	-0.7424217027276834
1.3663090297413463	2.3241027030999586	1.8174633151504853	2.8808057396484807	1.935424049655572	1.4800814373753532	0.012662964184219219	1.5004739215520002	0.6432756884522175	1.833715369914075	0.9113866542289245	0.2698533591946439	1.0370267773137396	1.2164129947060105
2.191347510918607	1.057027052349749	1.05006269976372	1.6385077685596074	1.5778562048338587	1.2999795520075885	2.068783462474071	-0.040092324412741805	-0.3843272888850107	-0.21139268336913977	1.0340089669992245	0.9192821525171267	1.6170868947788533	0.7576650680416235
0.2101232923587061	-1.321424561048219	0.0854286201349588	0.09528017233751146	-0.3194792311218553	0.2100964360818191	0.12481106908266426	-2.042612709788321	-0.05760107622506619	-0.07258647871920433	-0.3878412235222868	0.027510830198076694	-0.6529228097431865	0.034727626773411055
0.16485226586681623	-0.5577889181682902	-1.0472162787698078	-1.9233341211629194	-0.22222072346934907	-0.35037241679880415	1.3207224204660242	0.45131622441831876	-0.6557258955663907	-2.2016884000398687	1.000982590253968	0.3278966482610228	-0.5601837373524176	-0.7165419053487979
-2.002434648090426	-2.571545644736107	-1.589434288219652	-2.1541461210925656	-1.840174698022651	-1.6162154706774357	0.06965723071393892	-0.7928098621095734	0.7937488999913942	-0.4333053017474318	0.4260106835035054	0.42464052622780213	-0.13315124281594415	-2.0692294789071743
1.063252856198277	1.236046080107916	1.6693943331654297	1.7399415382867238	1.6617176635388098	1.4170892685891092	-0.9536943709926422	-0.3262327308854377	0.09887101331023841	0.13531931366797484	0.373182537434728	-0.4948783575579204	-0.568377289491189	1.5454611765374164
0.11715240971503033	-0.25313041687583415	-0.7876365736602371	0.000513657207972501	-0.028502034825202305	0.3389496368217775	-0.15519538958595097	-0.24565005279671945	-1.7301129531658308	-0.26343684187463107	0.0865933243764513	0.23219968747104236	-0.9250817229847974	0.07927595939915702
-0.0691886957590439	0.39451699671530566	0.06949897926611481	0.3437577945254135	0.49358142291511287	0.08004440737176688	-0.6979340868158949	-0.038778823775826816	-0.6044230710951067	-0.736791181223113	0.19013026082965406	-0.3679560796789466	1.0673117791055333	0.20432193515969507
0.20811303066709097	0.21939236946777405	-0.20962283012869906	0.6144778001171605	-0.8033536950965573	1.3565516822447428	-0.053835802261875475	0.2155467527698133	-0.6915264329805522	0.5162595187407676	-1.4927972739390343	1.6686544625512716	-0.40892439689378496	0.17184919718464306
1.3695166795268068	0.4192127170976137	1.3685896564814621	1.6897660287198155	0.60782046487217	-0.06273272564414523	0.7155325447043018	-0.4577667106851024	0.7273607787977309	1.260855335191278	-0.1620636619079711	-1.7493640065254084	-0.7006257653701848	0.8339978965827121
0.76490103748937	0.1699098002674233	1.3302414306543775	0.5723386824507979	0.40542256277234245	1.5016010008148797	-0.28104466602555117	-0.6912737622593945	0.54137886623689	-0.48379099343248055	-0.3569975875970748	1.0130747448747097	-1.0341773908013103	0.7915095357833221
0.24289341837485418	-1.570930960091144	-0.011354027733521288	0.9828175692787748	-0.6097917264912035	-0.39249552376818814	0.674720422543522	-2.3704573996661042	0.30947108476903673	1.5201834780100834	-0.7647616648413819	-0.575436563303504	0.410004397425811	-0.2306573997766438
-0.5595935896664979	-0.7164185785219627	-0.3917571439583943	0.39570271304659377	-1.1719823792393982	-0.9376358743404665	0.23322987820951555	0.290879490922031	0.5609314048220744	1.7713967410494735	-0.4765991179669253	-0.5422648973661026	-0.5310923484914976	-0.7847278033768817
-0.18784526306885374	-1.6824519382515624	0.1783544517058857	-1.4786933773728643	-0.8985297465990316	-0.8032014951048609	1.4320051629209194	-0.4322580483346805	1.8711261902616416	-0.5761033299018062	0.7998448553654702	0.5144013133999814	-1.1260009944641096	-1.197896910357932
0.4508248382467084	-0.30807610532923335	1.5120794464319736	-0.1870451688441862	0.1660066926470768	0.75364302806987	-0.22948577788887672	-1.4054633781589825	1.5759397198732084	-1.5400953839327094	-0.6154700684086112	-0.011988665425578795	-0.1376272145301374	0.5627273644721835
1.1983123028757077	2.1025701936231735	1.9895255910043526	2.600337149934094	1.6780356924680655	3.202196235662818	-1.1870656286677592	0.3152278479193399	0.17591292683338633	0.8057999604656856	-0.39200887628010517	1.879792637062971	0.17949765965947176	1.8775339529396753
0.16951236656055035	0.8996262228420235	1.6757689520041088	-0.1275133337849459	0.31222756043935523	0.433625754371526	-1.028839605750927	0.930599526463056	1.146373399635741	-1.3217704114452493	-0.17746629403355518	-0.369193178469452	-1.3663847476585238	0.6145434564958947
-0.13427750834120045	2.224030564576909	0.9331356990627303	1.6058746482548658	0.46223517176486517	1.1001152708326212	-1.9957269973593246	1.8151163886208854	-0.37376611225126166	0.1489248679523116	-1.0512818878584722	0.15853236680635063	1.1018082543846897	0.91459908052744
-1.6095346109434536	-0.255556692071126	-0.22175633785880544	-0.490729399014072	-0.21612989313573322	-0.46323594559675724	-1.6226193639244775	0.728007307773197	0.7286352721819025	-0.0006594971627867771	0.7935464703795415	0.0034652668444580346	-0.14584663646680612	-0.663191749441683
0.6860380078739899	0.35509247386284437	1.8284700389477246	0.8924701791427505	0.9855167547325235	1.8138259988842917	-0.09801708403960833	0.09012339511833153	1.475461376082529	0.4467811309852845	1.0133617900685594	1.998263859149442	-1.3603424100234367	0.5730869187965328
0.6929375143979746	0.14029642138518464	0.29063529341191613	0.6285167858967321	0.9645085694167359	1.2470175039645968	0.2065926612706003	-0.36074423835838565	-0.4262165447884247	0.07083120936821423	1.001469481674787	1.0094692241142031	-0.5945826964755905	0.4756595036953341
-0.6418825248848997	-0.09808226810809886	-0.499648708716702	-0.4257323634527258	-0.49338235761046656	-0.8808424083050149	-0.580942504839735	0.3297901093198168	-0.341704902536432	-0.5496339803900612	-0.3290433892226274	-1.3103392281007515	-0.0066091516403258155	-0.29463450337192376
0.723353174280007	-0.7992322051584773	-0.17543745614094086	1.005993442203482	-1.434795805688438	-1.0413707590386871	1.2912377704927647	-1.5250209709589952	-1.0561610833838164	-0.11323056160824127	-2.266016517114731	-1.186934199218494	1.9008547684760708	-0.26439057627829443
-0.003848581064111123	-0.6461109465777989	-1.0230932001132143	-0.5786323633016928	-0.13558523910006243	-0.6442583167921445	0.4999803447983429	-0.06324574941707571	-1.2492581411154644	-0.38369918684304394	0.750385555337273	-0.5663874547492376	-0.8867681520059829	-0.43080986652635683
-0.04741900752439032	-0.695330473984555	-0.8823484198129465	-0.2665516075066378	-0.4654263203161826	-0.07592725272196388	0.9881548170912929	-0.1568402897512439	-0.40803541773269825	0.09771331981148271	0.25018395209678235	0.8881865806389707	0.7617167453610977	-0.7535696492060283
1.09958844541671	0.46394120229573543	0.9863623400474991	0.5055473665649439	0.8489310890119404	-0.21357131270057883	0.02191858812927355	0.05055718552283017	-1.291908374484296	-0.6281807632621087	0.26742238074843583	-1.611530895880275	-2.1247861567716706	0.8585641223363715
1.2038932430395914	0.350946536643966	0.13389509260823984	0.23399943155987704	0.632953072450287	0.5917082940046453	1.686031222960411	0.46015626402039383	-0.03913823024087445	-0.08293025697400311	0.9284553607538584	0.43971967062100437	-0.31401858861157084	0.13765649595404392
1.5925732843101872	1.0921931355283585	1.0845457381947325	1.8586760973455414	1.2668625581131225	1.0607427388858048	0.4775595460665481	-0.3857579298955053	-0.31529976569530116	0.5129628201931198	-0.08855772218092381	-0.5736993669981904	0.48028907076624977	1.2275900793124117
-0.1887686876087276	0.9361514008059268	0.02660439007128343	-0.2963713069893432	-0.21069832031021263	0.19670299630629073	-0.5769264399847982	1.228954578977489	-0.23129576438486277	-1.2956312163780144	-0.6560974010887267	0.024190202704205584	0.788124931954592	0.041153667028515015
-0.6171745439436739	1.3311683454049896	-0.4087163184209847	0.34470275949095996	0.4286457393208391	0.3511869913159473	-1.0783658061243637	2.170813785818817	-0.729968246137371	0.19336972849459363	0.6666094409701693	0.2032081832812246	-0.0029142836892708827	0.029262930651553564
0.17761307393376147	1.0244745969866766	1.2918057917082468	0.4956846014912511	-0.009940604290634147	1.3748434536385994	-0.8509305507022775	0.8144679544686376	1.0643646323008056	-0.42527943816655656	-0.9134900664452595	0.9550721093238504	-0.4148584262667897	0.6187655095588521
-2.2342317015015953	-0.24457329465494454	-0.565403873312561	-0.9412771814021546	-0.7703286379674477	0.06908293390342846	-2.613034820318154	0.8301461683449458	0.2157009161898886	-0.6705686586553805	-0.046552425063447214	0.9597070480745931	-0.19941608730217886	-0.7027777782014762
0.8915568122721427	0.8538178608833573	1.1267316997983707	0.9497709343618319	-0.004726960843903005	0.49780000517132095	0.33085817817674673	0.5280088496935534	0.7806368126193268	0.328274549235124	-0.9071426056134358	-0.510812676690815	-0.4255729608181878	0.6221271432308629
-0.5161684191128195	-1.3321132399016737	0.3614188616748796	-0.2711684412308327	-1.319667614705909	-0.26746606568812303	0.37897396627336327	-1.0317299376129725	1.865835654080092	0.3122027836433267	-0.9954991685763709	0.6982759370594096	0.6579991544394254	-0.8446751082217754
-1.5171915090589512	-0.7867214256057602	-0.8715812333054349	-0.7833870507903024	-1.6819774277664026	0.04007829143928543	-1.2186399033508069	0.16798366945892715	-0.08731982313719307	-0.17085292828186477	-1.3251891095773052	1.134930971622504	-0.26916281715251067	-0.8336790638506143
0.24284716961081973	0.4678445837078091	-0.11422445380291124	0.9512463383493189	0.14358094700841784	1.0797289101632483	-0.3254582240905978	0.03420503257418922	-0.8616830357190134	0.4855989016581073	-0.5041626887467239	0.8507494057498232	0.33471534455368834	0.38037849525255796
0.6697043664786511	0.24235075961513425	0.9155507856029031	0.7789985611986788	0.1438253748184276	0.8452297041393254	-0.7282416230156626	-0.5665776846095062	-0.8991657526723098	-0.28563406136746106	-0.9477678945160556	-0.085403744190002	-1.6479674890759533	0.9118908681960286
1.7770142088497756	0.7464318093070574	0.8208723785407461	2.72427073102195	1.163904661859826	0.7522870220199351	1.0330750320590298	-0.6854351509362918	-0.5384910039577446	2.276690940455442	0.010375556200917497	-0.9833865036332657	0.07412395555419875	1.1428681087579928
-1.0724305881656022	-1.515084218371186	-0.854321017476899	-0.44874778635640156	-0.859479947742109	-1.3025139720803114	-0.9892046309661595	-1.7722757163124752	-0.5921352583638343	-0.4068089114318968	-0.6668764862029877	-1.4848632679807872	0.6157351745387335	-0.5748658234914474
2.335937355269071	2.2101525287962	2.1342997352620188	2.521414874683324	1.6491434822668891	1.9651646865082741	0.3234773177963584	0.05323223548283425	-0.007464574353143817	0.1236999099413763	-0.8607529682274044	-0.3602278218491205	0.7298400788309687	2.032245171740306
0.31027351917523016	-0.7431694090114712	-0.03272000220782399	-0.0027074452916686365	-0.6630216779108844	-1.1686646306326007	0.7293012594335849	-0.6635144081692694	0.19204377944851805	0.18590042815432561	-0.5424065710118257	-1.8494446633383572	-0.6115630756573707	-0.2227481489784354
1.8323869939637714	0.2288977229415191	1.5301044120767615	2.3002365514233585	0.20402514060508886	1.0363796508431957	1.433678280719079	-0.4850705417255439	0.5763236434398092	2.4208189001378995	-0.6619398904065981	0.33746203707267797	-1.3899340967822533	0.7979268673332962
1.6795146258091123	0.32370463615023415	0.9904691883544906	0.8555661142596372	0.2218651614681389	1.1285383474336337	1.4411521791734865	-0.2804427321770828	0.21560664226994075	0.16089387334421454	-0.4953756602076421	0.5505327943731902	-0.9476445135737611	0.6814991781712361
0.21038554864517883	0.04877215311267813	0.3616597951168154	-0.3571644002516947	0.076501007671611	0.002702849258618273	0.5011886470101845	0.9670444949276006	0.4299687826659466	-0.24614107011315972	0.8882775912662775	0.36725319819241437	-1.3508553014230065	-0.26128348355928094
-0.5111101764762405	0.27608169488073325	0.4116236950354322	0.17371575761906527	1.1104661838860865	-0.04039164697348207	-0.6716165356421976	1.0322007975563472	0.8887051545005866	0.4684321851862231	2.4068316825652687	0.02071975212123851	-0.6654170626607355	-0.21015537112092797
0.82354530528437	0.19070971265770606	-0.20883934074963728	1.2696872939587962	0.16827056735746213	1.2154410446447201	0.5791094565982743	-0.11170231549353579	-1.1075034173851364	1.3016248867128717	-0.1616838672031097	1.1191514895665038	-0.6133993167943318	0.3804109653126939
-1.1911605763546405	-0.8700481455392375	-1.018027110913966	-0.7147739233855203	-1.053351960038958	-1.3829870848322305	-0.6473130907421648	0.23731419810191176	-0.31960674282315343	0.11515470117521852	-0.0792189406570259	-1.090738067465966	-0.5866775031726542	-0.8951011637658538
0.4051162001819824	0.2571603926569894	0.43649704880258205	1.3315052797590812	0.48318787035126887	0.47420202852716864	-0.7318828689710515	-0.9785304829657161	-0.6736768053746449	0.47865539527512735	-0.6018176847115914	-0.9440027174781788	0.01820933181022517	0.840636816074374
-1.22880388408989	-1.407612306696207	-1.1897240422764204	-2.0244741356906384	-0.593818163412356	-0.981866842338108	-0.27035478747167013	0.047863465325622696	-0.3638824410496345	-1.458883066414914	1.3337520780305478	0.23940933350375118	-1.104580643415813	-1.215414257208418
0.34638386965501855	0.4228850439773358	0.5084984108605224	0.832825364935253	0.28124957252029836	0.9664117029522992	-0.2751202978631782	-0.16709471562709144	0.05427507896150599	0.15509041923375516	-0.4000829221309344	0.5567445862476547	0.381858344983065	0.4467702043569777
-0.4921517920691888	0.13045484650987424	0.9133015556126153	0.38214644241523493	0.23949542501749346	1.1063879750418404	-0.902255267434611	0.10254443078885071	1.4905726745474002	0.13644436989498213	0.29164664918063277	1.6092763183871226	0.5121989441369619	-0.03351160079082856
-0.8231117639791407	-1.1816652715185683	-1.6572271900696487	-0.3462810285246223	-1.5751710451335084	-0.45013224297844956	0.7643305711656018	0.24491615264680855	-0.5927482889229932	1.3015592082097083	-0.4110242565676344	1.093016355806145	-0.12063172006754824	-1.3044886190931437
-0.08591096693305605	-0.4464662857678747	-0.0894737453159708	-0.5832783910068757	-0.9600568975099781	-1.2949871205061927	0.7685160433999378	0.14988227303890808	0.8218824554576507	-0.43624740065650564	-0.7034774352635499	-1.455248575614961	0.3622968591378832	-0.6088550214187962
-0.6441178308048695	0.8910655664613049	-0.723259894863901	-0.1413241874615333	-0.0960814543874631	-1.3447153463274475	-0.9903883274821842	1.5463726499155122	-1.0636993815790277	-0.5394326316706797	-0.09514893980899253	-2.3502154768173855	0.40732428658170555	-0.11822288080434347
-1.439244419565778	-0.9829326196158861	-1.1390007195005643	-0.13769836141107294	-1.8985554899227313	-1.7473192005360196	-0.892763123917347	0.3605189927896928	-0.431445643876078	1.3418081197786633	-1.199399430595757	-1.4174840707473335	-0.8585114686942917	-1.0275417215508433
-1.0361160749794467	-0.3532020598870444	-0.31636996284986774	-0.44910067303619633	-1.0460894784980483	-1.482473971333558	-1.0313222566342821	0.7050644024724737	0.030237632564807757	0.074667135297199	-0.5136693861344214	-1.6936815604111848	-1.0680053555102678	-0.5626396302684751
1.0142064439284244	1.083275881388602	2.6929551174692863	1.4517562816212104	1.0159473202414602	2.34246492761529	-0.7698463544003439	-0.8009694150248026	1.7779806193202414	-0.93308850197805	-0.8129903608465098	1.6088249026327621	1.2493637817297334	1.313984774057537
0.1633353040422474	1.1230071912609652	0.6688165644899465	0.9126072726628748	1.1914719174859962	1.9040354149293202	-1.9339737347192045	-0.2737814124377276	-1.0647089433679409	-0.959183617332279	-0.15971842208280668	0.6649934223069732	-0.09315213810248281	1.3059064663440982
0.545874116234367	0.8884405077834321	1.0042883700871414	2.0900755322227726	0.4014519103990162	1.4910471618338368	-0.6132616513870036	-0.175412808969307	-0.05197076871820883	1.1377808451242477	-0.9024581947233431	1.093642525895582	1.1774313181166425	0.7582019295416879
0.48914210051178936	0.3986608885479582	2.507595795560851	0.832899823084338	0.716762604911523	0.748851834970569	-0.09562040528809852	-0.3153646134094861	3.255245228419363	-0.0618957062060193	0.24113997406004592	0.29576750156822507	0.7878280903211479	0.4303140385294204
-0.5058660227539274	-0.9902417088773374	0.5882272262002061	0.5334594531471621	-1.030273366823586	-1.8043658502730882	-0.023517227009967643	-1.0503670153856532	1.243384083686566	0.34073352018526487	-0.9089715527307219	-1.8488584221445783	1.622983249283381	-0.6846181495026217
-1.5157827799425376	-1.8420830019418446	-1.2125145221294562	-1.6407902998229527	-1.2230045000605088	-1.1740435847320085	-0.7813462195358976	-1.4515811314457654	-0.4555079044959365	-1.7783619986888284	-0.34265801472083435	-0.09736897902376686	1.1400177483573832	-1.199137872745862
0.3305637571790529	0.5861333924167896	0.46874171341376836	0.8723411969511599	1.6455332386521024	0.9511372282541454	-0.3735985959710604	0.05200138168980067	-0.12887552756303966	0.19531520590988033	1.8176733732862125	0.34286420711614235	0.04648888355034225	0.5456347866928407
-0.6445804030332416	0.11225638354670284	0.25635510351777624	0.21465833946834936	-0.5124217580744079	-0.37335022349434244	-0.6753872387834894	0.536851145596652	0.853289030270012	0.2870309131207579	-0.4896428270539972	-0.32357510275130286	0.6455333152075063	-0.33896096685278965
-1.807996489814926	-2.8097189388994197	-1.1688962705253712	-2.07076693462	-1.5525334764747662	-1.2317552197213095	0.06099189843111586	-1.0127706807283245	0.990829507537714	-0.2506806691304492	1.019458979624987	1.100746620354519	-1.063109969602947	-1.9894345365418353
-2.6288747824226375	-1.9845739435192242	-2.1004286200415185	-2.328396734847196	-2.856559469614691	-2.515780886301446	-0.8097156031981517	0.8242947902308864	-0.027079010256500308	-0.20293582558420753	-0.6805790092281465	-0.574033542698702	-0.9915924439506553	-2.280832328867625
-0.8394320418371556	-0.44024948260793745	0.21064321618168802	0.07664944024014671	-0.4368920867476229	-0.8427071860591814	-1.3425855673183336	-0.6941059054277164	0.4667695158589116	-0.18927563541273384	-0.6860975841362976	-1.5603292235115154	0.3522257461929066	-0.09423108858988889
0.7276420910739523	-0.2306258323275841	-0.3969622456716824	0.3442003577663224	0.983209665029742	0.8050630697109441	0.4391801531688213	-1.1821452319318908	-1.3776247213620243	-0.5933727513990791	0.8453217599042242	0.3848358816817697	0.43103333000710276	0.39245464083012976
0.4418301660700784	1.598012897848023	0.5377009357528961	0.5094392544203679	-0.17565093463988196	0.672980844814775	-0.396819919073287	2.2972190218436808	-0.6131129651973902	-0.07051658768813455	-0.8021567215053317	0.23209738949502026	-1.418185640298555	0.5033186128015258
0.42192866351232483	-0.6427845470188531	0.8777149714586255	1.1511501910685005	-0.24269722703801555	-0.2862578726011754	1.0115490262117561	0.46492811418624314	0.18871060032816012	2.6104907560161723	0.5297970626990169	0.4996518406672884	-2.446379156517647	-0.43246558422706954
0.6716262164880404	1.2218324488205534	2.634185324927482	1.5602102022272395	1.5898568734391545	1.7627600801692056	-1.5183336998432415	-0.20850126594832083	1.7745762688372313	-0.03799836448976054	0.3887303390466566	0.20878275987064923	-0.6672753643326778	1.4803882812560816
-0.6285904195112466	-0.43063864079432734	-0.731297887149126	0.8038495659984903	-0.44956486486518377	-0.5559086751291571	-0.7596344438468365	-0.5558005964463524	-1.109349768990361	0.8406691698544483	-0.5105631943021588	-0.5249011784083161	1.1382407742051839	-0.3248064377675527
0.2158541392905236	-0.9099299451968336	0.6350493756532326	-0.08672887620736153	0.7128874138906667	0.6301774378612293	0.23760821773343857	-1.6441888881589997	0.9826202183976354	-0.6121226198972558	1.0609031441938486	0.659703246678858	0.19264143971506836	0.038055099755552546
1.9298814296196354	1.375819195723077	3.26164275254546	1.3938535203374052	3.2085205479619403	2.093038051301681	-0.12290929027677229	-1.0889130369297222	2.1345231898062216	-1.4645567271908217	1.97702093529623	0.028141092491643455	0.5938568266248372	1.910395652555943
1.8940547279998992	1.4588195086224633	0.43701216614904037	2.4673050235955056	1.4849881609314464	2.4501074111192525	1.3289298784146595	0.6231114918869972	-1.0900506107366128	1.9704429974374067	0.6667244753276751	1.9322121248572126	-0.029574919632449254	1.0908675974167548
-0.8288144826151539	-0.8425343403284791	-0.24871378325395033	-0.8597088602061702	-0.649056568711461	0.05815625934014301	-0.5563010573540492	-0.5915462222528209	0.4678637122678177	-0.9698712739416965	-0.26762209023579475	0.6902226467967904	0.2978293250475538	-0.5471724719862973
-0.23645894105470655	0.22149999896275177	-0.19114834852716625	1.5325619635695495	1.4563403278598115	0.13429881461902698	-0.6968689953525236	-0.023454500625851162	-0.6877687737600406	1.629910967376978	2.0765948355252903	-0.06172039966379179	0.9239116440403335	0.05079037053019576
1.855940725375763	2.9220270953435215	1.4764512944157762	1.326566475869185	2.13629950779095	2.039525812545425	-0.7460176719555273	1.4356310892855857	-1.3622552119252382	-1.620639621064776	0.10827442494789559	-0.5222700890052793	-0.6898654961775076	2.1986215410076717
0.14694755176786667	-0.9519260931803214	-0.22708428598643793	0.1290233790051394	-0.3513165788159678	-0.232009498525865	0.3416454327635459	-1.087210121285737	-0.26439590714860084	0.31790140703370245	-0.10368552890646036	-0.37390170317390825	-0.685650198649673	-0.16246998067894464
1.545874771355002	1.3067487619573779	0.6146913925466919	1.2816999060897332	1.1676771855495909	-0.03485536969491365	0.41094933340600165	0.3884768429606548	-1.1117645237280764	-0.04173580002462115	0.14268666387689	-2.3276859157113834	-0.6359741427571154	1.200857484732408
0.7536921677205464	0.659953002391176	1.4088108859817547	1.0494685472306133	-0.6522848955345164	-0.285563356506911	0.5557910134880021	0.670224904074044	1.7043934942118482	0.9575546702599461	-1.521664334130413	-1.3547144491106624	-0.4443429713507065	0.346686654216891
-1.0806419996862626	-0.7967868524015905	-0.050338749605873145	-2.19651837815836	-1.9477674764554616	-1.6129219659952194	0.04433687668833694	1.0726903951821516	1.6682070797384259	-1.7123379948740465	-0.8957090512029439	-0.7999762712262477	-0.9817862397490954	-1.2440438415610624
-1.9321017528802131	-0.9463050633190094	-1.4441386267559453	-1.6992576027159942	-2.0443649877200802	-2.313421901742026	-0.7541034902892716	1.6255975700465093	-0.26656693317967356	-0.16672576553845372	-0.3303057956940908	-1.1759645317271001	-1.35400261393933	-1.650863082559049
-0.6769726637084202	-2.594466379462731	-1.2520031999924621	-0.8811970281879451	-2.322005225207454	-1.8746623275427152	0.8526450664333268	-1.5870433257305228	-0.46329767048277554	0.7207910131708579	-1.2697494558383784	-0.9106673944421569	-1.3950142299223256	-1.3632375380399526
2.3746995326577642	1.4604128472772446	1.6676967407428775	1.1187412669981909	1.6960501072493743	1.675920095967962	0.7458451098494191	0.05044846162035741	-0.9207442191287483	-1.1062598810728597	0.2599710075800267	-0.11397102119125953	-1.5493895455904623	1.7400216794231227
0.9005867085379456	-0.004066152441480897	1.8392351665431248	-0.05515802180791396	0.21172413982995789	-0.2872884447040935	0.6218422661596507	-0.22549099422477875	1.9722721738449374	-0.8098919316822272	0.04588608818733215	-1.2182005995379361	-1.195056662980291	0.3702397766894446
0.19475809752092232	1.5869138216238272	0.9373145753947385	0.25236660784293896	-0.35064229109519585	1.1235340772456883	-0.8317315019463994	1.4835426591447116	0.4507275276539912	-1.0799783737064053	-1.7453772769844171	0.4445004518874379	0.1830628400980466	0.6601756581173911
0.608008166277467	0.9558906002342896	2.4831270509684304	0.3778279697238419	-0.5679978408058732	-0.011256003130942063	0.4499818209963745	2.1954688769424204	2.206381728127886	0.43122509934176456	-0.8637769858977115	0.03877916708177385	-2.3023996324782634	0.09908920056449025
0.04643464984360113	0.6024062283268766	0.898857629991787	0.6916547758374826	0.13728702422194577	1.3802142271759785	-1.0341260151569107	0.3047846569952681	0.3990510841144395	0.05400899905019632	-0.48931817672957617	1.11238598231575	-0.7039342702020892	0.5603222881701336
-0.9306502783555448	-0.16459349822037195	-2.0522958914170335	0.37719518572204946	-1.1378754210471407	-1.1476189755438977	0.2152886707898686	1.4162667639875623	-1.6836819799717153	1.8298885884223473	-0.17478106714810884	-0.16827458892298763	0.8336678976085719	-1.1810871361346238
0.6706536759397737	-0.5411275507186349	-0.3177084866144602	0.680698296809875	-0.0026134008129618247	0.19878487499985448	0.5497419425126491	-1.2638587362706064	-1.0387187217617944	0.42271961573246886	-0.36835100073683463	-0.45639468991240023	-0.33167017320235626	0.2835217256842002
-0.22889437727606265	-1.2580921986744777	0.35125642280794944	0.050849183142371274	0.6664796915202298	-0.41043595355588164	0.020588158058035728	-1.499636912041933	1.0456213387106712	0.3338487889905106	1.7062876647402918	-0.5083477819712676	-0.312999603415846	-0.2957101307661486
0.47745912640519955	-0.10440939472752697	0.2715212490598936	-0.7967016255155843	0.6555425913536101	0.360777319774112	0.5363887357480696	-0.31972752401351195	0.2371303052427984	-1.811837848683316	0.9465486377942186	0.06830605253603624	-0.17755422747420885	0.12293796517542196
0.11007300745326587	-0.6406661159148306	1.3663665205508653	0.6091111611386895	0.6777822646968373	1.1567506254582136	-1.1987192431762372	-1.5450727096199264	0.2469964971472271	-0.09393362729154363	0.41031312782183327	0.9268545226206664	-1.7156162939523214	0.6295007686475894
0.17690861326857837	-0.5687239823505382	-0.8977931584879473	-0.04440611268830669	-0.8979692187334434	-0.534424346141779	1.002551056923497	-0.09785407118793196	-0.7379135155368454	0.43487365535613753	-0.647222761440843	-0.4404777318627492	-0.22445320922727285	-0.46512089779232446
-0.4029036268145143	-2.454066954907983	-0.6721575454524512	0.44980755530600125	-2.403213197813186	-0.7785029317420147	1.7466682441766086	-1.7650805885163816	1.2222814912175153	2.5324382146363185	-1.635577515148728	1.146895684643902	0.9443656243184956	-1.5838917266618529
-0.3255190219639904	-0.8951194294663878	0.034045298197776575	-1.2597260550126443	-1.0632030306882037	-0.12269592164125442	-0.37253821886992533	-0.9898455632812291	0.2712566056021137	-1.9738465215506624	-1.2793250928485405	-0.17073523018877254	-0.5547592766460003	-0.19026023616845034
4.892234579880634	3.7114447453443153	3.904443847060194	4.739289766441023	3.4201698994472625	3.64655639698886	1.9137716381971979	0.6116347360491623	0.04620807199612076	1.8228548265642908	0.03552271309218508	-0.017437581101835627	-1.206246025852813	3.5857131088853804
1.1605304505168235	2.17968426953618	1.7441938303339313	2.9648762154184545	2.1373418169271674	2.606826431009026	-1.696946590645112	0.6314726701620692	-0.899136549044649	1.4552641277286167	0.48526725546071076	0.8244170303758298	-1.132291475689594	2.027258962576857
-0.38892905483298984	-0.27947802236893776	1.5944689573387913	0.771340510985876	-0.20069528293609523	-0.17955820554337845	-0.8086980523050282	0.28008700741644643	1.8455225038929772	1.3987356276834246	0.16811678854925427	-0.07715894759329535	-1.7188799897941875	-0.10375422885996809
1.6394704261362354	0.8587055982311504	1.2465262379312365	2.919610670568297	2.494688649132418	1.0068369154443664	0.030252470130518443	-1.356390360448294	-0.6788779457111445	1.5606759030221247	1.408597159860367	-1.019271739296696	0.8956841597650591	1.4934029825471151
-0.28860454124562274	0.5020116475764606	-1.1089183331677146	0.06554030150899885	-0.6012670383701725	-0.7319783277925589	1.166884751266696	2.2084073611755604	-1.036849525217871	-0.09484136207426416	0.6829600847904707	0.8861319868563681	1.889647709118904	-1.2009623109526564
-0.2614631919781858	-1.012668071307595	-1.211626105310264	-1.189043083376165	-0.3216486657966738	-1.8343959527714278	0.7193579019634746	-0.5628898227512308	-0.8111975843974796	-1.2372968209599795	0.5952071028193167	-2.0639672810726903	0.48846245583313985	-0.7726266688234846
0.5375169893399145	-0.23864619930991107	0.6195181912980268	1.5638205556819131	-0.14728583828569108	-0.5735824370389121	1.1534000832488054	-0.35556170186155467	0.7528268103026753	1.5274827043066062	-0.0022701731579699443	-0.36901058826315297	1.6025681006391392	-0.34582279832080615
0.4794693526818646	-0.33052553063887163	0.12525176879779099	0.47901790129429495	0.6654259224822314	-0.9764567534686971	0.5775958426314333	-0.8056646127177169	0.03721587109985103	0.15721464830804313	0.8617711680343814	-2.0003221551326913	0.5156539365850616	0.049742449674746204
1.5028374315056852	-0.014932720294070778	0.7341088175300852	1.7316774740172822	-0.07918534093985119	0.013749226857570407	1.7455905826063247	-0.5203251118616367	0.5218578875629477	2.030286576895297	-0.6318507498933947	-0.9192355363460407	-0.4320186107836187	0.38366606897963496
0.24746283921352608	0.2779513082411933	0.44528988053487606	1.298614640809353	2.156449023045801	1.6612309782872317	-1.3223087213692202	-1.2940633698997377	-0.9342725904356292	0.04068121703086351	1.8406870191943254	0.8444353998338395	0.41443994462315337	0.9715013412564051
1.242763576596124	-0.3194182529549885	0.9963899617088386	1.419198978495363	-0.7399732248392239	0.13036034709629893	1.0020251673696432	-0.6148754526442243	-0.2531750087384212	1.600579258147735	-1.6322252559339703	-0.3907552659198458	-1.8966517772930063	0.4288373740901473
1.5136144425054268	3.2498898642276837	1.8651947449730564	2.80357947181498	2.43064664681481	1.8145829714348793	-1.4744609888064768	1.5396522330486264	-0.8427931943223341	0.45690854470528125	0.17387616483998125	-1.2427543069363551	-0.18837539601568082	2.363773603601644
1.551889933409913	0.7038841554808632	0.9571146440704584	2.146849330081696	2.219066774390005	2.386617259469011	0.6483494919112284	-1.012884831346067	-1.0352586821281597	0.043997469537264355	1.7710216024318568	2.439894188343493	1.758282160445047	0.959958622199494
-0.5057725384903454	0.33389224749861185	-0.9952659257416332	-0.13630406107481213	-0.8465244608027254	0.01631850177610583	-0.43280214426540553	1.0178365717277518	-1.2255519768258578	-0.10015171792224191	-0.949551220454074	0.13014986247194965	-0.07825148461513118	-0.26115939861501297
0.9887566175751638	1.6323551805861074	2.751506142994868	1.4260439870268766	1.7401157510015806	0.7813772359985389	-0.8701385604618315	1.3542269672744007	0.7447347984564099	0.21919909235998034	1.032147908533566	-0.6062189353790832	-2.2702402997750526	1.2738670601764774
-0.19597071019082146	-0.8930590097095337	0.7713502034179699	0.7870020597468081	1.2798003707561512	0.5577038946503562	-0.6808977392718408	-1.8687810812927703	0.9877096003732202	0.5586890314602537	1.757638363180983	0.3986566653324895	0.44926519301755413	0.13835660046261775
-0.2667921418557516	-0.9144554089890877	0.3678853089822479	-0.41268628892380516	0.1205696640315953	-0.5729046005281992	0.6348814946188075	-0.5402424696227919	1.6097920413579265	-0.2545261272234814	1.2317354714392117	0.15783558663512193	0.960000061863608	-0.7823099395881342
-0.04292209988717999	-1.0240765960748233	-0.5998727241239425	-0.1146694039286341	-0.5534780494159827	0.18421058632115983	0.8430686363772487	-0.9147055011782641	-0.2516910260029241	-0.04596588892807967	-0.05744247067766625	1.3259724777412913	1.11804201655582	-0.698861698679029
-0.8037508263686284	0.2583154587593849	0.07697221566984452	2.776213167280036	-0.1388293632725045	0.6274968184846471	-2.1933713460209003	-0.4232710154356079	-0.7229227881568994	3.4398816079630525	-1.0851790255669564	-0.13868452436549034	0.007822082254625645	0.5107136515698245
-1.1794580171076454	-0.050494464423932295	-1.746987259655864	0.33344235684587276	-0.10005302966398893	-0.2628721164246545	-1.0170032696121771	0.8031636507801638	-1.9595194755822853	0.992620481632627	0.7421029377052439	0.4473503679648086	0.7357655677313559	-0.6795457684383017
-0.06002242266735969	-0.4256127336698482	-0.9336283247998779	-0.6702537640571442	-1.1114456789027622	-1.4730669014790934	1.34319158669485	1.3776042182172012	-0.3051065610259516	0.4785379429810011	0.15333561145229066	-0.8879530320686102	-1.1607391071686455	-1.0200274431664398
-2.460396860456287	-2.182819565543118	-1.8315938491330623	-1.4676823884662498	-1.8682605699888737	-1.8487554819660597	-0.8025172508228627	-0.07919344289703162	0.3032508762329968	0.7529139917912747	0.44079416674736716	0.03189880934804671	-0.4267122663805599	-2.049961046528787
0.35291150523418435	1.146529527774823	1.4476382421503362	2.108582291073652	1.741002224373321	0.6994414804200466	-0.1317606807952942	0.960098502241168	1.0832411348372166	1.338874089947193	2.178554305069504	0.8095085984669458	1.6773341386749219	0.235003598695138
-0.6294490254605116	-0.6466854253558517	-0.4978712033239292	-0.8926983859093349	-1.2750875049030355	-1.044691916324778	0.0010549986364306293	0.5930854140839572	0.056335884092264324	-0.29763705890403697	-0.5263889685143109	-0.588609964901397	-1.1137904759090291	-0.7797785786244201
-2.7975185047892395	-2.7617634981404287	-0.9937090717154696	-2.362786279076632	-2.497999929568242	-2.646356233159312	-0.8981403088180013	0.06533716424153287	1.4623221327495648	0.09907093167414599	0.2637442708418012	-0.2660772507575409	-1.7134401339545413	-2.45827776989444
-0.8189092546419344	-0.33328350346855606	-0.23597384731652413	1.1962253333164004	-1.0980340030355102	0.36981128403535124	-1.4972389717997943	-0.703652640988713	-0.46665333763052586	1.490525273013306	-1.9760628754494731	0.26732275778738296	0.34015516684735125	0.020877047755201526
-0.9903710442825733	-1.6145466394734598	-0.5638613876881461	0.05530846472687623	-0.5739096896276628	-2.454347557588391	-0.2587861847822104	-0.33127306377929616	-0.3447117232188862	1.7814707489123078	1.1049571032525178	-2.2558037375835642	-1.854515287112262	-1.0448797437834296
0.8710377214457251	1.0423632842969197	1.3245493147697147	0.16352066919618202	-0.05196082248796152	1.2679462699525614	0.06807239772719967	0.9577839818783612	0.6791951208220431	-0.9801728898527765	-0.9321201426712116	0.8166424758513321	-1.0800939008593538	0.6837116753417737
-1.3512950404131094	-0.9151651131083025	-0.8133209988321728	-1.9621066183133142	-0.6270865300991474	-0.7289801772664068	-0.5878617960241301	0.627495235298917	0.2729309817165327	-1.5432414689525333	1.0747023228066885	0.434463057876903	-0.8501530772944977	-1.1216316388287533
0.8907709651277275	-0.6124670016586798	0.9651399021755311	0.14230523917586962	-0.42003787143752075	-0.252090571265725	1.4423030889587132	-1.1339328684497534	1.5486080641861897	-0.35143962057847294	-0.7856003311942054	-0.4984819634788942	0.8006854191064577	-0.09224436441011939
0.6268306883848513	1.2088247278841275	1.5981776512250088	1.1878288759963114	1.8799725335473023	1.2732029941778482	0.027251020005901776	0.7977055969488959	1.17992462866962	-0.26036618526437477	2.0915544725267723	1.3979077163063858	1.5247475403933568	0.4252518616361186
-0.2928128944851044	-0.09140292126260607	1.4765375694523208	0.6162733625368735	-0.38748054330691606	0.778648149187005	-0.7834911840081342	-0.5471812884989368	2.071797837244752	0.06942771341409479	-0.9904460983623491	1.0453962526175504	0.9824573311118497	0.04041438561438603
0.16513023742551064	-0.4524452551985479	-0.038443876469936133	0.8715491324187707	-0.7361740004047181	1.1102504508952156	-0.13033760124470825	-1.2022869853995595	-0.4319333269236279	0.5984730078210744	-1.6636950244577375	1.3242727345143652	0.5945828642792355	0.15001036318534064
-0.04661098825219462	-0.6474707153008245	0.8664043703047168	0.9033329910368212	1.1683754587629722	0.46208870157259513	-0.7940182815994518	-1.8618375345574163	0.7202635372443489	0.2594566396712796	1.189224324020621	0.0049714822651158504	0.7703187241432058	0.3155680606049842
0.8228778962017281	0.33317313124472303	1.13156120532382	0.21291254766350004	0.18924531317679644	0.7083831448615173	-0.03154401565249068	-0.017989134306012212	-0.00788280380854715	-0.8064234672928112	-0.4420008278534175	0.08376246871049825	-1.552223520697268	0.654411315967784
-1.9076599942410042	-2.5439066834553787	-1.3039303687671906	-2.4224044592954397	-1.3244622486831927	-1.355348919027881	-0.6260535670058575	-1.0787650420694863	0.2314068091978145	-1.3510590296108567	0.8863427312238155	0.3847739106760971	-1.0872510890338167	-1.6791974404069234
0.009040846808514136	-1.7040989784494212	-1.3680290559527752	-1.6116865944753154	-1.5546243986382762	-1.3775449240324256	1.340187638037971	-1.146838582005409	-0.9225358911117623	-1.379008590666808	-0.9107869300664256	-1.080730573394924	-0.6213570081835178	-0.8917244276094725
1.6757966667079618	1.8161964026097648	2.005527776962254	2.316111772195677	1.0080890227674952	0.17858702254045677	1.4835760600534278	1.4039765044729369	0.9928787250627854	0.3111808772847233	0.44898856669422094	-0.4827992735433208	2.058829756577959	0.5620445486104108
-0.9379742850436588	-0.8837464198244791	-1.3214418827482854	0.09425564777077156	-0.46771395582894165	-0.3856241775660974	-0.4687714732647134	-0.37949598556527836	-1.0834453152160588	0.9159755124045348	0.3139239284910103	0.14641316367125742	0.08362195743133907	-0.6727732199715799
-0.09787006330575942	0.7702250879994361	2.023940946108387	1.8078736732095275	0.6461618182256372	1.9326426196890885	-2.010070258100299	-0.7975593208803982	0.9001263899561229	-0.3171417856469941	-0.7704892884712506	1.7454023106791066	1.6939523265336813	0.9099702152209387
-1.4530891408944036	0.8205605369381794	-0.11182775944907886	0.5091280526168396	-0.8625125749768932	-0.04776713750671596	-1.5390570603150622	2.2503179517046528	0.7015174334628995	1.3978887083416363	-0.5548036828093438	0.4750764523466488	0.015789226897037555	-0.5327880794640197
2.909430489782656	1.2952918825885202	0.4582072751353269	0.5564601281667003	0.8005777603631031	0.13742696041722602	3.2284205839107156	0.9366377921455192	-0.8376043006121529	-0.6899323547232814	0.09520504187848115	-1.478726575239121	-0.6778383764367033	0.8688768825885494
1.7138022263391293	0.0661284722026958	2.322363281817197	1.3969399733756165	2.723447929894739	2.1178360266172485	-0.24052346549742207	-2.514930525406776	0.750086874309222	-0.7166116900449552	1.8845686200297194	0.4040556194970098	-0.817619766444216	1.7386107407356046
0.7658489560394444	-0.6411229258140747	0.7898879298110482	-1.1832409895444045	-0.46038524995617214	-0.3473085382500246	0.519991305833168	-0.8125309373030276	-0.35171345705465773	-2.41465806768712	-0.8535229568826183	-0.8495447854747616	-1.954098986874919	0.23721543394272568
0.9347722694630552	1.1811950576310712	0.1554248093388917	1.9187487521355422	0.7230872050075379	1.5154198155426255	-0.46234443844112594	-0.14797608394617906	-1.8460201777604803	0.5285673968198605	-0.8639845105438627	0.5403091777884311	0.9639838790109053	1.0771839321965975
0.6124720027052933	0.6247565103813943	0.0035128468524792678	-0.10028708285044226	-0.09377119171861015	-0.09830198225202905	0.8525359911860956	1.4025203596069296	-0.2318205287206696	-0.24753791039065667	0.1620915364428567	-0.31189909865411813	-0.9306657007624882	-0.03062256523026564
-0.8379996761408837	-1.0870622555752558	-0.22905738557445665	-0.1821443178011257	-0.7223656703513764	0.7422565684138319	-0.21899903996527412	-0.7886296598048324	0.5146828245407417	-0.06468803775189319	-0.07016722402608808	2.600332816971967	1.2937801313759836	-0.8726404859675532
0.8339584414428771	1.4782858046698266	0.6168139590119955	2.391885652531674	1.1247893150511241	0.20884276334728014	-0.4661309276118187	0.45779877105293443	-1.0919460130677563	1.217415731807745	-0.026551769731469534	-1.3338004635238117	1.2693342083080126	0.9497397003764635
-0.6460454471932668	-2.174824722609205	-1.6033709978897912	-1.643537539180334	-0.8252745799475698	-1.5060692158383062	0.9112689932720153	-1.0714123529094848	-0.7874609391012014	-0.642273780913569	1.1247180363024794	-0.47034896432363255	-1.0018037096012977	-1.3316165689432546
1.892396833396038	3.1062407722295458	2.183051479636939	2.9005604337750297	2.8199698536419033	2.495145533415798	-1.5907753130907418	1.1583611205236684	-1.415237027186701	0.2836697561945196	0.5612129459340307	-0.38297181295369787	-1.3316244102348258	2.67754898196231
-0.1313124513831029	-1.434813747622348	-0.5222333052078986	-0.5454305839144766	-0.772871352678959	-0.6280751153104818	0.13520182806497485	-1.433507419138097	-0.6606365736619174	-0.42425363766167173	-0.3961665127349985	-0.6060261689136341	-1.0793320346411353	-0.3588428892112627
1.4670579859122301	0.9044846548581666	1.2956168107042914	1.6867904792882111	0.6499468477658801	2.2973564953927808	0.8341090814032422	-0.10394897209295816	0.5643736972182504	0.8661019314530851	-0.5281708344326639	1.901959055146853	0.05201253220988652	0.9564515316719643
0.5709780788991766	0.41542300881411365	-0.3645654593260454	0.7022609160380953	1.1470151892663658	1.7472342553851503	0.3364033356353508	0.05412322845326888	-1.1647080432898718	0.1650294171548174	1.27749617204444	2.1090041423948467	0.4190588205631607	0.2991373076295202
-0.12445484286098803	0.3426359446068568	-0.10828656414966994	0.889329623603828	-0.14775527032013766	-0.023990791682814327	0.12800615689928901	0.9178860183707827	0.16052839846688566	1.4956599865401923	0.10056704582837671	-0.03216465208490918	-0.017165656177067855	-0.2046625351801992
-0.40524000554424305	-0.09585189038770686	-0.20845994853788144	0.7992984838911947	-0.6302025677506505	0.7479148228354884	-0.6402102027415096	-0.1474195395358085	-0.2540419042447948	0.9776321112411681	-1.0339997175268376	1.093264841706213	0.417375527983012	-0.09087527226282417
1.2030937052836286	1.6634251411446697	2.451274715324171	2.0194998924999443	0.7167170573706346	2.758685687587566	-0.10635180677815098	0.8496840105255662	2.031532655191603	1.0960022616865508	-0.7296907202488828	2.256131070558693	-0.3023103744184026	1.2140768097130106
0.3787686277521817	0.6480491750868936	1.9614224409956378	0.6688188774917551	-0.3649343109362826	0.8222069762121631	-0.13089924060046607	0.11578547374167984	2.0292402742878504	-0.8881356215269697	-1.3931540541702863	0.9074824813718882	1.537546108809247	0.27106866908003635
-1.4186151506130917	-0.5064438952013494	-0.3521882689474982	-1.84516026748584	-2.0055210315493666	-2.251193113186064	-0.8894731528224834	1.4896325026253483	0.33878302268636656	-1.3462296507471117	-1.2142045006821134	-1.9418864807336862	-1.615142210605755	-1.0771949546554072
3.60613169449321	2.3456735751351125	2.9222769971398077	3.342544091755648	2.300892675513849	2.213494028939849	2.0386906392478044	0.5876485788916375	0.6989687254959533	1.7549449116647515	0.42931159031475513	-0.1527808847688432	-1.1730381556349896	2.227692058927128
-1.4078005992050686	-1.8699486352199117	-1.796135792253069	-1.1503508961176283	-2.2134407600031665	-1.4320254750811425	-0.21401459989688282	-1.032459205922093	-0.8324689219851121	-0.2514134054744716	-1.5907977097724153	-0.357588386326537	0.6381787357854716	-1.3781088588237504
0.8234746700444435	0.25021009925072357	0.9980473005077992	0.6875840753791486	1.3659181104740514	0.584819338412012	0.5146242161667337	0.08844075126841942	0.7363775417463672	0.37584591172981796	1.9051384536771252	0.13683382857855492	-0.9301662962227626	0.38317890773422447
0.28490456483772	-0.04025463334783652	0.7558769499816593	0.7955221989447807	1.1239712659641927	1.2099991041084617	-0.6154403557973661	-1.1673491036923012	0.22446364457455165	-0.12053252180097894	0.7740577710296053	0.6830477271198689	0.2650113367693647	0.6071525615136713
-0.5649757103515172	-0.022243671456139258	0.6149871353252699	-0.038396048554226625	0.4490763575467527	0.4005908115141389	-1.7453046068263756	-0.6883571016570358	0.27392812378046905	-1.0575687439130546	0.09639948154448845	-0.38770343838638516	-0.2411466505318175	0.4389999196444457
-0.4551268999794459	-0.11549196086258617	-0.012355064334432397	0.490319278289841	-0.7277271771796145	-0.7735517441882623	-0.5747211897943325	0.6927655017134967	-0.10823035692030913	1.1830867425848772	-0.4349727425586816	-0.9262402762270742	-1.2800764192983924	-0.2751359780310057
0.8260725074847002	0.10172229894427282	1.7052700466644901	0.5221438449644815	1.0258780990842953	0.17263512058410035	-0.039149849008611765	-0.5532859128475008	1.1668547290581466	-0.3677936692646192	0.8836977392811985	-0.957080509250305	-1.2627582967849404	0.6862455060097614
1.4872496880203896	1.9099210483274127	1.0786794968162232	1.139105334218259	1.7541158897866747	2.1176169476994535	-0.09362694533632886	0.7471852969447406	-0.725118691021424	-0.877997899840019	0.4869619664727839	0.6961152077969297	-0.21463571583188173	1.5045370133269447
0.5368498331810554	1.2332652183397037	0.9935898207752064	0.19846099794003513	0.4320039912566316	0.46317239800622956	-0.6249632705992257	0.790446225359164	0.19452227130218752	-1.2928085506675893	-0.5489594652432691	-0.9366494325484804	-0.4161849564080621	0.8422344744058178
0.0736966687028294	0.35154149148823477	1.0171546177610524	1.6004393124123308	-0.11738538384259689	-0.32159006176935034	-0.05351330968476389	0.0976500378700027	0.4881585817010365	0.27023837327689915	-0.29571419038783486	-0.1863922422453805	2.051302678354868	-0.11730906690474055
0.8121672429807074	1.3579159579037503	0.06639501439496709	1.399716310934072	0.8855443512130795	1.1517209260335137	-0.07729035601155672	1.4352289307668433	-1.4635805371679715	1.0322255403488705	0.5823508390807458	0.5745559522463136	-1.0776006105033453	0.7122987215443134
-0.26808828536556906	-0.9211792298614607	0.3295611660260702	-0.15478915241078225	-0.6304942484162943	0.7620870447996912	-0.5150323776900246	-0.8269839684138443	0.08858209219406962	-0.10821059600971032	-0.49153037011919243	1.4549901587999958	-1.438299202294092	-0.13732900835433584
-0.7575605992597085	-0.8654052916886701	0.2818020136019622	-0.23796050260118776	-0.1687695370491405	-0.400869717272898	-0.2768928509522139	-0.5072002241851931	1.4800060364766097	0.11477063143926967	0.6692268236220043	0.2216867701506612	0.6562617818526123	-0.6923375135480767
1.2905275225323354	1.4982712215842995	0.820743417263688	2.0496984234747053	0.7146713942486302	-0.09096506589948754	1.8203394189973903	1.8353900667288294	-0.103479189514015	0.6427184689938042	0.9602839975536194	0.07765668023629206	2.136755555092291	-0.030313929471456214
0.5458974539895091	0.8505021627814365	0.31798612257574166	1.7670787973404751	-0.2044571548849786	-1.331309757448508	1.2950127932368207	1.471141502295492	-0.22775745397283262	0.8831339106565943	0.1445748659380404	-1.2732519603346575	2.138327399446307	-0.45984821848512003
-1.5333795546843856	-1.3195650189220252	-0.6362047072944896	1.313383596223445	-1.8526482793080419	-1.4417879143725694	-0.7376316205042335	-0.45968813985579315	0.7215281943609965	3.4315945334319733	-1.3151480835801108	-0.5995104476216735	0.8509309839374533	-1.21393833179604
0.006387479721977285	0.035410010910133016	-0.6194527127747597	1.011832826083917	-0.18637749361669126	0.639206168256374	-0.8613324338944839	-0.521737680365285	-1.8506112889916855	0.7392488619442287	-0.8974938378259835	0.028749926062084222	-0.48097258241743845	0.44464713561279173
-0.02394130970292374	0.7943296949877654	1.0618944266464312	-0.13720766876301785	0.6939489529579663	0.9190934540041386	-0.6017744990360628	1.8411202292035351	0.1092855749628093	-0.45357237625428504	1.2593042110585078	1.5171357925778943	-2.1044822174504296	0.11055400095573023
0.22838848556889285	0.7349661493498525	1.4646542736771402	1.5642590716088047	0.22569456754407782	-0.1471301042077361	0.06086790353970076	0.48543487964664456	0.42920250912636027	-1.4227822595370732	0.2805543117704324	0.12452413919699594	2.51671458892856	-0.0596376962238463
0.9811102388276702	0.34270628481170595	1.5250566460709258	0.8997381212144084	1.1175308817619691	1.5614710566635144	-0.6038349680492732	-1.1084733456486777	0.2054304240237764	-0.6339416659975177	0.13157931258993416	0.40990574533014124	-0.9899800325100797	1.2057862987029284
-0.3911458649358491	0.15930166995982548	0.4970178053648785	0.6978569200207467	0.3064193739160158	0.24796523003906934	-0.8996366751183054	0.017651209900503572	0.5894575821241946	0.5817818218947871	0.2628485511751601	-0.15858249897943394	0.027600211310174087	0.14319090175748853
2.474905182000184	1.90383751039923	2.3951692860439544	2.4728389743178463	2.054401658698003	2.9268266473099476	-0.42250093073685085	-0.7285535736495097	-0.7502267808407763	-0.272487712926297	-0.5596507729443454	0.4565159187784422	-1.164835877736127	2.5739368301361614
0.669417740370086	-0.3141246100315454	0.7106497432404708	0.34775122879676834	0.7395656756728486	0.4673975060653032	0.33355096364711073	-1.0286566474352388	0.4582167765751702	-0.28875783494852664	0.7222928001182443	-0.1773266765720271	-0.4556419278834797	0.3941977640062938
1.6692869004252435	0.19156038259162167	0.9393139260522763	0.4304625196231464	-0.6739114606987405	0.7722865449250884	2.1681843433855623	0.07258879873313591	0.9843125139111019	0.08483278756371543	-1.382830309856957	0.5625563663850136	-0.6196412692328627	0.27193535719831263
-3.327535890439607	-4.666403407647299	-4.202608138154359	-4.417484484650497	-4.8118435255610965	-3.6660391527231226	1.273848086332538	-0.9577557122043051	-0.17471930077758027	-0.8763870608281772	-1.2001542376675303	0.3867126034924073	0.031100103236812233	-4.0979700009720785
-0.78064811695091	-0.5934086294328231	-1.6172409693460754	0.4145550913880779	-0.5078859837886608	-0.6054689029532682	0.13367486759039668	0.38791440866556787	-1.2498301136385894	1.62654661242272	0.5498354988495785	0.35165644082798525	0.7099330068050514	-0.9681438759931741
0.08779986933025874	-0.14236796819540007	1.0719440941979461	0.5820239414892743	-0.6575537864716003	-0.6776140791230184	0.6165397862396323	-0.001639822361125963	1.6294146741649094	-0.04509922941303109	-0.6259901149415595	-0.2873185043489811	1.6951555640955804	-0.48041518759784063
0.20352608807667058	0.07685962199666929	-0.5800103755889404	0.9135808766642639	0.5123847144307204	-0.48462628623239834	-0.35603772313641335	-0.5679753432739085	-1.6404586859984949	0.49233919032027074	0.15792062624168987	-1.8122198446360551	0.07209809506650874	0.40322520894771263
0.7251405820742252	0.4448374600463457	0.48414947447422746	0.2759549502743257	1.1026852280163435	0.6425463222332519	-0.07525586451817705	-0.1885744255312635	-0.4392552808777146	-0.8522039695479897	0.8963524844686553	-0.33341422722124514	-0.594807123734022	0.6769435401119082
0.6259009657280085	-0.07421042278430613	-0.524636064420086	-0.31463041906381534	-1.5256548448794707	-0.32720918078531724	1.1370519196612021	0.18083818083434092	-0.7214962077187037	-0.5704104679629982	-2.2403985983352306	-0.6683153674416935	-0.33956831614838473	-0.11479966805523374
3.150849180460743	3.186207386571147	2.0536081080356086	2.906495634306979	2.329174474632711	1.848707136594582	1.0517293244212238	0.9482790894252292	-1.0886109703182598	-0.33982330366935265	-0.35914998330310033	-0.9135837922011946	1.3352686912322125	2.3501861946695675
1.0215020170598819	1.2769204496506896	0.5499835484169621	1.6612350678446193	0.9749243755140955	1.2032086947225316	-0.2301798664406955	0.14854992687937632	-0.9851961234453942	0.373595252684964	-0.34124395912045524	-0.034354564209686404	0.6286609684623665	1.0620582998305905
1.8521728324780984	1.8612778415961033	1.4020037466414208	2.3435704017443775	1.4260409561921599	1.5491194993992248	0.0953823337744051	0.0938146497455569	-0.5956812395935611	0.5411003340048173	-0.6291867698951956	-0.6223329281210102	0.35128149663226016	1.7347327524223173
-1.9871985973768438	-2.8218150746713593	-2.2370298211141493	-2.2500491118924906	-2.1795881219490068	-1.948378762862029	0.49208626866427574	-0.9584980681998755	0.08299388653927768	-0.45120237144324665	0.13228235888548268	0.48794129911161155	0.7223744669888859	-2.3911911271492112
1.5792269264205971	0.4580691952218887	-0.27793486759240443	0.6694059925961926	-0.637634801202459	0.9135214289919933	2.007720859865452	0.5183331956629247	-1.0595913459888064	0.48117662220148133	-1.3222287213650494	0.7964777171520239	-0.6418201744949715	0.27543331272312827
-1.817669168201471	-0.37290058685415167	-1.0028528123816995	-1.4514211696158756	-1.2167022146169857	-0.12348800706062096	-1.8987998837816835	0.49782892487126335	-0.4843513812625529	-1.6478183578046146	-0.9072434909895597	0.6880802605457932	0.28371363712959474	-0.7283406692028286
0.6505256524967684	0.5632998378318617	1.1727979126177246	2.5255144949536628	0.2877024284843854	0.021127044954384833	0.04487468354583793	-0.3908937071925164	0.003071560615099723	1.177484516472179	-0.5078137264243675	-0.5182238617337261	1.9545083604113338	0.4069343900651046
-2.5296964381409355	-1.788988791475408	-2.406282581592831	-1.9273489151710586	-2.541034213511291	-2.1159823073954525	-0.6911756648294944	0.6942833633845281	-0.4331196713482789	0.1215631169892337	-0.5598795108098568	-0.2541653126461847	-0.2387422782075655	-2.1578103538646114
0.82441019550896	1.5290119461968588	1.7989040270811807	1.0866821892239873	-0.3170300761475028	0.8981250477721179	0.6615938496079516	1.899661542221666	2.313675429600075	0.8275671296383138	-1.1771271776446426	0.4838293548921778	-0.09784508217964215	0.4087840372997876
0.9194235565150133	0.9146224696590841	-0.42926228922365595	0.7136666338592913	1.0321523663687735	0.9440773015254538	0.5063991508934559	0.4654035607226802	-1.691129323876629	-0.2553376264883117	0.6686985534859605	0.39518063880126125	0.5132234407106281	0.5327356450833503
-1.887424957117067	-1.0699899150838328	-1.3765275405801953	-1.0089592983099087	-0.8694186554735042	-1.4437915300390134	-1.024697031446931	0.41488060459755755	-0.14042908451803499	0.18099328365913425	0.7490723313072771	-0.5787836711481587	-0.11906456841347701	-1.295105364159672
0.4450387962176461	-0.07396919366022425	0.38683354944986686	1.8377533892281726	1.4465291479151592	-0.2680724638355273	-0.5639894958070835	-1.4893792259769416	-0.6554032167968152	1.2491006298162335	1.0656775314755826	-1.818929820920763	0.7282228910737856	0.6740137637111835
-0.44159104448570374	-2.0696080774556918	-0.9999107438989412	-1.6670519476544523	-1.945702994151292	-0.2965876190607982	1.4378018405975008	-1.0824757462020007	0.565223644166237	-0.7593255049570578	-0.8776074247701572	1.4518822920453587	-0.30956068128278064	-1.358210493477935
0.03499256035265785	-0.33457411458844777	-0.03381087442116354	0.585952492044154	-0.24463575889329844	-1.2690380402356005	0.2577139107849671	-0.523516698490383	-0.18001475022393928	0.1744317576565389	-0.2487364614823026	-1.7036449540085825	1.350476546435638	-0.2905594047813456
0.02549661345624421	0.22674677444173674	0.3867768743576319	-0.9024860878314525	0.5944596177025279	1.0850103296684894	-0.6223168143732036	-0.29641095843788556	0.03416219459511261	-2.523938985963982	0.3173977296739073	0.8978425761149668	0.2582748658486642	0.35293837633473524
-0.06799682474131241	-0.741070591436757	-1.305105943212996	-0.3059799267367924	0.13789876497932785	-0.20859888048657788	0.8550852059317506	-0.19340600430979368	-1.1753526523846385	0.1963646232735857	1.2714629966263027	0.3251982789542369	-0.11291368506775856	-0.6024442518373291
-0.7142710808171362	-1.3270579678212333	-1.6728066402548003	-0.11949851718639781	-1.5635255101624075	0.3484727461152576	0.7159615756284067	-0.30599840706434583	-0.8623707227127833	1.372576870281373	-0.7000966331428105	2.175122377718908	0.0636817849579545	-1.1561952805742166
-1.5058164922510016	-1.223025185190139	-1.448410453144957	-0.36771798423423846	-0.8832253101743119	-1.6439872802156184	-0.8040586590443316	-0.4261363635942871	-0.7847294577384525	0.45628360167142434	0.1851595568866082	-1.0074265643766895	0.9459293023096886	-1.1565292274955046
-0.45648099109066964	-1.0658420693528268	-0.328414912536802	-0.2758114112549971	-1.5146692993494681	0.14586962198360554	1.0861483769778089	0.06650322433298142	1.3412377588029825	1.0451527470094994	-0.6812976765953178	1.8118077970418953	0.16394616403004522	-1.1385332367586247
1.1101893374834662	0.39143859493363564	0.6997878914311633	0.6329961551575544	0.4374960336798366	-0.11752177272464415	1.1555050805071594	-0.09424110425690602	0.493847183952824	-0.11838645324425227	-0.00144325159050065	-0.9827290584104116	0.6657758060105516	0.31482809628566893
0.9236953512165872	0.641821838323965	-0.4510850564492736	0.2584450586114987	-0.03790405818024861	0.5312108244969912	1.6544033373567784	1.4253481873364862	-0.5778646642862262	0.43051943876467047	0.2891587811532857	0.8023455633456679	-0.3916860888238326	-0.13504985631316016
-0.6195668500340152	-0.6363171130227271	-0.14039211927007825	-0.4151172478392862	-0.6064875437465423	0.8507794655109826	-0.5912158157982561	0.20027831482545821	-0.26349400023666303	-0.01323649503718948	0.0730469445057618	2.1551776057719	-1.5300103236066578	-0.45048203719667035
-0.9597058057732111	-0.8575355852021815	1.063721102621175	1.1456166259284093	-0.732811911084472	-1.515042081377151	-0.7869860910353789	-0.9126981604928455	1.6427290547468931	0.6719211310741504	-0.35070070734124525	-1.216002018464384	1.9798654646276355	-0.7058897818320015
-0.5146194342922534	-1.0936273784339	-1.1932010396084514	-0.3598286737077136	-0.4577619109195971	-0.20457615428949494	0.5725965835469116	-0.5389226236452229	-0.8094488566544191	-0.06337562990026847	0.621375781708629	1.254912612164447	1.2508064951469389	-1.0204351032761538
-1.4164205220231163	-1.2179599626571678	-2.13444212610705	-1.9264158360594905	-0.8810586398768038	-1.7176598715739733	-0.39815187381527045	0.5863457079764917	-1.800023907888901	-1.0904690026314863	1.0624524631849233	-0.7668277797991189	-1.1812786890776805	-1.3335116496275266
-2.328490737762735	-1.7699107475865807	-1.8576214744381454	-2.9922013444998186	-1.9641086027229913	-1.4047190600017878	-0.8546805190027128	0.3898585888918977	-0.020616445387957504	-2.01896305004727	0.05843540724537639	0.535702163537937	-0.5212107855784439	-1.8995837438060306
0.6994361238027784	-0.07747538698511597	1.331240338644751	0.34101123262234945	1.173872099121749	0.24226545214560946	-0.335742155324818	-0.8575374933700126	0.33085467628619813	-0.7167261346713207	1.0811497742113223	-0.8480829361892395	-1.430907071606685	0.7232285233582285
0.23870737817026677	2.2206718649588106	2.4073534079468963	1.8038888905715709	1.0058714629270176	0.335796703791352	-1.4403412551559245	1.535971623703951	1.0576795272031168	-1.22443520804899	-0.06730026588380456	-0.7259844794854224	2.118111246003479	0.8754666415357442
1.766533818186989	1.0310890655875977	1.0086712571133971	0.35260168513445833	1.2760125152503399	1.3372234778092071	1.1632515820856664	0.2237795435762845	-0.04524976922844225	-1.2722977924676855	0.6262041017434644	0.27976322830273237	-0.4721105369468932	0.9912434468312056
0.4891520983972884	-0.1933836792760072	-0.14075287028736405	-0.7730013232653682	-1.121794148142115	0.40160983155855623	0.7278087390780146	0.22649542882376286	-0.5049099596348309	-1.2273682022711387	-1.3990319983126345	0.6987904118266545	-1.1454088277139505	-0.10019917102747482
-3.3590699631793237	-2.0944516603151695	-0.9845160313791392	-1.8048071183082397	-3.199046755500363	-2.4515156574872647	-1.9095640007932597	0.17238281511879547	2.1046429445284938	0.2830748582724835	-1.6637235833630977	-0.5747030388756708	0.44616918678809436	-2.2871151867440656
1.1170966796083301	0.20862588352153955	1.1693586959449638	0.8836878024190313	0.6468761438074144	1.3049309325031868	0.4385893803285428	-0.9417862716204424	0.5745778153968993	-0.15689881017809512	-0.2118849742359996	0.4892908794025652	-0.2103321765660745	0.8157640818070198
0.2427502194669343	1.2095067460321498	2.341289663454984	2.5441455146534353	0.6889865955413176	0.6478026975767506	-0.8973484538095058	0.37075285754825843	1.389178779763996	0.34867365750134266	-0.038611604444852024	0.3576008502785916	2.189271091467251	0.5492008132097447
0.7524776966300943	0.6167297572944372	1.4529459697779061	2.4496904127971297	1.6863434366743106	0.3706382625273015	0.2024548684365841	-0.3244652096732625	0.4016123464093685	0.9320946517807543	1.8222399689275215	0.07136859442948455	2.000949164418786	0.4112190502146375
0.04511583219526538	-0.26468915530784093	0.4003414646104211	0.32849497986501164	1.2333701224650806	0.8256840872588525	-0.4333662994015771	-0.261875689861303	-0.09306561038621024	0.2141734783001585	2.134145242669087	1.0336088735189095	-1.2517770580659036	0.14279167022212155
0.0506781786852453	0.26089313394959407	-0.10760122721413692	0.9930123164157053	0.36632320126639856	0.5083143313780132	0.09557386463498724	0.35642953857239895	-0.23368189083759872	1.0459893405666185	0.5738411346934659	0.8745650466852074	0.9217374567326668	-0.1373120805403787
-2.4112452237102784	-2.8369077831589604	-2.313845531196284	-1.9351793562167663	-2.1718480644495606	-1.2711297441310552	-0.5969899491457501	-1.3145220556708084	-0.3824997089902202	-0.15510897614667546	-0.20535303820247633	1.0500335988730343	0.23685703548903567	-2.0955659568542826
2.1434543431164776	0.8458998242007992	1.6162112318352502	2.0863109917697487	1.1324575662075576	1.5807414146147165	1.0017168645713443	-1.2182655341901256	0.1346664383818779	0.4088596880863729	-0.721538179192398	-0.011417641690840037	0.7067876216223883	1.435501620390397
2.913809816427687	2.319819874129735	2.04053310881595	3.0905719739534723	1.7415700104278757	2.278311165764817	1.0815321793007626	-0.1372285442101092	-0.9736930674669355	-0.06305047442687815	-0.8769360382414271	0.3815804591162568	1.6674586687337378	2.0686652669090533
2.363520020813288	1.6627391496678983	2.575836413561987	1.366782657399039	3.242907700716403	3.0819126404581816	0.40381433440515646	-0.6669632973488594	0.7969456659094861	-1.4971718591969088	1.9664600183667855	1.3184611809449713	-0.15096807117969038	2.093110742313152
0.7548562952743004	0.6930916757306073	-0.3336358094320666	1.6025320330416524	0.7850757985614439	1.0489929357869259	0.5143441049603866	0.5467277863844069	-1.2505757775335036	1.7220806288846948	0.6994995133968087	0.7431138240606762	-0.21293286215488913	0.40764157633094095
0.6392429595292323	-0.21593343426957734	0.4500011142716815	0.4895656272741044	1.4283576771230881	0.7994427822862766	0.19461363280117214	-1.3083662546190205	-0.1550870246285745	-0.6273797528456697	1.4645934337777802	0.44503337069294635	0.8461719987736689	0.3998519187471011
-0.9168500304880615	-0.36890761643868164	-0.7553623211677404	-1.3659360828457592	-1.018248414635633	-0.28815632140031616	-0.07176584767433523	0.8756292302027904	0.21334488021711362	-1.1198592668858693	-0.20661319326289773	0.6600342553669478	-0.05188724057703706	-0.8839077064449484
0.37868288757208	0.44216369435971914	1.3542681645010017	1.8242707963643716	1.186394325650026	1.7376655277404007	-1.637334088489753	-1.534221542296187	0.0242545355428541	0.43289972143994676	-0.293708187161002	0.33868383630826476	0.13244848362536898	1.3362069230123574
1.120068348532571	0.4089111891692845	0.2307060863205977	0.826009173526688	0.06512332706874852	0.1986367017763409	0.9576092958944903	-0.24765175162770062	-0.46554542802599586	0.08558005568738289	-0.8174230933188543	-0.7775599433292542	0.3875032669298727	0.4800015867599304
0.07782322568697325	0.026114086316449847	-0.45300356284486176	0.22831724272221943	0.7883229232549045	-0.5261946933277764	0.3785252337044163	0.7515589736135608	-0.5213389555032051	0.6733137866748239	1.995012572739911	-0.6672392251469896	-0.7934858103372218	-0.26612413578424227
-1.848465170567453	-2.102726427244718	-2.0248790034712236	-1.9008048593294706	-1.6322020700257132	-1.4097270894090164	-0.8621549052743743	-1.3029533591711797	-1.0969231185459287	-1.3234182899878475	-0.5162848968507496	-0.34235769950419226	0.3545819922027591	-1.391870810182562
2.4235083510416513	2.5441523472627603	1.7384508615038654	2.7757961390767623	1.94197604257046	3.6618390703678245	-0.8508210924620613	-0.6917795935352873	-1.9539545645598768	-0.71024630635176	-1.6842196556365896	1.090479649720363	0.5895404058472683	2.841312022214479
-0.6004895612401072	-0.5149470114574426	-0.42261984653070095	1.4541107095343326	0.5779671442001172	-0.7137609859867139	-0.19877743379294802	-0.18024582688965998	-0.0739431645766129	2.4486117121268847	1.7158408691839173	-0.27926247652362673	1.1266800122028524	-0.6321355177642172
-1.445910652540297	-0.8335809464892373	-0.313348055327926	-1.1997387420496595	-1.3129785744743514	-0.9663651118373776	-1.0926570999796987	-0.11140351746026551	0.8374820307903028	-1.1203589138668855	-0.9004268879581993	-0.424810632181323	0.5671402342478167	-0.8801668828626413
-0.08491624440500811	0.42576579738345416	-0.535714282231419	0.33877103655684704	0.6881304388922536	-0.12311325031785045	0.04700354169191115	0.985763041352828	-0.6680570210612132	0.5045054181015066	1.4228988786414796	-0.30452526128993984	-0.13565697445065228	-0.1385606325381121
2.6536494152661754	1.8095009301303315	2.7791575508957695	2.2385855504276817	1.874337937941881	1.527688953885264	1.1089003313345256	-0.3635707616434557	1.3125213003037446	-0.10960352987453706	-0.2313929730680014	-0.8189504804864428	0.764588204547344	1.8747257462069364
0.41969718355016405	-1.1205286228571452	0.02372199315131862	-0.43906293057427903	-1.0888354086319636	-0.6308046445327271	0.6604906421127069	-1.0247647130615516	-0.5969221362253851	-0.5070833423038162	-1.1951294602053162	-0.7322034526536317	-1.6651155510812394	-0.17264668480396625
-1.170043053343652	-1.5550663145759505	-0.5221855284374928	-0.9263604518168663	-1.8054103867617624	-2.1606427835083832	-0.5105817468806704	-0.2727512314162905	-0.023444784620784365	0.15832360369840984	-0.9113910278448265	-1.8056838126525507	-1.660204756569564	-1.0593746244122633
0.48316998137041345	-0.5188631722025744	0.5062953506542294	-0.2361458913651403	-0.06879453196249216	-1.6284521939267842	1.2683882189919518	-0.6515792894580087	0.604593145966152	-1.5437411914776562	0.36090943053148866	-1.8463945252973617	1.7677836203436044	-0.4814723225964901
0.0038212520952671802	-0.21496695610450334	0.14877843285071116	0.8085158845565503	0.622345657826571	0.4585116493693532	0.3667268909374033	0.015521391403576109	0.6148723163519125	1.387924817122544	1.4110419523839763	0.7979663141022829	-0.02026355814246995	-0.22022707931815502
0.1659218461551853	-1.2558686223111934	0.5497141169627922	0.24418626999491921	-0.7376176001015786	-0.17388945275869983	0.20397705498468097	-1.6250787933269484	0.7641954688278368	0.4288973146129109	-0.8072208428298092	-0.3325031967131083	-0.9526151967763423	-0.09029830695975588
0.6296494785550613	-0.6994795291269469	0.12345749601885914	-0.7712359111469269	-1.454368410549463	-0.23188334410103195	1.9188885331058958	0.7476683559278422	0.07726218444678469	-0.09093952617513738	-0.8859693418566984	0.998242421079706	-2.025055175668881	-0.7430695075498761
-0.2312320613467643	-0.19288423817346434	0.6804938844367159	0.1690482046599364	0.15431380425285712	-0.2053553326472875	-0.5428085480789455	-0.3370720432343098	1.0273397782347033	-0.0749322988541678	0.24097150450303217	-0.7574361310032922	-0.22364020662471623	0.054087029092064774
0.25352826534814743	0.3216558399023836	-0.16102593580405644	0.09197299988386864	-0.11029368663571903	1.2094002034514557	-0.07033165876920158	-0.05032556497290034	-0.8380093075957245	-0.9766869614488148	-0.7251562171866335	1.5500955449097633	0.9468135509765475	0.1624884686908143
1.894036530472394	1.1610150614233858	2.1295664512194628	1.0040255478404208	1.3101252434085864	1.2262832143442217	0.8916460758622439	0.7499414517525936	0.18291724767216103	-0.2544280391643783	0.5829295321830281	0.32670390732882726	-2.1064975659343483	1.1323497035586993
-0.7149350107828908	-0.08390192736100047	0.7334426181906548	0.8336641278823836	-0.3643936926579007	-0.3481358353934959	-1.388498120747369	-0.09045889295058722	1.084246454505477	1.0818852681858144	-0.5615105985156252	-0.9714965859215733	-0.4014469953303321	0.0506628074754183
-0.41798665178110295	-1.2709756042413005	-0.5346434406566049	-0.7688107484397934	0.08660464723721151	-1.4907877837123418	0.301739076168912	-0.8737139902506624	0.16609930905317952	-0.39368158081442284	1.3853600002883684	-1.68067200306088	-0.40123299984629535	-0.666500610121644
2.1217683818272683	1.3115922602630599	1.071526801424127	1.0370125614012884	1.2182178583623875	2.3024327580468333	1.0010701729834548	0.020816547971374583	-0.7176540596805572	-0.8235328826161031	-0.148093232079598	1.1935962369748279	-0.6247597649103256	1.4240542844623
0.40061474227418664	0.7118349668596221	0.19947569494090722	0.7968339759344817	0.15690943223742781	-0.25707553465930777	0.6373451785740124	1.5993113487993103	0.2971074907517727	1.3312461049259248	0.650479349041173	-0.5107803915550904	-0.7628599346519146	-0.09517985548958105
0.8151947786827438	-0.02035388850745612	-0.18013539447033683	0.39871407223651806	0.19793184019342386	0.33849827798699483	1.7238513901521613	0.4195451696658686	0.10144808047500939	0.7816812575189724	0.7832129411903189	0.6418424612181953	-0.1366975245422067	-0.2447414853985359
0.22906119760172833	-0.1818098373611691	-0.10947317256980421	0.1937434099943458	-1.1078237618054376	-0.3594310164140186	1.0728677545812881	0.37667768525044265	0.5651468225551088	0.6543587627348114	-1.1653995968486421	-0.14429537762424663	0.28488163248382126	-0.46479277500819893
3.3747822942030217	2.208244277280119	2.500698953712148	3.008101362301075	2.6197656706523453	3.371129695274078	1.2392416087765683	-0.3949463332841057	-0.16747901125028566	0.567338644880713	0.28344180094409355	1.0814612595081678	-0.5148258057709629	2.548177238404775
-0.8659011863432304	-0.24395688223044593	0.0671131232080528	0.05824161172310986	-0.903963142155092	0.3650846306365147	-1.2168141346766728	0.13741370296748148	0.3865203674146186	0.2684005250874595	-0.9706886918317125	0.6884439308993764	-0.5286058690533914	-0.22068393020025656
-0.8240829278682209	-1.5222416470259967	0.30761314355520036	0.22740330502819794	-1.5922035463237918	-0.24140584314259195	-1.11756140551985	-1.2441302228019961	-0.21000108054083425	0.9574666079799729	-1.7287324464413623	0.36235595951146654	-2.0093597841127724	-0.37389155652224454
-2.431936290378607	-0.9960527622421466	-0.6939556442417283	-0.26095293067027037	-2.0818913734767923	-0.6603601851052043	-2.318647500170399	0.3674499848696173	0.631474125711569	1.2258350893407564	-1.4485096079901765	0.47054314323751545	-0.4840798582819566	-1.1197067815075255
-0.019247242813875798	-0.010093859284471596	0.33605372084251833	0.9285230259126527	1.2389703763497875	0.6174080158229598	-1.1448844173401393	-0.9749893712990891	-0.499691889412066	0.24681265146255724	1.105970995348512	-0.3341682589764958	-0.24487949023575664	0.6238756615421331
0.03360172520714921	1.866034303634812	1.009943550779332	1.756490045432528	-0.028979414382903745	1.34039873078652	-1.3127093249985726	1.6102885258224775	0.1189094685381652	0.7466008570328871	-1.4657758869752247	0.9916799061849652	1.1660956444652208	0.6666420592482811
1.5308183830697395	2.0732334460293855	2.5285253571107362	4.243639751116127	1.2793647392829215	0.2367007664791031	0.1620276257466264	0.6231237235090273	-0.02361342366214181	0.5629346039005142	0.0031825799646088633	-1.278699220448646	2.6134500223379447	1.1766692074563803
0.5710296734093578	1.1532274452089695	1.0741523306422132	2.090383594254296	0.5845548083848089	1.0937491876859544	-0.7691008124750754	0.44594569372199105	0.12829894652657944	1.6512478486002438	-0.5053337451201371	-0.09326254683058056	-0.39864601971658103	0.965389232919091
-1.0500236967912364	-2.059633546010929	-0.35705929304563927	-0.933064340030344	-1.221040089355593	-0.8211491411580749	0.8966026016266071	-1.1617306836946615	0.643060809283943	-1.9330884851732013	0.7707349474668866	1.9084613006321447	2.3298898288942524	-1.828573101572983
1.3328326977206544	1.292407416657281	1.3138250001769731	1.2021768916250428	0.7177063868125142	0.7690816183348846	0.5798524744727976	0.47329549602231696	0.5908643751133614	-0.07553995122692397	-0.47461632155910666	-0.4915004850940961	0.5661912405483304	0.8951918709342248
0.02905028318117009	0.8594178779897477	0.7388991377788222	0.40987680325073284	0.9574946201878585	0.8172090712785609	-1.2905789822840619	0.18580816282765367	-0.06969197487251313	-0.9000274735441762	0.34910589626142086	-0.2622391685112614	-0.1433558207134474	0.7766041444358449
2.050272833930746	1.8446288436004235	0.8811089571449422	1.545346652888893	2.9673480793899043	3.0042292591983593	-0.5266976051044453	-0.9055462713100944	-2.42862102765794	-1.7964260489691686	0.974288467847014	0.9213742971665436	0.5403092640236621	2.2798947535817478
-1.36742508226879	-1.9836701712862856	-0.762117220077045	-1.4341726956246634	-0.719045584575748	-0.2881419559829428	-0.796610130617283	-1.1970156073563818	0.04111927110181165	-0.7645934116322316	0.8362882673754205	1.1101118874168008	-1.1258413577811406	-1.0402925353162285
-0.7356549732877251	0.2704236206926852	-0.706712369656122	0.47206505946515376	-0.9019229578537137	-0.3108328126593214	-0.4890264854430987	1.1854137907791589	-0.4070158088660593	1.1854911670650294	-0.7683921214951602	-0.07290346117023781	0.12369049016585036	-0.4655627518079801
-0.12619826426853764	0.33539951289452996	0.40185906829251433	1.1249403727358416	-0.7199719219524051	-0.8003087242350873	-0.29054866526279133	0.9244817147975423	0.5830427222736425	1.8298216760863957	-0.858860070571693	-1.4640839525688027	-0.7675230785124273	-0.0657849002815099
-0.059499578287435156	-0.45798579031664954	1.54774877168076	0.0972402072568439	-0.6028102240737236	0.589957270135359	-0.36035325591689527	-1.0296129271621912	2.363658110928428	-0.44368179363684335	-1.2706325164272054	0.4512091926078943	0.18558038274434818	0.12266588943179559
0.7264603287169032	-1.4739560248064891	0.4562232481393954	0.22986994333960917	-1.3047105486932964	-0.10360651962394143	0.7281681154967381	-1.8472280070170106	-0.8590264769656772	0.24178715209242835	-1.9944743525270139	-0.09666331001596357	-2.1336840688616054	0.06111759317603845
-1.873291290220833	-1.5536551076269505	-1.5006019571814169	-1.7195477950284634	-1.2612511991710913	-1.9300035620604146	-0.16410722460698882	1.009005560228835	0.2689828421763781	0.2427531902737919	1.416498516044765	-0.13784960900113064	-1.1538844900370273	-1.9282815457568458
1.2992468432505082	1.7890675912243839	1.265152493818931	1.8476014222523265	1.5468121014108869	1.6870809238212994	0.10224372644690202	0.8876211260467746	0.0977552518632523	0.6032817245200683	0.49052990896132975	0.5894655797840478	0.49529515958795245	1.1574358836787286
-0.1300056235568732	-0.7629563047143603	0.9662588781147338	0.5315015213556052	-1.4351838024460672	0.1120033597595757	-0.028169263931020535	-0.30075322486006695	1.3962619093691981	1.29498751751754	-1.5737516490582784	0.6340103921172895	-1.4506487411775795	-0.29237462156280425
-1.7942851444921406	-2.7703295971545225	-2.103185916790892	-1.6384675436577743	-1.8330048947771462	-1.5554049608902751	-0.5302257455592271	-2.357056127238216	-1.5137349040382653	-1.4970004168209057	-0.6187028122970747	0.16255684069624723	1.5274992614198324	-1.6615957730955593
0.15916969058675828	0.237674128647196	1.3022655034685249	0.25987983262298775	-0.12778145469525737	0.4906923815399684	-0.5184201000594394	0.382266013198337	1.0058866520598317	-0.1356618218800364	-0.37176863002108085	0.28053958049443334	-1.4240828873835347	0.2931310982049008
-1.129135187591118	-1.5676676578261342	-0.5179016999203946	-0.736125550576021	-1.3237358956878131	-0.948387312964672	-0.550776433106979	-0.9848951849359807	0.5207434759860291	0.03334787850931528	-0.5848362647181529	-0.41036701190710156	-0.49091564058837395	-0.8785474187468708
2.081667596488203	3.3698930577678645	1.4852447459072708	1.7218137549305166	1.323347216054331	1.5925271377523407	0.10457148628732874	2.170411629773477	-0.9327280615984854	-1.0815725809574754	-1.205390038938588	-0.7173819326917318	0.869022377116778	1.8938416044804227
-0.5826972564515476	-1.114022116870513	-1.4372030689251627	-0.13998583733854125	0.4804208461879126	-0.9728501619939305	-0.44387020573852903	-0.8872983510830306	-1.8723497272410672	0.32675716315661474	1.7463536694920814	-1.1470248953356046	-0.7606543412850572	-0.4295122379636831
0.6822163566589815	0.5506466204460939	0.23732429877509287	1.3628565993276114	1.5958628334991607	1.7543108799732527	-0.622460694685048	-0.8428844889507143	-1.3391538651442034	0.17622543864771803	0.8991766798489726	0.8594384614936804	0.08503431440001827	1.0393704509365187
0.7638879094816042	-0.9687954900913938	0.8855931698902025	-1.016548632807734	-0.17403180503976723	0.1950962459375123	1.495838803072289	-0.4674235646517086	1.0057940416773734	-1.1907028537543163	0.5983657781104801	0.9484285546007064	-1.7588250222008643	-0.3365763468601958
0.35347277754456774	-0.38096168909711764	1.0298621592382688	-1.1536424340489448	-1.388675149262759	-1.0135989949646866	0.8061211106529752	-0.581248130174669	1.618173866269107	-2.6955388612920514	-2.1385599901395134	-1.265128752652763	1.340150731919936	-0.3002429573763034
-1.1301261664934066	-0.06789924461129648	-0.7136647545587934	-1.1378859158464807	-0.5739751668817108	0.32564795419468506	-0.690978642084941	1.039721515105442	0.045131529148358246	-1.143089387171163	0.20640023243851902	1.6051549919681187	0.5703022626504044	-0.8057926062046425
-1.0689431163232388	-1.7094396589026566	-2.0525231706556215	-0.8026123875097612	-1.528020335434124	-1.1893809492259257	-0.1700368223279588	-0.9530774778319326	-1.7544520041798874	0.19344186461733323	-0.6563757072118236	-0.5399625002874147	-0.4688684225832927	-1.0438194876868383
0.7214249897457464	-0.5245820717115693	0.17695152942397993	0.3289118722785129	-0.4302576366955258	0.10054507207927953	0.7498741259691682	-0.670890920228652	-0.36560995772003435	0.2545050536576461	-0.6000109657097423	-0.14946355947205026	-1.185771371850849	0.11510675479579165
1.3106175563088245	1.6578933964569191	2.9983962380401272	1.7866790786437572	1.3208416742315634	0.6146066814036677	-0.9270441217791233	0.6265271079685885	1.0717055282309376	0.1664573281830242	-0.24004244510178419	-1.6373645461268898	-1.8700166554539217	1.6559804627665504
2.9671629312740837	1.1272838018735263	2.0161815016459093	2.7266911078693634	1.912254427584639	2.1919371593173937	1.2276563126146083	-1.9243214922711591	-0.41192283543051306	0.2231385401618942	-0.5775732672493128	-0.05912173227464344	0.8966012207999077	2.10255645307624
0.4963779135715022	0.370569665436446	1.2060308376062452	1.0476874006101933	1.1850867264365332	-0.07376912561181725	-0.19510010951913295	0.28071831692486476	0.7392307749843967	0.8978090266960893	1.5386071907919008	-0.9815677731884551	-1.2469311625448785	0.4515249077905028
0.447827031028744	0.07677184416374538	1.6065044410064702	0.5049171750568228	-0.18353001727290896	1.2106242807854222	-0.3151934511625433	-0.9579742381802995	1.6733928238806504	-0.6139264352933052	-1.387359238690909	0.7732868106797494	0.43245891597868047	0.565064603876189
0.22643345060632603	-0.1146807685339426	0.11765078814920255	-0.03567825929972744	0.49523716911829657	-0.5749861670624359	0.23552835009775935	0.5566749374671042	-0.5602886190498229	0.06559002359433304	1.3436916941483856	-0.734176527605738	-1.6823263855268091	-0.11222045390884328
-1.5461512725700026	-0.7297491916067058	-1.2547000403737527	-0.590107532322761	-0.64433179999758	-1.4905716579023527	-1.1083175879494582	0.1942232904155361	-0.6123598027325606	-0.01510335735605092	0.3561456259961298	-1.088766731707465	0.712120332851557	-0.9887072324263388
0.9010976169287925	0.6638465536102406	1.6622664749563851	1.06422561478929	0.5939774545427886	1.722629995484457	0.11004687949070784	0.10453127379943405	1.4019679399557374	0.3792550427914911	-0.027671590662434933	1.3856073229387393	-0.6618044621457656	0.7334886817597334
-3.747195518910738	-1.447645945868659	-2.0528017253316513	-1.971239699885037	-2.325364149352387	-2.550489416917051	-3.266325628788205	0.5660251171808083	-0.43045500259506764	-0.6402051890504019	-0.8968355633372127	-1.5925547634381638	0.03776471141563846	-1.7948139584602718
1.3155391044961937	-0.184282846941851	-0.5960635533256338	-0.35036088677842037	0.3004668778818261	0.7241364738970446	1.4516183553506952	-0.8179827451124863	-1.675097429506643	-1.4486864069955443	-0.012933700562279094	0.26126556266226814	-0.3731784017390472	0.3811424804734502
1.65141978590879	0.8129865678422259	2.0442155703640026	1.9683975394342452	1.2547155396299379	1.551509474256506	0.317110794716619	-0.0723710826143031	0.07202453584621622	1.157614168044799	0.3262484417642063	0.6320347439233276	-1.9439636161832126	1.2452019406474504
0.8138065310156466	0.9901430536671576	1.4535927449322756	0.5670171544255772	0.4550727310897982	0.9714219433653449	-0.511780599667444	0.19160227846753297	0.5684401079455482	-0.9122410585769446	-0.7186691964828326	-0.3277186343069873	-0.6986387979251899	1.0149094461716759
1.2495939547274075	1.1750107266662768	0.44455543492260396	-0.9063995320202127	-0.5597777543154754	-0.1871708013037532	2.2119754187344953	2.0127606513911345	0.8428309934594256	-1.9431218603530631	-0.8480919550857121	-0.20705507397289083	0.8278910109727955	-0.19822386636296285
2.2534967284293415	0.12496180468871076	0.25454412169952934	1.1852009666139254	1.135832649275283	0.9857251855860807	2.2916116819579333	-0.7874323532408617	-1.0614090774244214	0.5610826118292702	0.8686334658378376	0.14720952283301772	-0.8114273741251445	0.7597066914582566
1.6508800423115695	1.302319418148865	2.462822383278246	2.679410647244545	1.6289153487231898	0.8367742774118277	0.33993320216705486	-0.5891829463560416	0.4522700432068061	-0.5991455917546612	0.42491768283744524	-0.4288604901904519	2.2111855121401542	1.2135920835344591
-1.7769031496645062	-0.7792093241685467	-0.7631672720078901	-1.3217993950692555	-1.373168738617148	-0.9291566961217095	-0.5787246928266847	1.2337771342443797	1.162968178267944	-0.012511377712847313	0.2431106504741784	0.5809413596489672	-0.23663907630032102	-1.4721477894551103
0.5040363904638585	0.29496027195564195	0.03190434709195136	-0.15198637682694305	0.7626141022771638	-0.6021010855666795	1.1358632612024029	0.7523646731597748	0.39694896590427625	-0.38244820841770827	1.539993894896889	-0.853118756203565	0.5311046210078637	-0.26267945614179566
-0.11480454846365795	0.008994476469664225	-0.06960593421984584	-0.7992432506340563	-1.2639089028729789	-1.2092591035920641	1.1094954913014767	1.307235343984159	1.2378160660191124	-0.3839928439949396	-0.8134602219951104	-0.9650869553931816	0.24454789010933944	-0.8242563079426991
0.5302498339752263	-0.4106061723344427	1.2304981964704145	0.3197800484240647	-0.5774835221004163	-0.9321630677594571	1.0240365210194957	0.5959523743224513	0.905704212763948	1.0300957857383102	-0.16924473154709302	-0.8134345208765168	-2.2434041497197956	-0.31949676698395435
-0.21970562597740734	0.36201416102969464	-1.3562582925892646	0.8727846147690066	-0.7461153523800053	-0.8167176715112343	0.7222924187028111	1.5322750011843989	-1.4725222722670732	1.5754009131205695	-0.19741635146669448	-0.0747513440428855	1.3203837835181897	-0.8214275963845826
-0.015192935751352277	-0.22449627752306667	-1.4986369434334408	-1.8038876747997703	-0.16287453259694618	-0.28808501280242815	0.9709036799048129	1.0956114779515174	-1.5264478766776988	-1.957068643916476	1.168572849208604	0.48878567444717047	-0.8211641587387151	-0.717630332546234
2.409472631455352	2.1880907870731336	0.630309000684743	0.8605960163800642	1.6518706336493136	1.4070564522193483	1.8407985435447731	1.4344955904789254	-1.079331462187721	-1.1725887915360842	0.5499348890523169	0.03229424690056558	0.5507171179976238	1.217250009186254
0.26042996134416063	0.48944471252275584	1.0382808493191107	2.269584013384225	1.1754094994414785	0.3191310509203588	-0.9108673517689626	-0.6741873689050697	0.1399923136089717	1.5519381783781063	0.5677739412123322	-0.6512072160972971	1.2427258151159484	0.6454119708426079
-1.016934755091464	-2.1331284363355296	-0.4863376353873913	-0.8515263123126389	-2.445875488741419	-0.9699313174476181	0.4482075707614547	-1.002445362328357	1.3463541862784898	0.734867322556334	-1.5422047875091125	0.44805675712126114	-0.6989809668715137	-1.3918650255642124
0.33239634234974236	-0.40861553164625664	1.050663175906915	0.24036342876775402	1.784180594265107	1.1259967404364202	-0.7178741960449081	-1.2598543935995392	0.22002045706697188	-0.6933959809216281	2.291565891501726	0.7758525334400632	-1.2626029007596478	0.5998176846653964
-1.0873195865504435	-0.06575754474743423	-0.12393104112539399	-0.5689332516202263	-1.3977403809647024	-1.7409101640832032	-0.3535423049066185	1.2794883936983092	1.2374223516524112	-0.03111960025846681	-0.9137248616218087	-1.482508603634498	0.7921140945724731	-0.9918733998809144
1.4120735134148115	0.057732269238014	0.21884937843902952	1.3387475760811773	0.2946743443378877	0.46496034289293064	2.5212742452136805	0.24731180846276724	0.5917833167708102	2.025827437005322	0.6446049766034316	0.7300605630720243	0.3511006343836599	-0.1608749427163783
0.23859873301365372	0.34647408304196686	-0.673251043305969	1.2693244005050486	0.006432941356885824	0.18314220357595357	0.01656786310668552	0.1456948274334338	-1.47873126298411	1.2597762155998942	-0.40562097770079497	-0.17146142339188225	0.6570115903777567	0.1276548685063552
2.3462026926064867	0.7098428839488742	1.4181401823334527	1.8449049739505017	0.5104682169666095	0.8478271225605869	1.9846863491610567	-0.17807098943431157	0.33550458319209714	1.2576859842178703	-0.5632439192292585	-0.46154473638173316	-1.0002532366382906	1.0167361249371192
-0.6949951720955991	-0.18383851810420082	-1.0868580678023185	-0.2487128291037973	-0.9334451186014623	0.8581955360495219	-0.6820524162386763	0.5198684737307585	-1.2961914122114606	0.030644025896411693	-0.7405594894448277	1.7832865009243033	-0.5876956878355586	-0.3782204647755442
1.7755261684759844	2.024858195759529	0.6642934401853531	1.6255890173953265	2.1646915186156	0.14012976963152068	1.1381857637888937	1.3802142065562242	-1.0700021316950281	-0.1634178735335601	1.7495822702106698	-1.355480876601481	1.3932106341075867	0.9180875450042773
-0.46412159909405104	-0.3986647861971394	0.7993518501623045	-1.1051082019367828	-0.5072039288644419	-0.9296203495299132	-0.6790680057612098	0.23178179820611233	0.9889511725898145	-1.517964489545215	-0.11419044272297822	-1.1767158774239217	-1.4921282736425667	-0.2393082103922934
0.7545934570082976	-0.07475188958034686	-1.2171599019441615	0.6823520443835378	0.6471678371349529	-0.07684753208964218	0.6138642080640063	-0.06366962790174714	-2.948710089604756	0.677157073041325	1.0305490269555064	-0.5894953348144897	-1.2869195066622203	0.22083378849314553
-1.993670959271609	-1.551981272512728	-2.0869494192145406	-1.7609109136005645	-2.7743738925258334	-2.09926820196649	-0.4457229939173744	1.2494226631678427	-1.3762044652427734	0.2363464855714002	-1.0777815223771026	-0.18734154401160524	-1.8349605246604885	-1.9346427654813358
0.6134118265653449	2.1396252110472913	0.45007497498122284	1.018365279359092	1.8390230126838882	-0.03981264185048716	0.05665565544799855	2.7963441334742756	-0.15738934118622058	0.5793574741898102	2.293620422925025	-1.257874854755321	-0.31452393681901375	0.524723518326529
0.688166928111601	-1.0306360314220007	-0.0458337523379197	-0.45235554043582044	-0.2830996768009088	0.36088547228865564	1.293744725494501	-1.3089418119815586	0.12805550262980447	-0.7051929548306858	-0.06739366117067924	0.5641355634177917	-0.4289884022883791	-0.15947326377538962
2.4205027706182527	3.0655220215876136	3.529444098699187	3.2977688788171884	2.4783805681262145	2.678780968530599	-0.9455740164774864	0.011325787236389292	0.7506498168184769	-0.23166024894520215	-0.8989150530443534	-0.42218945039495	1.0929909753205387	2.8401283541816724
-0.5675298130724769	-0.7255973030085945	0.13041685052391044	-1.1227446281353104	-0.5707831864307362	-0.027042967555223812	-0.2920671446349557	-0.47367367111434827	0.9055374306185779	-1.4714752151476465	-0.21576237612739158	0.3177621035673567	-0.12644829193138188	-0.41610344195370913
1.198062273818699	1.1615516674530209	1.5333491800279195	2.330027898585572	0.4166505757942914	0.2546150309717362	1.2465709843132498	0.9097287076868211	0.9697815232290657	1.2829361446046514	-0.018783582058694494	0.13200619718860404	1.8888229247271802	0.2379498578954922
1.4368709530803754	0.6659445631480615	1.726389860725853	1.8664447344797312	0.5076788771523527	0.14249211796808292	1.639658895608976	0.3347139934794076	2.181292594237071	1.9735000222315795	0.0741644780282904	-0.7168197990515124	0.3882382640794841	0.3874685142445201
-0.5093931161612548	-2.4594225290052094	0.029149200328831146	-1.3009897945673576	-0.42772137058796145	-0.5871492390127095	0.09478460330940955	-2.0948459490709195	-0.052081982038629834	-0.8938988663482561	0.8978420328466816	0.4954998362854739	-2.062141047166087	-0.7900867501294403
-1.2305363981809023	-1.7900191670236933	-2.2257939276776644	-1.7847512740077371	-1.8116659526915013	-1.4630707336135411	0.8210281443953985	-0.14294833661471024	-0.7859062721547501	-0.5170630897639992	-0.17217052056144755	0.27607632182542235	0.49994211854004333	-1.8042385887628758
0.27801963613537795	1.3662210856425527	-0.46141071750898194	0.43456007741139013	-0.6229726640268903	0.19933095560405734	0.46998313744333264	2.251794876516303	-0.7109280090712865	0.31544536144318036	-1.0565424120669848	0.18264975233830893	0.5031049967946218	-0.08547683962615332
0.3870272288517453	0.453274350927153	0.35600238665499084	1.0260185402207536	1.616965157840863	0.14772329008806723	-0.2065791891309814	-0.1926834899117222	-0.34357082701399294	0.20858265532363404	1.7944634621466626	-0.5700238106074601	0.9650829925357428	0.3758678463670377
1.0241883511953032	0.2904699069504397	1.3362731083403154	1.6661847409203643	1.8133436716494153	1.6323684229314326	-1.074202164142323	-1.9213249367108125	-0.5246674857368014	-0.016835220147625948	0.602833733755222	-0.1649001892490296	-0.63536058326302	1.5703369856295313
0.49423741585691777	-0.8177053316502463	1.544007887376516	0.8890770315652863	0.5889770347966258	-0.9604145697838808	0.7659180237216969	-1.688707670922815	1.7212578225865596	-0.3514281249996351	0.952976145509258	-1.2165339553747734	1.8522831118540555	-0.1749373514673683
0.9032870267010168	0.9264387072926756	-2.5683388977281028	-0.3782906199617862	-0.3098415580771854	0.8223408502720105	1.6037876533114115	1.7893431224208043	-4.130633391153075	-0.7268647204106212	-0.27181718107671377	1.2140723988796824	-0.2321485611662058	-0.10073745392656562
-0.007046348640006972	-1.3289616055637097	-0.985362226420802	-0.22800126550036381	-1.005674824214536	-0.5659256311932035	1.3155719458857829	-1.0088861629921684	-0.4772964273528292	0.18396817197450382	-0.3984699850928227	0.48520366362896333	1.1109236358142653	-0.9458146349312617
-0.5033977447339985	0.0018968951466940276	1.1684088036090952	0.15749932050161602	-1.391165817126676	-0.8077627942613195	-0.21424804543883127	0.3761380272332052	1.8604989807476264	-0.7420863234614188	-1.6797684841749634	-0.3130364596974107	1.7765095697912887	-0.5790878351514869
-1.0447284499485356	0.11157122119688245	-0.18311927136387351	1.3659177225674546	1.3079132307933212	0.9961490565821709	-1.3876977214507156	0.2560114011695666	-0.8267557055921871	0.7071597110368876	2.578030526581311	2.4862786108699906	1.9229718400170404	-0.4266299875082656
0.6264871947164132	1.5973809509920223	0.8184588170683623	1.9407335663249383	1.657704897124233	0.6035994496140697	-0.21728590905650577	1.3464212563519493	0.12010844190669179	1.4856606264793015	1.4644243748349723	-0.3395365308923941	0.6852775585910854	0.6524726854626355
-1.3994901354037665	0.06952266241187788	0.1259345382734849	-1.2190165370811223	-1.6400016556196728	-1.9699139659723404	-0.6184427019075268	2.2131706022608735	1.9501672874926588	-0.3249775615552605	-0.6509322059262223	-1.667836441981482	-0.6493777984686667	-1.1285041392509128
-0.7747526077450448	1.289449817708228	-0.22901873295230435	1.9531225148877769	1.439310735693914	2.248914868092741	-3.3504674776687495	0.06040934435911936	-2.3871547365880343	0.7875705133352165	0.3163004512023922	1.5244890889441791	0.48130536069352076	1.156943138954052
1.9566184627516554	1.8720973621984835	2.256804526073173	3.6891101044359815	0.8795391328347509	0.5697342744741944	0.7308520878501195	0.2178984029705107	-0.15516772563603223	0.6441943537415364	-0.9101374637838191	-0.955482314097295	2.314589266250926	1.278440467165992
0.3772790821066173	-0.600015291596003	0.3234332440430254	-0.5773916068115053	-1.4688551691327882	-0.33227220070668173	1.2986000055933944	1.036959238989273	-0.9126410386395273	0.1293395067983122	-1.2156854664471373	0.8696949852265574	-2.7735368504236426	-0.6674834649048381
0.33478856429150883	-1.729798562623703	-0.7459529716827776	-1.0519385109256694	-0.33347590592435095	-1.5187485925512043	1.8979207288479147	-1.2844364069363916	0.15462822278456617	-0.514035742390173	1.0385989755356613	-1.3776514904945847	-0.42305691349003655	-0.8745253357638606
0.5338958120250911	0.9214365446509104	0.8701765065598193	1.0198804503726318	1.3271785049903617	0.4745878503363049	-0.1813819249722719	0.4604293044328726	0.42090680981136636	0.2863752146263958	1.1369148423596303	-0.55814913252297	0.16493688145505545	0.6121915857001757
-0.5774721832129124	-1.0199899373105952	-0.4340368995772973	0.5345949372452563	0.5843569811285633	0.4511933883442193	-0.6402042328386918	-1.4667316448169858	-0.46521228479677257	0.5951945010642745	1.2484593715157106	1.0891159584176222	0.9185774822011455	-0.3236664468606329
-1.3282601702641277	-1.8937476487472011	-2.4630403621048274	-2.0218308005550716	-0.8326951296448691	-0.9154292988977604	-0.03208643402113282	-0.7617876270039335	-1.864296348954484	-1.3261626974493992	1.0043997560420055	0.440438715171871	-0.34324527811516414	-1.3680260169218081
-1.3020329424773545	-1.609497720783191	-0.7947619165384964	-0.552811044787209	-0.09980390916752757	-0.6660446182782775	-0.5418153869026764	-0.7861059920931742	0.36065766221639206	0.6137063701556049	1.7253670942061456	0.3380868664472958	-0.43988725828940534	-1.0498566738694055
1.6235303452498804	1.2660897842808523	1.3956326785848399	2.2002998970169223	1.7305555660716647	2.88247979255494	-0.05409591639878592	-0.5388119072339154	-0.3906688512305096	0.6801450510094971	0.23500918939476148	1.769074155375225	-0.17326466082048392	1.6240298607852983
0.023211139763173405	-1.1631115910585101	0.34075312961764304	-0.22910116145686765	-0.5755545329960816	-0.16721442076980753	0.6205258177673232	-1.3814030707455411	1.2070109712686705	-0.19490930998853362	-0.3975767853661729	0.121663327827553	0.4361135590431636	-0.42149246041981825
0.7494932250095659	0.9060887458020535	1.0660970608380744	0.179722290662855	-0.15356901619556346	-0.720938220089779	0.98795955900134	1.7737892032069118	1.4503080660034797	0.12338372112683829	-0.03396236487713509	-1.4466268679027054	-0.9214376478728852	0.026102753452483536
-0.6107688042643966	0.23962742900031636	1.3768961070124317	1.0306505086471272	1.93397285465613	0.07094947372470606	-1.8898368240010452	0.14083943608672678	1.2676520352372895	0.9818720948508708	2.8953838238185496	-0.6581093205001906	-1.0987199856788208	0.37486776448404446
1.0973075528651242	1.2844716377405936	2.1426035457732313	1.1557702771273008	0.8862200418775089	0.20648624490449008	-0.35243618371111146	0.8854992188077531	0.6934703779564148	0.02642368293127041	-0.03833699042041474	-1.4351296496245312	-1.762022560169815	1.1055766184899047
-2.8512624503874395	-3.3508694333662477	-2.0187884670695038	-2.0628874683085265	-3.143005553397921	-2.2538425812133513	-0.27432551341724004	-1.1670202291589884	1.1194743255466353	0.5328059537712557	-0.7999037678041698	0.6538891029307043	0.7256571899294373	-2.7957887338567424
0.8209475301670746	-0.025889731948387062	0.8994012105209204	1.0814334929940714	0.8204163881740097	1.7035215152534313	-0.24820230249523353	-1.4817883920907413	-0.061026620715087666	0.01818700242340648	-0.07254150208683077	0.9859907327445189	-0.28368960578763314	0.9199212244635844
-2.3347979515261383	-3.430939446278092	-2.2434501384978685	-0.7527181590030987	-1.0047894061590783	-1.5386092205608535	-1.2467084067600356	-2.957442281455021	-1.049828579850175	1.1677471568141817	1.0858088418425393	-0.1919492850623691	-0.18161971368687901	-1.620150134667704
1.0305483232062187	2.028998828346414	0.5584922223378855	2.1162932136361747	1.217372413662418	0.22622105489270128	-0.10350536751738876	1.6485339582714027	-0.8538884714622921	1.4577357796812618	0.2956830715225378	-1.7317383705246008	-0.1361872830845022	1.067115910000473
2.397042200165065	1.6898736890739223	2.414663803453817	2.8798777565949605	1.749359636760495	2.4075063217258745	0.16464584734099236	-1.0142035928662958	0.20597829664570197	0.6355588954374275	-0.9150572883038919	-0.1385605931496773	0.03804231431495792	2.290787381930708
-2.29013288046767	-1.5462367057549944	-2.2910409925746116	-0.9894597958025725	-1.551612016724106	-1.8240100709917504	-0.3475959356123081	0.8889250738904503	-0.31049440816313467	1.4797407163519918	0.8801444076117091	0.14543270411047726	0.14752728891065867	-2.1090972078713963
1.4266067510148726	0.4434641053008287	0.06198938288466632	0.4467587386438187	-0.06554949664215615	1.7791118827678072	1.6950581763686	0.05562565777039705	-0.5574303439374414	-0.2731426834671305	-0.7927081782293739	1.9738171758349958	0.07362646301311905	0.3953634180359667
-0.8707222450196146	-1.369308193887324	-1.1385091693210763	-0.3039477231115192	-1.364692102475628	-0.015982303388913044	0.22627744156265667	-0.0765247575552634	-0.28827942725881583	1.2579561890937043	-0.11136056094249765	1.6698713014759867	-0.9280263064600373	-1.1377880780621585
1.3001507978399172	0.8960067569426626	2.4337315333375305	1.0172882047524312	0.873425214177545	0.9150451174810479	0.5575806714984665	-0.1164346237473759	2.4629851314547215	-0.24809755878971226	-0.15406254587384102	-0.4001205563378385	0.05237893663496245	0.9553917438640956
-0.6323410023199969	0.23316948808677435	0.4349189841903066	-0.33890320934650453	-0.37097430095016115	-0.8303183332023267	-0.2584647217531509	1.178372840344202	1.5671777141371899	-0.11526716614886504	0.17188490362362885	-0.855670192149741	0.19613677560669204	-0.5130815712410852
-0.15112106010950074	0.9729619629504132	1.6380019380184345	2.224007808828435	0.00937266842371845	0.6769998939796555	-0.3258718616261775	1.1034830913253861	0.7993782771495768	-0.509790896499225	0.203736212595371	1.7717434748993661	2.6183753958794775	-0.21280297102071405
0.6950704031333474	0.4524803987581795	0.164322466735146	0.41885609997785644	1.2769741523781968	0.40550641332277115	0.24633417127900045	0.1169158864150621	-0.5820226068370481	-0.30189162576777373	1.4859988844488692	-0.41187177755647153	-0.45185388565743806	0.47270164404062986
1.2903674953967	1.3136203916425873	0.3323630828895645	1.0607626681572238	1.2447864090189724	1.3334321806322416	-0.02463064411349083	-0.10065567156276806	-1.762442555423321	-1.1395484501954303	-0.15047804541988233	0.13127410753232516	1.0736498128793772	1.1592838320043728
-1.2151715694069296	-0.17631211170118277	-0.9310202077524548	-1.0642886548111814	-1.8399050626896456	-0.6507314333801487	0.45829697971880734	2.1883246551568063	0.9590383068446465	0.3734894751377259	-0.5842831951250291	1.0973299676129529	0.09463773648732507	-1.5082344520927315
-2.3566150989585983	-1.7729975881702595	-2.531516379259654	-1.564725910369468	-2.235930522885207	-1.0902709133694073	-0.9651228016808293	0.4910190940652685	-1.288710335588144	0.41416476683574915	-0.3123625611692127	1.1263777156303205	-0.8403709686177436	-1.899534850885872
-1.3575025084212493	-1.7940108805167876	-1.6941318603435733	-2.045725868756744	-2.070184789341582	-2.2184768534143102	0.8919086753024681	0.11762121952709004	0.36203043017337166	-0.7169431594013967	-0.3292317054350477	-0.6506724437336121	0.627151362270431	-1.9900138846871278
1.4567261464998518	1.2158107363830708	3.090455082760325	2.5048042405238418	2.8366343273447265	0.7484751651342777	-0.19024207793972744	0.41520591380508526	1.6353633312576872	1.8684254042316888	2.7799328535820194	-0.8901047202197512	-1.9418741735659653	1.3550620228132126
2.962721898998654	2.3584452464105614	2.9995545345799175	1.4701579369303661	1.1192218486272207	2.2895225372600922	0.9789753641406446	0.6308155347584452	0.8283070916732925	-1.3482153763634306	-1.5221995495555138	-0.004657895135998355	-1.1920613966704157	2.2183682048895776
0.3112684003130627	0.09841918528270777	-0.10156548621792343	0.7677449295757951	-0.5430719647739662	-0.39745592386633455	0.8054697478494072	0.40272194723185895	0.1465233690818326	1.1004363396785737	-0.6523818630981763	-0.4795521651330101	0.6366469061008081	-0.2705433642765692
-1.3036930755030975	-0.49030003676059397	-1.48902732645981	0.6442397147543004	-0.2571318964633102	-0.6682898861039286	-1.135337743297317	0.2139250817388881	-1.395547430137216	1.763689649348945	0.6030434812427248	-0.3392068210544865	0.20882807976689696	-0.6604207017573062
0.012613425875536557	-1.6066044839894784	0.6282931712415363	-0.16775287993084162	-0.31471391544834026	-0.4816492284613072	0.17316144495314714	-1.7612295456832245	0.8279370688999566	0.08488925730019094	0.25030284823839416	-0.4096820791889127	-1.4123253991947944	-0.26740167674058474
0.7166294855082955	0.17936562539998935	0.35083375460680755	0.8271696794338581	-0.033674298284161186	0.21200658659085997	0.14366146669091415	-0.07222480700383563	-0.706055570941815	0.49893186418514607	-0.5241523017843223	-0.5393227682063074	-1.2345987829604945	0.4696202661943896
0.10492474424175424	0.5940783099814859	1.1278139343911442	-0.143673047636245	-0.5082318982954687	-0.11524668569622898	-0.5406845833932802	1.0849502505938733	0.7103245503218799	-0.7217639379773572	-0.9230405198134201	-0.6208447415817481	-1.5106106591939354	0.245230291463949
-0.7136355931231018	-1.6060167647246932	-1.13808610959487	-0.3597030048925404	-1.025468778545957	-0.546175482475632	-0.14768521993772812	-1.1303979048864783	-0.9034802594882176	0.5148793183927135	-0.19943574186907925	0.1301629316397141	-0.881629595605977	-0.751452102671611
0.2100656939881049	0.9273710150309019	0.13376744322067197	0.06010920847819062	0.8396761580217886	-0.7208408155940538	0.5418770483980345	2.1694213709702423	0.41638184058860706	0.3180343370866723	2.0012360346739277	-1.0705741244797053	-0.741410782977881	-0.22599965095566718
1.2352531989910882	2.6743351177556702	1.7467293153371881	1.2325920567698854	1.091322221965941	0.995146424197858	-0.3507420945477729	2.2221390694334167	0.5577195722956566	-0.5258621381134986	-0.4174043130831648	-0.989702354104944	-0.27796496021406203	1.396644668138433
-1.2668795482827697	-1.2681563775797589	-0.44969149600704617	-0.5468735940929451	-0.9087015239838794	-1.7330632346802952	-0.07650774066258609	-0.07869068917171468	1.291392743669683	0.7900580432590708	0.5204010716869035	-1.1807267881163794	0.018259292420320802	-1.2245938225607942
0.14011356498569164	-0.05534385397716479	0.4275740329151217	-0.18322309566631953	-1.0594719842339135	0.7527202654888452	0.5842970243305884	0.5504416413640493	1.1170683906495087	-0.02923111950732841	-1.129261945887466	1.4411569159608872	-0.48219610394516127	-0.28916961800656205
-2.4448220115722252	-2.8241205038477433	-2.2791260014556025	-3.1445697971556683	-3.5991297924211887	-2.4628568028964652	-0.03759562340983147	-0.6700140905590574	0.25097900806650864	-1.5376940575289006	-1.961692795605859	-0.38778935888918226	0.03957278959209376	-2.4300266074307273
-0.4425745061904823	0.7552894440593374	-1.1632468763794153	0.25647520200234175	-0.12846981732253537	-0.2172417461068292	-0.5777310887463804	1.3386713266785464	-1.8191140824856804	0.0055830294644511735	-0.10003545680200952	-0.21215349672154568	0.8614894539248932	-0.2202112427327691
1.7896827176927763	2.7741525257070925	0.9735332972070736	0.27586313790883255	0.558769760757892	0.7522404579504651	0.7427442781586587	2.803462336446528	-0.6090751407625832	-1.7623317803670864	-0.9089158914001334	-1.0568118660673498	-0.7184072755557719	1.2357565789503302
0.8904243889733784	0.6680658208103709	0.9450165358328392	-0.12202442466774721	1.2774234979029802	0.9513880725784766	0.052708234658400036	-0.09441889645272832	0.2029974416647268	-1.7639650894178533	0.9185657608280487	-0.0545445547070285	-0.3616870433979937	0.7970545673616066
-1.1004382755434108	-2.6470374708109974	-2.2936477187816697	-1.970515086054528	-3.3103242988535793	-1.4792507335754732	1.0802363250673037	-0.9554674520413455	-0.9891435540570076	-0.2746012820618919	-2.1072203260000064	0.4799541710401231	-0.9553271337378499	-1.8826915728386202
-0.751954681387568	0.2551019863890741	0.5159190293164286	-0.002725638805137452	-0.4005615703631603	0.13015917764207696	-1.2375424264897164	0.948831593582857	0.82448467470744	0.0859184629693984	-0.18136300332545513	0.23425628148450775	-0.8882096279968035	-0.1365550441612793
0.004696988219995757	0.3961544131708787	1.4929493154066709	1.8246473159299579	1.1807594255927971	0.814533662505222	-1.2663829486628888	-0.7846605951727412	0.8693191032027328	0.7325257953311352	0.6553670242340157	0.3085363729390531	1.3786554592401614	0.591219678426491
0.25617571651497717	-0.7411565919635306	-0.175027897714184	-0.20567555703007698	-0.687830688456035	-0.09847274784195141	0.7069616788931431	-0.9558387259821043	0.006553502584089181	-0.39731897480885886	-0.8669501312503849	-0.19737900026893054	0.060151406108701656	-0.1796836375960083
-1.0728916034472218	1.5907177308108262	-0.3405634508841633	0.261564994750679	1.008186798560308	-0.30266989633587643	-1.2747909307510896	3.073339984310005	-0.12446187054996122	0.32200123663461366	2.1455756095441054	0.029878590667953342	0.9324345685822886	-0.4397731734916343
2.421676214912368	0.7779787615567155	-0.45321363778934176	1.156765759154507	0.34144082115188995	-0.7113462011517763	3.576755926747686	0.8349322644608423	-1.1811270069499749	1.1302874736662427	0.10747204412707491	-1.9371340984708363	0.12288487500212243	0.25244242787978566
0.867397613218	0.2860668380894019	0.8973527582763038	1.6171467780491475	0.8163517209559656	-0.09332103231345501	0.06012042721586737	-1.1000335638808691	-0.32028915020260856	0.14352752603971308	-0.05380119665263007	-1.266934184914584	1.4834614175958951	0.6493946928987444
1.3028599806531465	-0.11628806625723209	1.103905264479617	-0.1088781603466491	0.2543151936114218	0.29493909840183485	1.1518832859426293	-1.4235865938966659	0.30641271664722786	-2.4996589708837815	-0.6134128479679211	-0.21015172133726415	1.5774825854985153	0.4223673729810643
-1.1113236541631581	-0.3895621065013621	0.1675128225890452	0.8993544533834169	0.2954103888736981	0.5659751003322905	-1.9844119426642153	-0.059664506125777714	-0.15528834735722077	1.5588240274301528	0.9641827830131311	1.0101444683184257	-1.3227029843466998	-0.08922280595655553
1.3753811319620592	0.625694372732897	1.003860983035451	1.6314732064197475	1.4093276314288932	1.0334380228996487	0.0540453174017413	-0.9804372744137225	-0.5059969841324022	0.3445863859765809	0.32330966328878474	-0.7300103140903657	-0.34706090729581535	1.2833689188402935
-1.5353682494582057	-1.8047094785920803	-1.098740400558965	-0.7400579141094444	-1.34981029374849	-0.18445204367006962	0.3671421075357874	-0.08721485466628337	1.141108845483108	1.3473154256490623	0.6713428429630873	2.3499993887045068	0.19198329636624706	-1.7907772250655598
0.7395569266904936	1.5998112158948143	1.8233428627741919	0.7107520665394218	-0.11668157808571977	1.2949558964330963	0.03586949170654699	2.0462116245847435	1.7274437454921425	0.10329743710328267	-0.8712842524274387	1.0234462345371202	-1.0244546145014257	0.5769751640442533
0.13425565616122537	-1.390625107244545	-0.2803782277135558	-0.5782318863212986	-0.4852435045367203	-0.7045289371991323	1.1183799634169072	-0.6941414680162559	0.11391360862201139	0.12646918893703718	0.6932515118182707	-0.07354474610566299	-1.3376803769263426	-0.706604151049523
0.9948821152139514	-0.065957934880993	1.542229214469701	0.6508290779556414	0.6984629277993223	1.1362600238000193	0.07455132840552878	-0.8846686331195092	0.5358597655995373	-0.2662989787652574	0.2195868366313072	0.5954433923629009	-1.507324226575351	0.7663080903057827
-0.9941318896912152	-1.2916043487945235	-0.7919795696509812	-1.2861146069162581	-1.7410520395660982	-0.33263669548716135	-0.2906166385969018	-0.8087424675504573	0.10472198522797733	-1.165550716434543	-1.5539674076713066	0.6214654218623785	0.41207652541893036	-0.8887741733480352
-0.4850188040535837	-1.3146623667249646	-0.20464258298414142	-0.29932980583951996	-1.5115048659733636	-0.5377529770049083	0.039186847222935875	-0.6674611790409634	0.27123741028460735	0.517935611496739	-1.0907990577140976	0.10602492825117052	-1.2274267425067273	-0.668700310799041
-0.36774327425079634	-0.4762322222373659	-0.015802703808640794	-0.07041676878212849	0.04037413872742768	-0.9660111570105698	0.3038100071214195	0.12281204898366938	0.9009894138605227	0.4656485746374897	0.9838247404602781	-1.0154633248354075	0.03350723744835514	-0.5566208991172386
1.801685253864652	1.8751221751369522	1.7444690996367913	0.7041160174853914	0.5229508077096502	2.049854753289257	1.37030757555129	1.470853691966949	1.3335501928575237	-0.845928099386326	-0.7790500775888641	1.5916468557724797	0.4070208634828694	0.9112057872602088
-3.151878071659568	-0.6149734570726886	-0.712763898454218	-0.23731231481914078	-0.1818773339752956	-0.29925395287416967	-4.242945544062177	0.14438228956012558	-0.12397000837083613	0.43070627889254287	0.865318713691108	0.26367635413361556	-0.25239928687183016	-0.651122973434398
1.040825379789785	0.8461146220864535	0.6552707970171598	0.8645345333975895	0.8918451819256549	0.36233673947745426	0.08526486017309316	-0.23989772290129158	-0.5381515134942997	-0.5432174491098343	-0.1636659088462362	-1.357693103729601	0.06348854948288461	0.9773555459306515
0.3758335503765081	-0.42891921697023205	-0.08263221548956051	-1.500418204248387	0.11616996750678699	2.009509558527722	0.821203673250774	0.47119370501998437	-0.7990814438730615	-1.9997311696545446	1.0588081709750894	4.009548940399108	-1.9067115435968838	-0.33029313126284593
-1.611120027739581	-0.7308788951493157	-0.28321919703781995	-0.6418288634588843	-0.07498073132620375	-1.3275770483013216	-1.287768222484906	0.09038630020385041	0.8615631991910769	-0.2899821882980153	1.224760631965228	-0.8005493396395428	0.918052381401899	-0.9687211515520058
2.3142072747829605	1.765304139783957	1.8411230553568716	1.4997227125039208	2.0100842631236677	1.2755893409730876	0.9498914536004249	-0.04045504528605008	0.13253490573485607	-0.9716627233564453	0.3984023339269908	-0.8038659235616957	0.8318504554793529	1.6232070758597166
-1.4353871636678937	-2.772267980572018	-1.8657682097391275	-2.1768201863068173	-2.2339976031175888	-2.463813766762039	1.0108523546488868	-0.770510660756833	0.28638172114658966	-0.18902603964007492	0.10202495155530233	-0.7523474995294722	-0.769575404792557	-2.156046503159407
-1.7406652614289158	-2.435770641593411	0.029533412231273676	-0.13957392990898898	-1.4756402781403466	-1.217350815830406	-1.9774001291955572	-1.9809580842631762	-0.36067281086785163	1.0526273186427029	-0.8865199699643309	-0.49299821472857797	-2.2777084888334573	-0.7916540932688136
-2.2817161374340023	-0.029525799549225518	-0.6410375678725573	-2.234280889922899	-1.3596564422203636	-1.7426682156953655	-1.961626622243645	1.7790977795300655	0.830559552812105	-2.246026308922866	-0.4362188992548838	-1.292456163065217	0.3049209428533559	-1.157968655837936
0.1784069705536443	0.7273793032216987	1.910861189477095	-0.855593031653588	0.62796883037698	1.0486658057217468	-1.149342100352744	0.5931176597136436	1.2515950445055606	-2.6319114409260123	0.24486526830962804	0.6049970968516777	-1.5474318735677703	0.6809950821070667
0.5325378532128154	-0.6945893005281536	1.1414951344523203	1.1882116910867926	0.2949336537835484	-0.44319890942568013	0.5064334721653632	-1.2779583880253476	1.5791141465780707	1.5002298552075888	0.366962555371081	-1.304698718607879	-0.42693288381204586	0.15757230904946407
2.1456464194105127	2.323167972897177	1.738681772843478	3.2446872360331267	1.6389903397441177	1.2720230012904905	0.2208711187205272	0.7823311043478078	-0.4001107195053825	1.9573995543248301	-0.362505937688039	-1.4169362093759146	-0.43535793752502966	1.9408408977934979
-1.4623200053801977	0.376601686659239	-0.8558098719877705	0.3352781180639778	-1.6857926791009379	-0.913536444461069	-1.3117937099495067	1.5408266107177482	-0.8240067655842024	0.3707466167934283	-1.7006508291323428	-0.07473487502505259	1.5874016441365186	-0.8653746085987137
0.4203774544130093	-0.7110386007308298	-0.4315664701884349	-0.9215839584766189	-0.42303721183505677	0.07343618168186294	1.4460607392980593	-0.4116953038976198	0.03937995766045493	-1.0962322014938248	0.06830279393138129	0.5486140895199499	-0.04234202127232443	-0.4555530141377931
-1.0089665049158922	-1.7916231440557107	-1.1221111074228034	-0.9100017048776375	-2.2845735253742965	-1.4343716327565663	1.124536577335725	0.36019027499794876	0.856999515251222	1.383652474474725	-0.507144821988255	0.44494938218702434	-0.9515965219043195	-1.8174180046736161
-0.5659430855459259	-1.6975406997976659	-0.6910211864897499	0.3102212106272053	-0.9700207399585612	-0.5743384844578665	0.1314086455441597	-1.3532252313228066	-0.059107328188398145	1.59695884666633	-0.15800819169440133	0.03251163558474743	-0.6833190005811429	-0.7489417608877533
1.0784809336654697	-0.5009835474862714	0.12289302557719795	0.458643298908068	1.0685402488123907	0.49698358751965627	0.4488221529371695	-2.1130416391333435	-1.1133857254770032	-0.8488938854458083	0.5027602056052893	-0.8173378528613613	-0.10861738748439104	0.788564913490613
-0.4627132585745469	-0.4137727505767365	0.5688990520762738	0.5904261741156194	-1.9563817760800637	-1.7391876644803115	0.8348455297169233	0.5216574255364171	1.0249791611224917	-0.7173478732341606	-1.467903889079833	-0.635226955439783	2.411385310843114	-1.2090442680672095
0.569980556789982	-1.6010420910669445	0.5000253447179175	0.09801196561747716	-0.012211625374695223	-1.2450335546346598	1.2499319728270455	-1.707720489040694	0.9189607303838737	0.624646089932119	0.8519276029771276	-1.6350595976582067	-1.1956690480900471	-0.3372759880245187
-0.2990936341381064	-1.5487435818763235	-0.4924295646610346	0.1488834953663487	-1.5747396311503565	-0.17282995667927986	0.45750697041659555	-1.1529170604799714	0.11119475605238606	1.2565411538168254	-1.2257349778382765	0.6396395771138361	-0.8188004536241911	-0.6932332548635025
0.9338053260534709	1.435014580766246	1.6122454762698488	-0.23561894044730813	0.5551288834084721	0.6391089989003448	-0.11884102877152627	0.9049956966999507	1.0694448414007725	-2.2264846950507926	-0.562999972237341	-0.8403701434048593	-0.3017524826375965	0.9523676592737949
0.6647634343356549	0.1701907648208122	-0.8994150922427888	-0.8020418674805554	-0.5633373715452195	-0.07432672970728216	1.928926352237426	1.0856047575289625	-0.6187787453706198	-0.8950892254255682	-0.13398566643000387	0.4938322798103158	0.3770316163367955	-0.5565784129639243
-2.244051444579764	-1.2540737769372523	-2.049227166489345	-0.9598658716887253	-1.3961664376336247	-0.8021400559090343	-1.1131890879087682	0.5301857064557329	-0.7393452959391885	0.6791334547471733	0.29389428753083874	1.028287212079725	0.21220483078359373	-1.6146261669674107
-0.026578647280918355	-0.09582738680286984	-1.0873342259397505	-1.4295450899804023	-0.3678638806078695	-0.7777084644557382	0.7110227403425888	0.6138281616126078	-1.0481075642214392	-1.9424930479714362	0.1604328479327242	-0.865019408452843	-0.027515859304474064	-0.4586211119095397
1.022423293406605	1.8810946059848601	1.2797909458063863	2.1116023221188773	1.66753788058588	2.125115420996488	-0.7633645002832309	1.2656530669057426	-0.47210369036820693	1.179398117882119	0.8459077568746955	1.155753195443477	-1.0674029382802237	1.3351833534974595
1.1120689264054626	1.0969394474057954	1.3180600418228967	2.116360792678927	1.369217494269007	1.912960266092517	-0.16893541913914892	-0.42976419301094987	-0.458011782637127	0.01107407542984294	0.2601984884230951	1.5399809689507373	1.7001440500890042	1.0147691531945644
1.4239609343948396	0.20248300555167847	0.8144806216731134	1.547939239933814	0.6616093834357253	0.8638048684117614	1.257420730496879	-0.24695996217458505	0.17050319468150274	1.5530532127008077	0.47486039160773963	0.3456739499097841	-0.934433201665003	0.5375456231894301
-0.7010754074916339	-1.5322853149935065	-1.200786292579451	-1.6809858101776416	-1.7003961409076438	-1.287838897510754	0.8061973957628483	-0.6811414967738062	-0.1280534581598713	-1.5007226724218061	-0.9087543115056023	-0.12158573727844273	0.9982278557331709	-1.3232459880758571
-0.833074451903891	-0.9915208604440354	-0.8958610807693042	-0.2420637414957934	-1.3013609072354302	-2.051323586684203	-0.2737376592241942	-0.36490615045264624	-0.3225742353229173	0.5392965952164076	-0.8824627364547432	-2.5438252698610633	-0.2754373946260711	-0.7174896912472334
-0.4870868077217631	-0.5792004998285718	-1.0090558218533736	0.3887678503199088	-0.8698562725824979	-0.3657028706594564	0.747877323800644	0.5286428387862335	-0.12797426042567386	1.6803394249085517	0.06843213488543412	0.8993832632745675	0.7656589684383204	-1.049517996787976
-0.20006340409591672	-0.6258462670069637	-0.4307889689687983	-0.7685473648475816	0.022599656203489804	-0.8978058950192376	0.9967770477949625	0.23265006351023118	0.6296000230247888	-0.4382964109329867	1.3308785714846776	-0.2501115151452086	0.6855710420490059	-0.9025505135229035
1.765877608626271	1.2571547174565134	2.6014904995292687	2.1517894886731286	1.743936690169962	2.2377107039885726	-0.7314449916153832	-0.5497017915126835	-0.2969534751734192	0.2316874361855237	-0.09851691007678832	0.5568248643360351	-1.9926760642622583	1.9855110052165752
0.7420347150670838	-0.06223225870334484	1.247252884224342	0.1392334326353029	0.3270318287371925	-0.8966916719481921	0.4340138525134881	0.17841840451402705	0.16043559876386404	-0.2317532731116471	0.4060995926034042	-1.7448898492823655	-2.117512966899863	0.2542192919682115
0.22159084975711268	-0.0920679344774556	0.6274001964319869	0.6858268376772267	1.2626613593508988	-0.46224720059117963	0.24709639276407605	-0.2823537594665786	0.9728031495926669	0.6726069169129073	1.976070633213491	-1.1537678365685542	0.21387078553654051	0.034570164095183424
-1.2638723763234285	-1.10758914730392	-0.36828241063084366	-0.5940950734109234	-1.4533829518560437	-2.281288469767359	-0.3787525751200507	-0.25775332242658194	0.8885031968002982	-0.11844908333856681	-0.7420584867585683	-1.92659641659983	1.2125756982137	-1.195452293490711
-0.5606988737333755	-0.21476560027176564	0.9519653872232541	0.2259722175524509	0.28129323369054837	-0.09980385181554527	-0.8346628797728547	-0.2585902750412144	1.703225473626054	0.1421297435217477	0.5681835868313322	-0.38155548289312263	0.054794776004039626	-0.07057039044784491
-3.112026546603534	-2.919684153872824	-3.5911753336668624	-3.686051751180555	-3.739943530107605	-3.482745180731166	0.2651080203827222	0.5419449145273614	-0.4974243311703552	-1.1435895244288832	-0.8131804743641481	-0.46992759743155155	0.603207742553348	-3.3654926510999106
-1.4622462814330706	-1.8401969682662906	-1.8878061178221162	-0.6870724307462885	-0.17522077729773455	-1.5534608224576003	0.03496034401953518	-0.6958090280046779	-0.7723107218081215	0.6582053300216606	2.130684603996759	-0.0699641926646709	0.9913851174294992	-1.6209885749493838
-1.9914123235384782	-2.136856332467146	-2.109071024298523	-1.723019331622287	-1.7392003089221593	-1.8887758628872815	-0.6161460143898695	-0.8078181063245409	-0.7893567024157646	-0.4523995563317095	-0.1450839508268765	-0.7525263888314584	-0.0775312364857743	-1.6366592213752666
0.1081650279027932	0.6548965222253222	0.6246936127195707	0.29506391370811724	-0.7105365897925352	0.05611772833459294	-0.7443429884226955	0.4976251968499759	0.16141924038585118	-0.4780886168602479	-1.7873207522401329	-0.9682329982166644	-0.5524273475464313	0.4668068736246229
-0.6676858742712262	-0.20185529527667206	0.0030159989830015055	-0.28279636649743745	-0.16395371287970545	0.2336521090719315	-0.7422120674396324	-0.16683775406255247	-0.09710513309352321	-1.3336258698694778	0.07393660690869654	1.056789181939242	1.5320652151832654	-0.4081656858757937
0.44530344313501846	-0.8440996821355405	-2.0397389487634667	-1.3600288809207668	-1.5349041559962628	-0.15099090460205222	2.1722787563332187	0.3751778479566232	-1.9311376667183036	-0.8663272144062252	-0.7874445410656258	1.056532779070565	-0.5912150158814478	-0.9509633877332248
0.46919088070189086	-0.37325549284733206	-0.37186968557539457	1.3731982834770031	-0.8027693530955409	1.1962995741936062	0.15949325398086422	-0.9272232759704733	-1.1938923795459278	1.6109284330074094	-1.651147501353809	1.2247507775881388	-0.5280740961069152	0.288693291956335
2.6722171980236213	0.3621207275299661	1.5236994036045095	0.31012902389600616	-0.25334188940870295	0.3107952086364195	2.061201281313652	-0.6335672387457195	-1.1880362960953583	-1.5139326622374416	-2.1656752689660363	-1.26193074337776	-2.2787228275633455	1.1980056362900668
0.6134557966489352	0.6089109474258803	0.29863683062004237	0.3819275485641288	-0.5444357085650668	0.35114176700139044	0.26239794967446145	0.10531654906505196	-0.5245492357800431	-1.0340166356228129	-1.7126732601788055	-0.0017067902304674085	1.2669594321123478	0.29232913156437956
-1.5619521878438092	-0.7034199184705572	-1.761452600362725	-0.3696399950399201	-0.2432969029094746	-1.2205281804316774	-1.0448441639258241	0.35503189646575695	-1.3250293799300386	0.5293962273540264	1.1285789758996796	-0.6349014904679509	0.4954811808459247	-1.0155352925191963
0.6924756783140116	-0.6830449245996197	-1.0470962550918541	0.5466583796596917	0.7222492606626036	0.30689713393711504	1.2392322453083766	-1.1610566441567387	-1.7790153950934542	0.29655392615682863	1.2390822086293125	0.6621589732677363	1.0325594805737421	-0.19292283422032497
-1.5015246104085982	-0.6080481496050149	-0.0792754072916938	0.8899818987936692	-0.2860446227149591	0.027707271965974667	-1.6480089372447553	-0.28140536964866314	0.5558736414905581	1.568344162893303	0.32820699261412456	1.0050789965350952	1.1180830673533628	-0.6628215412864895
-0.20861521335933159	0.17199000497444045	0.1342474776122798	1.0846840474108181	-0.3343092063436186	-0.4632796830023107	-0.517458264310009	0.012625424932222504	-0.054261836350031796	0.9541939989123354	-0.7765343525417836	-0.8856632814857526	1.0118096785290012	-0.037947185690693296
1.0152660921018268	1.6372473244861885	0.1994109849895077	0.5503460624117342	0.6322404842368824	0.36907765758579747	0.37112399222486875	1.4048769816761366	-0.952025551671259	-0.7432509218616169	-0.26999065094249475	-0.9931555839344569	0.1373349995398199	0.7668541355725426
-1.0275688385921367	1.0907491038283201	0.9873308112590153	0.6763834846698272	0.5086474432980489	0.34538335485926597	-2.8275729946279227	0.763483403760554	0.5573081505755463	-0.26185177350662875	-0.2067304373343227	-0.8416309627921604	-0.09281894091577361	0.6512228497551424
2.084423505024666	1.4723257789662005	1.8320907729142426	2.47848863799533	2.415038158835523	1.7596023656564388	0.6322336900651959	-0.409846469650777	0.2702573387099604	0.9018677100287588	1.165075381464246	-0.10114940063204027	0.4077311284451896	1.6366874350676288
1.8180858595853886	1.5491689019740504	1.2482573970934026	1.5997650496820643	2.788606998931995	2.376833221450856	-0.35644349739821857	-0.8707152733133479	-1.3128751574729536	-1.2489425390531546	1.2194660072602932	0.5250614788999117	0.7681830122800074	1.9179614635060576
0.7570525127849913	1.7417903263617538	0.6434006675178423	1.6098596542557546	0.6330345132082801	0.7476584082055804	-0.2883757068034089	1.2430342783584474	-0.603188426802357	0.42385569588904837	-0.544913409437684	-0.23299364634093336	1.044719947553653	0.7870257698359548
1.7814748870099815	1.9904323434178715	3.873144246137426	2.8879629683141372	1.8148286880178608	1.7589340171993506	0.3732908234964151	0.3229644788581367	2.3055554229065858	-1.1492984241564828	0.6212282388283232	0.9982724347189306	2.427637590796679	1.3111261379436534
-0.3509884643088424	0.9867793571250795	-0.48727856416214427	1.044981740950655	0.2413385663105415	1.1630507405640198	-0.7455127311290816	1.410031722803446	-0.9980263782423622	1.0225548106025015	0.19749396060794155	1.7510780753148885	0.8223114901788409	-0.023701974592756234
-2.0038356612529453	-1.0970298998115404	-1.0548112963882903	-0.749380922865525	-0.6437220357128912	-0.4410014277859425	-1.491544170529936	0.016864290973739537	0.12703097057354043	0.25958990738981397	0.7725252476036878	0.8263171960977646	0.13862349506802693	-1.1348731734093895
0.7871029928355519	-0.7144634235653502	0.8453760800039237	-0.44801810270570863	-0.7381727621218364	0.037758577951976825	1.0707127723205603	-1.5480043494365667	1.0224159888456237	-1.7263471687113874	-1.5212724367485064	-0.09058034829960904	1.0813230625046624	-0.0019254264043427835
-2.718933115257502	-3.1593694681448152	-2.342525003067198	-2.2910829980144003	-2.1531113327651576	-1.8376434361373646	-1.7502031532479163	-1.9747317414436962	-1.1752486883166993	-0.9613991016754179	-0.3354409655983407	-0.27842365122237744	-0.8913206553512739	-1.796266292208343
0.32839272038667766	1.4968726472975087	2.3858962943054083	1.5674209672395816	0.6832173487123754	1.1483116927920036	-1.5685564023845076	0.5520482840464229	1.9164539303384425	0.32470540138472737	-0.8052052397287172	-0.4415614314526511	-0.2758229799145167	1.2208082728525582
1.417252567954838	-0.4741790883071522	-0.7983517017948836	0.4718987882000658	-0.4205151684426467	0.9611523537884255	1.762571251688494	-1.2886814772868544	-1.8896527051998036	-0.04913451551967758	-1.1994575952908033	0.721884745027728	-0.1573055730025353	0.33049091266546743
0.5024364005848295	0.06709329434798506	1.296562627499267	0.2683765878391339	0.532946048549854	1.4705161277053556	-0.32843413660915133	-1.056678671698157	1.0306374111611012	-1.057577590882985	-0.28012964914162075	0.9959389486162651	0.13203476090989816	0.6746935451848997
-0.37589183233981877	-2.3561580102800646	-1.4154545589688148	-0.9051570632091449	-0.5967126642619677	-2.2555567342154896	0.6166425146107427	-2.3276407336746434	-1.079114948192475	-0.29210222193714963	0.5930367939307609	-2.6349477423261574	-0.5990631920457281	-0.8397609316661331
1.0732132501181637	0.9120909123496417	0.1243799025528956	1.014309067690001	1.531468266868984	0.9015752546328102	0.8761025223653075	0.5978524298258957	-0.650672679975567	0.4224525014991393	1.631134798014045	0.3453706028180685	0.2612108033837001	0.5011372937773642
0.2917790145070508	-0.31863272587622304	0.09572612043549453	0.5218928627245483	0.3244309949444693	0.3081791281695485	-0.019495103983913197	-1.0448764422415886	-0.29420869463115834	0.01262405162037751	0.02762297095352277	-0.24569098142646623	0.23582015836310039	0.26112910779611
-1.6640506008805884	-0.684798129051396	-0.5627370748535148	-0.13138336708255716	-1.4614338789601216	-0.27605530123492195	-1.1458631699919137	0.8378541086673389	0.7280735354417237	1.3786641841250975	-0.4677918236661513	1.045340426158722	-0.5907093978994826	-1.0693687146719029
1.0580011102673466	0.1265543206772075	1.4456600455373239	1.2466753472049932	1.7611673886272956	1.386921863173478	-0.8164856409300388	-1.3231326478361682	-1.1733133268448601	-0.17643305641395465	1.023816811013229	0.24859095778840376	-2.0290454051532287	1.3262429904095543
-0.5748869739134908	0.14738808938307602	0.1194944244398563	0.7682399474261548	0.7321585999258617	0.13219350728885426	-1.7744328131700369	-0.22094120707914447	-0.5780666008978146	0.43279123238948086	0.7426228454229892	-0.7194906916824817	-0.5871558566920899	0.39738398496898064
1.1549313260350893	2.322816232922717	2.8998458404178247	2.8361881344621946	2.793637346990456	1.5261997274841375	-1.0509374210890865	0.7112070094667152	1.4564077205667496	0.6308128232640933	1.6478820858490713	-0.1743549686438429	1.4484439383408134	1.6064032395745256
-1.3837816691985596	-0.8557167619441339	-0.013190313204957116	-1.8938560683165684	-1.2616404691596634	-1.6089839330200566	-0.8161402384290156	0.3735017245685997	1.51837641598634	-1.7274175098377607	-0.31047902867047794	-1.3435228054525772	-0.5139073771517116	-0.9770363212549514
0.4679902777493854	-1.5438626401404316	-0.22135761384331482	-0.6241182211552048	-0.011440057821653804	-0.7959752328369167	1.5611401250482844	-1.7951336489027567	0.45029410259251634	-0.5992236108282577	0.7590721125838796	-0.8302730723213176	0.1446946707411131	-0.4957213849470004
-1.244386811372459	-0.15009452670820578	-0.8226530835407377	-0.01884868724498817	-0.7540874728394119	-0.7386445316553822	-1.1892564226451279	0.8697899608434552	-0.42716544522159544	0.7336923762111248	-0.13994129987022	-0.5477847360575475	-0.38208470910252806	-0.5955515613937732
-0.509512823338267	0.7138501403112392	0.15095892895495444	0.8926392752772504	1.653284061655042	1.1715789422857406	-1.6467663274627193	1.0150729307223523	-0.7125561432230088	0.8313753246149355	2.5078425028648303	1.2594550799609994	-1.1181567183232466	0.3284377255424772
-1.3373585458679789	-0.44586379864964787	-0.7457317710714677	-2.024394063030813	-1.2447497062619939	-2.2787065572793983	-0.41563969558139074	1.59628491767953	0.5039793312399444	-1.4748941856878215	0.22282384097133756	-1.967325943308064	-0.9239300885962263	-1.2188487315381205
0.05424179554440556	0.006363536133322134	-0.07168936966198192	0.3169964138614509	1.076270822554243	-0.5303004320822953	-0.5317466073132704	-0.6254380439976023	-0.6833359115226785	-0.4597378113336713	1.1595043409671286	-1.7308646456919035	0.31716380665002825	0.31819360120187784
-0.7482736192391319	0.1885260879340498	-0.20396281678127826	0.4860904904362665	-0.13274128122366097	-0.031706001234996894	-0.5599498173671607	0.7255737134618672	-0.4874113702414424	-0.35117760900140055	0.5027524112515254	1.0918160942089856	1.8879880141893475	-0.62441574298094
1.0156116500345995	0.33338013290559676	1.6100659749817405	0.7811414479257961	0.07793722242450807	0.2974362275283461	-0.016746887748988335	-1.253530758269753	0.8793258293866583	-1.0713217437203337	-1.6287491437366273	-1.1696220097825156	0.9846229951327985	0.8885739888408889
0.8636870515656712	1.2238400757005394	2.105285316503038	3.1832238274438796	2.3699463480937966	1.5892384864189997	-0.9502156525854745	-0.5466334485289097	0.6654047045646553	1.7128403591459223	1.5343163280812284	0.5457777961507055	1.5105007395998271	1.2497199968979198
-2.108810698269997	-2.1188392144862758	-0.739619695518817	-0.011813176112673407	-1.3446017225851152	-2.4515227403993647	-0.4454462472884425	-0.7781687848891836	0.782692029762394	0.7829514884129256	0.9093549552789199	-0.4833419501373386	2.06955890328543	-2.0658497242098517
-0.8766381186836858	-1.6474525996983407	-0.97692762522496	-0.19427467946173393	-0.29320620199334735	-1.1108672297776168	0.2637277443319531	-0.8296217969123975	0.15438669684171688	1.244826657606193	1.4258618878697755	-0.35530066654295756	-0.3065974157561881	-1.0883600383996648
-2.0307694136250025	-2.5925729243757716	-1.9431545047488277	-1.933367386442292	-2.932754979787109	-1.5171337137208958	0.29756308281973715	0.08802964627129183	0.1335396784863012	0.6544321467295757	-0.599367415926037	1.3575727635875567	-1.333183570046844	-2.378753998129178
-0.3157447519426485	-0.5918515460002338	-0.27858849238906425	0.4882316456206428	-0.3022990590633178	-0.5047515026973507	-0.36806873650314115	-0.8545141679492051	-0.24987027821396457	0.5726302578749132	-0.3668760131204197	-0.858932846618166	0.45117788564465006	-0.16937862235964088
-1.2524398121933593	-0.6963264906569914	-0.33811083716445145	-1.7386597468343743	-0.19235781537216878	-2.351213309638115	-0.057709698417050245	1.4774353267980664	1.3167395951629846	-0.7348488920468392	2.249869898056322	-1.7981456372800937	-1.0884475006647039	-1.3650981866028904
0.03555707132147301	0.7514565318068345	0.3014281091954748	0.5852382689981328	1.782710782772142	1.0898664364502129	-1.3137193666597229	-0.012331476962183412	-0.8281166063078351	-0.6271847531073456	1.7061590671014795	0.16683929457146174	-0.16874006533193214	0.7926034310505309
2.6158012693605457	2.7114170511415936	3.1181215635337267	3.1836071320683135	3.0042735961193223	2.3504182613914635	-0.44027521036301964	-0.3272212515323124	0.42886856411066004	0.0457793099742851	0.17407981958949012	-0.9916640030610115	0.6235035021031587	2.7830491016403496
1.162413795111278	0.8271878331196441	1.9510967627118643	1.0371010543166488	1.45727797680842	0.6170695617134838	0.5166838914682658	-0.2603489435763663	1.2802728371874472	-1.0508056546864992	0.9958221825580512	-0.05615320873132831	1.6169956605420013	0.6599980671570634
0.6140812599067739	0.12869893613081806	0.8103559637361168	0.03240045048259316	-0.4060262211705623	0.28013500292985505	1.1942356811201589	1.6069122357656176	-0.03889512749162568	0.6065086499557675	0.12230355441684646	1.3015329496558754	-2.4318436567795056	-0.3490796739726514
0.2832701330664986	0.8584195115989647	1.6203977052666223	1.7194015767950581	1.9144837538951225	2.6689110907083626	-0.9771343287450814	-0.0440515412429046	1.3081898363337643	1.019326221665943	1.7208616400169685	2.8202900048709125	0.4437253555472644	0.7961053652352545
0.26866768109850825	-1.686084151547305	-1.0435327876174567	-0.4773762712196744	-1.2041785962448701	-1.621858460993285	1.3410178363758434	-1.4661962976370015	-0.8556239852947993	0.136033818995447	-0.6883175117256087	-1.855838995024484	-0.7771217180138447	-0.6509420293623351
-0.3590130057891122	-0.9122050758331143	0.31362714642864337	0.5978232939132616	0.09290466339219675	0.08811324611316498	-0.7195365808003179	-1.3748182192221126	0.45870696819227297	0.7808664230578813	0.2957621335369427	-0.1553593781381448	-0.4373289438962351	0.0001516444794003192
0.15003345225349818	-0.19419869503200426	-1.3844804135972777	-0.5778427652470072	-0.9900175755969157	-1.0907745003494127	1.465578448960001	0.8327524300765273	-1.0837250663803708	-0.2511646526378564	-0.473478036070214	-0.6726161219256797	0.7191435523676831	-0.8376788635514573
-1.401381930706708	-0.652871649095608	-1.27919507918284	-0.5194875822865305	-0.2974896788221708	-1.5802371010000216	-1.5102545330626558	-0.3231881398136947	-1.3011696785569904	-0.5487948601070206	0.29005276238662986	-1.8745485989106214	0.7287519744039997	-0.6047091600881912
1.8445173751576949	1.5865115715076912	1.284242731042022	1.1245861916749635	-0.38365368600130667	0.6935543489850937	1.396328711275476	1.1688963470404308	0.5211594660137582	0.049775303991133515	-2.116622639989647	-0.7437531469179997	-0.3257520455631167	0.950324172396056
1.4267121759238452	2.060587460801452	0.8242295331051984	2.5682925664409053	1.737515157622889	2.4369713948795244	0.04172651886020718	1.0494101860699798	-0.934632683540657	1.4759748780590614	0.5253977057831022	1.624077832298697	0.6426147620362005	1.302418396752224
-1.077525904869922	-0.9256972349021351	-0.5298425714324996	-1.7859034776994251	-0.9874154728485199	-0.207717219854888	-0.45638072083594533	-0.16396438281835765	0.47462474641224534	-1.9315613359014256	-0.26684006025617624	0.6799617837360045	-0.05991600232210552	-0.8153354047466993
-0.2680847723291322	1.1161675528745545	1.3002135823807768	3.5326357970593016	-0.09270122118460905	-0.27574496969144857	-0.8470726690353594	0.9973635736251374	-0.21843453070990193	0.9883909185298172	-0.2631071869500798	-0.12355953084081361	2.694908759045858	-0.02123234310969953
0.7836949199069445	-0.005163960861070294	1.0409179421012087	0.8656603523675304	-0.07318075921905426	0.19855276100164027	0.7443308389731143	-0.5764264344490826	1.2207331107987152	0.5343472879002262	-0.689332227624698	-0.4962061516868472	0.20178719164328063	0.30033446147972315
-0.8524248708778063	-2.3004856369739253	-1.158982079915285	-0.9123195722556465	-1.849721962116458	-1.440198338066214	0.7610026070118191	-1.0385579878274527	0.09417575044587842	0.7974759194010691	-0.3568438484170949	-0.12260344781289591	-1.0997864140169484	-1.4573935614740638
-0.6225457494139727	1.9718102197364247	1.5887887333651374	0.9205117090367584	0.315547943673806	0.2977107853307709	-2.025870639924254	2.0090270553092475	0.7547776440735572	-1.432667138549682	-0.41182860226754286	-0.00882323366367843	1.9483234451774347	0.37672929751538925
-0.5619905614814484	0.26555237729266323	0.3801589857665343	0.26513424108602834	-0.3425081248441342	-0.4742534043247698	-0.8979894698755733	0.38112759011967023	0.5764224817670083	-0.18494837422143606	-0.5814351322990509	-0.7066268207717016	0.9869788161997817	-0.1605199400190952
-1.5717981804463217	-1.0734972106573306	-0.006904456626364186	0.5367568448633848	-0.051373855929840895	-0.43695668997825127	-1.8171930556730802	-1.009145560885311	0.8493347080891348	1.3084510061264343	0.6982811640007897	-0.11576119362420362	0.41326498266850564	-0.5506628706598451
1.6113981862549882	1.0592742581042178	2.5362076731907828	1.2971395291678574	1.0284603512854344	0.9324202535993951	0.8799931304313652	0.5717346872078007	2.2676860152748817	0.49146974089745554	0.4515296313310642	-0.1574031023600689	-1.095873770456668	0.935408199870871
2.223540132706833	0.6411306232931405	1.9950836304761261	0.7806382951782653	1.0037562170061491	1.0235838125065484	1.6786865376090594	-0.9358087253051359	1.3088568600361972	-1.0368262113020736	-0.3314350314684706	-0.643045210660044	-0.034572988366349436	1.209530456149492
0.8815359817617571	0.048681328337634985	0.972790843300066	-0.16867070724773414	0.37158388833701017	0.7166182188475863	1.2365339930888355	-0.18359648965045033	1.4399118953619416	-0.9297870310507379	0.3616276076721775	0.8061090868102472	0.5047349524791008	0.057892231632085005
1.7510682915130031	-0.00994078809669019	1.1236747676762788	2.0602805189943223	1.0248278758171407	1.4658525491983707	0.7087181407037804	-2.1302580444336323	-0.29801780461495087	0.9832488796442811	-0.4058276199977401	-0.04994327812265749	-0.1491202195347189	1.298038082470433
0.06674593302184584	0.5592295718575679	0.39627061697340693	1.360569667073476	0.5459874442522114	1.882911834323473	-2.0065236065489382	-1.2335038084566046	-1.4278441050251949	-0.3152789182393869	-1.2416329241907456	0.9159449237689968	0.6350041306218637	1.172331030807158
-0.464634821361014	0.46126945174921397	0.6581874883590537	-0.09270953709079927	-0.2792390339228871	-0.19580869701578155	-1.0412634526411944	0.45925069030495863	0.8677973837666404	-0.8699509326712609	-0.7634556508725782	-0.7138011786029287	0.5946049822374789	0.06679804111874305
0.242110323563289	0.128448610841643	0.3761379130337884	0.8896187874582238	0.559854479128817	-0.6665057470022976	0.035440252493374826	-0.2063570400555717	0.280184736546209	0.6342545840519391	0.5289740340780381	-1.5693468626412557	0.6697680215923635	0.1183092305565133
-1.5051636500754322	-2.1295173701155736	-0.8965615909622986	-0.52615232891972	0.22092026741247006	-0.8590997563125192	-1.4222873728743335	-2.4683022177587914	-0.36178081037120613	-0.13587725751613494	1.4494828632461338	-0.6143734198720391	0.1914312497941195	-0.6868222894191226
-0.12815218363725273	0.31017913287811927	-0.6341453783672334	-0.5226147623388424	-0.14898712842950892	-0.1933449737583917	0.08746344080384322	0.8066297949904508	-0.6993735975252224	-0.9295725370783522	0.04262846835680817	-0.2576256089236612	0.28462214292027066	-0.23072317270020531
0.6562832956135269	-1.2813009367142123	1.778984593524633	1.1082544599230542	0.6987111084974194	0.6491035402923085	0.3158579313362156	-3.084735301884921	1.839969584350663	0.031248282321166214	0.3484473688690351	0.5304843373463827	1.3816535558185397	0.2932095332530321
0.21333644935505258	1.440287923316339	-0.05649593313823931	1.801652660707431	1.2625063958913652	1.0438045242438867	-0.9842730748350469	1.1256747729579952	-1.405584725608401	1.3930072491115655	0.8293168946294535	0.09990292829480416	-0.0998826663825995	0.7848595928180618
-2.185206134209132	-1.0808229932663287	-1.866918707370265	-0.8108800691446567	-2.0731555786055282	-1.1315646388333032	-1.0423099250124117	1.3442562332080261	-0.5962258780440473	1.3458702919312038	-0.3570245250506559	0.7483213345377776	-0.9632046211096174	-1.694735808969221
-1.092269343584625	0.862488914933055	-0.7997427703827468	0.5536150323452946	-0.5879465692692354	-0.37635039988249697	-1.5653620863065978	2.241908326513081	-1.1654356439511868	1.2774260428021933	-0.223854269230459	-0.33458984878513925	-0.9699909812015155	-0.28865788473449044
0.044064293500382656	1.0154884275279021	0.9034373160716996	1.49342406618246	0.5204668410568153	0.9061643021830903	-1.369790578728633	0.24598847835333756	0.10091093678467396	0.7054573346118744	-0.5788730824060869	-0.21715575413963414	0.14647904245295726	0.8385995320253082
-0.4243053264956622	-2.320992351603292	-0.9183241414061629	-2.2273137816499173	-2.0643839362489484	-1.5499231521031913	1.948963124355111	-0.6104205274461759	0.9835892674953818	-0.9264366920192606	-0.24791455095365572	0.15777531232761197	-1.0752179741740424	-1.7396964403007782
2.4664426158658346	1.2585134592211178	1.2431930485655998	1.381692458700463	-0.019027460144352748	1.3200188045991512	1.7080508339890141	0.23136347212919592	-0.4064140908998181	-0.007806785795338176	-1.94264392100281	-0.17634692992067105	-0.9445520536863499	1.3086057866808705
0.05332811040738472	-0.24789061820353603	-0.18413704461811614	-0.492527851913681	-0.838246092769786	-0.002612188056601239	1.1108243419262016	0.7310772876692393	0.761240869365594	-0.015729049324310792	-0.25323840272262366	0.748780926895502	-0.19157582580512114	-0.6482218256440553
0.535563594355055	0.37095987601308383	0.1888693068571411	-0.3242594074244343	-0.552686791305995	-0.31287912855347777	0.8540491246401346	0.5025442039509586	0.24323147399062947	-1.1494915244780075	-1.0047742504546162	-0.5780683739227048	0.8427613515279597	-0.09911891666308327
0.8798826488074685	2.2564612865802003	0.20890952669064355	1.4068823755576922	0.5090272816435573	0.5598676285935218	0.21857977476712906	2.4787401176819515	-0.8506933808471894	0.6746853043109889	-0.4257981107670348	-0.4632203776765086	0.5232743665786503	0.6645623426552996
0.9117377607765795	-1.3968818128013238	-0.050236662003085325	0.1397779423342684	0.8436296599384006	0.06379423983485687	1.6927581868455963	-2.1563925874919043	0.11701045072884339	0.06977901581542825	1.577842709544735	-0.02164084688825428	0.09624680889316832	-0.12229562208481497
1.3437394215571357	0.7899842897273602	1.5794066381319267	1.336154334515108	0.6628874341815124	1.1302181986481195	0.8736332357248557	-0.09783833670030644	1.2945851716403276	0.39336122929778167	-0.2953415126088747	0.4156436104987646	0.6408588548900289	0.7205155207695383
-0.4237520268314341	-1.234938505295831	-1.0541043968617598	-0.8529111998819714	-0.44490219473561654	-1.2256912439266894	1.107043600455263	-0.3708525563103077	-0.12151234901780998	-0.39448544762664295	1.022473526761286	-0.11635656706934255	1.1372989253818517	-1.2398867565860168
2.03338296945155	1.0724078329192088	1.8611577258736058	2.4151104218006836	0.37320800895953055	0.9261432949206918	1.3879624087470797	-0.2202960516223397	1.1501601023842123	1.676081700576336	-1.3850935990935926	-0.7188791032163098	0.2129790900433748	1.1619896458839376
1.1297610318115565	0.5328672044437781	-0.45129046077855955	1.0923797917789413	0.5769137723148471	-0.18254407021664987	1.6395488700826508	0.48918240007229113	-1.28064591637298	0.6326625987215064	0.6745417223053921	-0.3595360876890996	1.29918497434832	-0.02047923046926055
0.976509558463513	0.9847243540771419	-0.2618597252265098	1.2344179512599278	1.446721308065417	2.111922340330096	-0.10679890171118014	0.0315352932318116	-2.123977279318715	0.10838788683654808	0.8011163644388409	1.518068258389622	-0.1954259997536189	1.0048883780887787
-0.40683832703898803	-0.1571700177314862	-0.45556996909180203	0.43791650939962673	-0.9749584672027125	0.3267599389256763	-0.9676093520102932	-0.24259037446567475	-0.998492528487755	0.3786854283835894	-1.6129635760595216	0.10257294540588871	-0.5127717932805304	0.09093856560402472
0.09560847916504359	-0.5055416876201617	-0.708020476960185	0.5714966720302215	-0.37858734677116057	-1.654037410379497	0.525623813878073	-0.48030560419186785	-0.7722287389153698	0.9767291295833553	-0.26847348694155	-2.6689354586386305	0.16328727753411362	-0.2500157806118637
1.9373574758382865	1.057531997890656	1.9765410493140338	0.3048753749120805	1.9522915509036634	2.6254372777853465	1.0089394395213758	-0.029204478754443576	1.0780871212159868	-1.6883230278632921	1.4406620231930412	2.0917855213967447	-0.7341679209919517	1.2218882693417126
1.335466697298349	3.086906615605824	1.316192015798944	2.489132791367199	1.419028224889254	1.513604932900938	-1.127974033610968	1.7709734934378083	-1.1010067607568355	0.4125489478937556	-1.0055835012519643	-1.0300556534911935	0.38878955287595823	1.9465646089679476
-0.01825446299563896	0.015819937172547455	0.500709694282597	0.22993064624375428	-0.4012687940771836	0.41908155785892154	-0.4134961175992468	0.06223989695194631	0.46040711399767936	0.017432872649539993	-0.6528274050777259	0.24413608800545908	-0.7165307782432178	0.12178215465002322
-1.1633181491554443	-2.540020527287844	-2.3181230701796007	-0.7708801655953489	-1.7550180549487642	-2.57112831477776	1.4253160892230197	-0.9220507010201334	-0.4789240003601079	1.5973156354315978	0.40287926979350724	-1.0099371247016147	0.6735142171729486	-2.121492950110354
0.3869129346236109	-0.2736096721627741	0.5700097956424381	0.1724309983430934	-0.17383505008674002	0.4753125349889008	0.37057541573527153	-0.13761008614727815	0.5438068467971888	0.13765356239511148	-0.033335496208291036	0.5944368415842294	-1.0568707525651126	0.020330530038615378
0.6879314349559124	-0.09586135360904308	0.19079378916110276	1.227944169658378	0.6595045499588242	-0.36066254071028636	0.49368976396758074	-0.7191390068401731	-0.29673885731359906	1.1505276809192224	0.5396348393420658	-1.5386540650909426	-0.14503896414945908	0.3646298433249526
0.33127547736809615	0.2658753151658829	0.260231069352311	1.2610837365352416	0.6264000456647295	0.5706628586206807	0.14694120927037138	-0.20246744184349463	-0.6270651478663974	0.16354270753381836	0.6432359973557021	0.9303414544051674	1.7229357665065035	0.04276862697067898
-0.7518329982690642	0.07766445932552044	0.8742646330882469	0.7553335861485646	-0.021816822428323446	0.7623990129457893	-1.6045942997153166	-0.2409142916701908	1.1648473584429204	0.5285921590172531	-0.40381567487625536	0.7149753918640036	0.3746368536040246	0.14728566360682996
1.7353766024999786	1.0455853337679124	1.4261307953852524	0.9874307148679609	1.6270663872954363	1.723629467109652	0.4550046178306362	-0.6970645898926208	-0.026286727712078767	-1.1300521490751159	0.2721797258391555	0.14405874570336336	0.12530849816806106	1.4387623880698728
0.9586458096544126	0.8393953904370304	-0.6895512175074836	0.41868822979762704	1.1193463660011165	-0.613508879219545	1.2812253997802026	0.951871681929539	-1.6598133041861125	-0.4285623652543501	1.5002385166179149	-1.2138016567302703	1.163567568996846	0.03555886747993783
1.2510046131012742	1.4454211194487208	0.15655689735066947	1.0305236884525175	1.65968876737782	0.7703941482361965	1.228717558813971	1.4832603039174141	-0.609840805766236	0.32002304099646944	1.8670719975356942	0.387798774509156	0.7915170982304356	0.3971615174521852
2.618924692613909	2.2736976757639638	2.5344685592084053	1.619615724943598	1.9294619739855206	3.0343150381041317	1.0575441889889419	0.671376123797183	0.9744028962430883	-0.7659582662180617	0.09611191145923825	1.5199282665180978	-0.30297826862530486	1.931467655210715
-0.36665721107332416	0.7111096170419687	1.2862219268910666	3.1095133673958375	0.23678001049003256	-1.4566141181776318	-1.4023697545343987	-0.03791739636190043	-0.4206133064680293	0.4717350245119824	-0.15379229179239348	-2.5151746524572665	2.567280648476127	0.2204039251638836
0.9257562833535992	-1.1003576864531066	-0.2360659003286055	0.9543147146588469	-0.1746440837026048	0.430547744314969	2.2499778513721234	-1.1213412775950409	0.31634745413114107	1.969767876242346	0.4215146949532252	1.0940715017597658	-0.008323455531968144	-0.4258882287896886
0.14212300862387117	-0.6395995720252053	-1.3478533841365032	0.026857192572149524	0.07002513350939477	-1.3267604064244973	1.1367815874827278	-0.17126985349886015	-1.3010549286903805	0.5999618103262926	1.0117995572084133	-1.5818006672059164	0.18681289136033785	-0.5742002381979568
1.1512558130391337	0.2728297584551381	1.5410136021157368	0.7831164507705171	0.19986988949907647	-0.0008480294185526649	0.3610463830178724	-1.360946899456614	0.26800892701277784	-1.9361257490027886	-1.2049516046146445	-1.1377950888867425	1.8053933272752765	0.7283192326740512
-1.2835481818632624	-0.2623292711357328	0.6672773710675914	0.4792767011950929	-0.8033724545886186	0.6160374687104442	-1.161263969617454	0.4922233242248318	2.1182888575888863	1.3091543310205649	-0.3951914796047546	1.9025846140434233	0.6408425039697087	-0.6858317664645736
1.3991275838578243	1.0452385674940152	0.2589367424588285	0.8883686394113763	1.2130686270073043	1.9130188369646974	0.3740684440227258	-0.19871264205637662	-1.5180072195158167	-0.7936051137765613	0.08100317931855924	0.9057935220834079	-0.025713426880450904	1.1696088381039313
0.5977377148259501	-0.5633805907570685	1.3625697086709423	-0.18132511896246517	-0.6383546921557259	0.7217074153356298	1.2003312298759665	-0.7391392132161944	2.517542804237093	-0.44074009566375594	-0.8638293100031953	1.1303380492188664	0.16878187733731667	-0.1536534382948152
-0.17760558951094818	-1.4834084555655391	-0.4284118949523096	-0.6121512543892721	-1.0124819954088773	-1.107216813902269	0.7392524109482714	-1.5481885506881214	0.19181573271479516	-0.7000335519465761	-0.7020761772679993	-0.735664211562059	1.0522408467846238	-0.7649434945095911
0.12641778890194882	1.1815722293491184	1.5106998699980003	2.899394322231603	0.6175907758446024	-0.5391005462337097	-0.17301593988481564	1.0564335305042918	-0.3369407960680685	-1.5565205516090528	1.0461767929680907	-0.49490863498300897	2.9649059176693724	-0.04526907248733123
-1.3591648898264768	-0.1839392359911457	-2.0996807876540693	-0.3132147838105227	-1.4501547879684393	-0.7624962125255699	-0.31516827498381395	1.5545880664667107	-1.6133053468863778	0.810220857523751	-0.5145284226376615	0.6940341158286222	0.9182971213678731	-1.3003515001447468
1.5731603528833134	0.560504793572093	0.4711771439657658	1.3015621719009107	0.4448345214856454	0.7458966966425689	1.306825321791321	-0.3969602735508528	-0.47072887649023515	0.4827538294465138	-0.5875164914197217	-0.28758341423723427	0.34294090033840474	0.7300927776349238
0.7368543871405058	-1.2939399195739567	1.0641635171434312	-0.4422322273496919	-0.24688273071238342	-0.7086066434824332	0.7167302648405263	-2.687183027654484	1.3214795380179987	-1.6283488553703218	-0.9390739851987586	-1.8947617324380186	0.3794616800785257	0.24247756100302845
1.7901399486438754	2.478063912014335	1.458142349292999	1.9170774418673084	3.3092395633814404	1.9362329400950866	-1.3197920866043895	0.11465909953192026	-1.818781183442039	-1.1859523931131484	1.4940630014113916	-1.2431649267733034	-0.4750451452703104	2.5042774813492445
-0.603384377373395	-0.7894947665575214	-0.6754814624791547	0.7300623363683426	-1.2428278488024231	-1.0103567410686136	0.33531592440885044	-0.11319863981539922	-0.006137146780829922	1.7077842889245882	-0.7780848589414593	-0.1980179807712737	1.206315822623368	-0.9628387471929554
-2.850829871949631	-1.3501066656969165	-0.4464253461208746	-1.5874651843049836	-1.321964334498335	-2.1345797651187826	-2.611487185544983	-0.26138154122601875	1.1276215830429417	-1.4253077973956076	-0.10821676557118202	-1.2406791001519644	1.2754980496902164	-1.4483773508993487
-0.35923521802620195	0.12304771597604545	0.4758855770966148	-0.7407401757618121	-0.794762904903628	-0.452760128438121	-1.074224090152542	0.14392064126290477	0.3290499245154328	-1.6959029565174668	-1.4049764772837388	-1.3049581192674893	-0.7078085344313736	0.17825703810457733
-2.1027012921003756	-0.9220079609880796	-0.8814453135785739	-1.3726412507910186	-1.5169010163414338	-1.173396534127924	-1.1901670694746107	1.0690584940815362	0.8990169329971819	-0.048422723947327134	0.07144758839327744	0.19418065895187606	-0.4812940029881929	-1.4671842568393627
0.35201522639335897	0.7216165483313955	0.8895337193018393	-0.1981312806170022	-0.5454793967469258	0.7722500988179877	0.708103672116439	1.3899315417784575	1.632672285322109	-0.47796351881718524	-0.7219524732187529	1.1089789710120523	-0.10113527946816113	-0.09211532084204667
0.642257952749314	-0.6213310569459852	0.01978289145379314	0.9519054192630277	-0.3320515895131378	0.7520857841555773	0.9207910562907418	-0.4098828792565759	-0.5069944463009355	1.6542969720529643	-0.07601874091851075	1.3556832925759428	-1.435692238743538	-0.08826288164333206
1.8338366974813058	1.3270901255906755	2.209834140516209	0.5011146788237942	2.017092714585603	1.2474888063255916	1.0358002608910342	0.15153900379974308	1.7044627273025323	-1.6245983607518557	1.3116843432253416	-0.07158467581897075	0.5703484478812332	1.1220970337345832
-0.8638110838916688	0.2480694918473749	-0.41345652687247836	0.19272748631948328	-0.1352771447442755	0.3927536835601826	-1.1197997534074038	0.5901277769337998	-0.6081487294187158	-0.23489558816389236	0.04770734122628003	1.1317589248322106	1.2329388961286476	-0.3525949535386345
1.8153616937734194	1.140547283940517	0.7665650771805004	0.2763298687002981	0.5162959255810442	0.5829283321376425	1.7498222523372038	1.0118051410201538	0.02657411696075794	-0.8201597562790274	-0.043946554067980016	-0.40034140645407285	-0.6557603723861207	0.6646162738056489
-0.7142052769635522	-1.3077981349075298	-0.07737628929701651	0.23819747572941474	0.9109035529015694	0.15771885576088582	-1.1144104458558528	-2.315340033147129	-0.5731812029178368	-0.8358291002393844	1.577281681427797	0.6597667000254569	1.5842659901355802	-0.2354473130463685
1.4722483936000592	-0.11122138778055113	-0.10298112320847586	1.657057247027696	-0.3535871073476833	0.6041161885458035	0.8866971081747255	-1.4356006894251023	-1.6901721793954303	1.1390601390576027	-1.8475667858527745	-0.7071597231951554	-0.5270909369531792	0.8555572132651461
0.2758269438987313	-1.3810487173558528	0.37731679601954166	0.5232099616579658	0.2745504489591443	0.34026854765995823	0.6323720103669837	-2.1224301380870263	0.8048087058371682	0.7179843464512964	0.6369017500355205	0.4097784000097104	-0.010010818615045398	-0.1055884707806279
1.0941643733954047	-0.8371847761066115	-0.8353665004299982	-1.2801348944027922	-1.296309120804557	-0.7915864688997989	2.4877273935294992	-0.3185949038975782	-0.7158414252996735	-1.4564644126149175	-1.1027515163629769	-0.731410071012702	-0.7045044385926321	-0.505126946049538
0.3205458137964998	0.20740191407534503	0.37740710038188774	1.6800564629056463	-0.7165946185519717	-0.2687603759802022	0.48139099051314016	0.28502575437717104	0.6277740302175306	2.3964031246421404	-1.2542758846335265	-0.7556147438728192	0.2320800417818134	-0.010029546907320276
-1.4865056953521525	-1.466077938133982	-2.0137419178044835	-0.8503724778598284	-2.104602453305783	-0.9504989686231623	-0.10909194737385979	0.5508565119545722	-1.1580073001150597	1.0939778137860503	-0.5874578938779094	0.8914529225708306	-1.1242756963817402	-1.5717367060303773
1.767171023415421	1.146222251310771	1.3562802204371613	0.4400184332790349	0.37450853070126405	1.7642675528867773	1.1729580232636598	0.5458635678856729	0.5028953832007399	-1.0292493137280179	-0.7585686673156384	1.0881958941149483	-0.6954891884441077	0.9578019482681888
0.18023811549175528	-1.3800482602774977	-1.1863914925470755	-0.4453588059486955	-0.8818412999119905	-1.9003351661275214	1.5717534238932613	-1.0639772124271187	-0.6582447540189877	0.10350198289017748	-0.22534055099402173	-2.040570250416177	0.5329615446803855	-0.8482542417573035
-0.9058881613361704	-0.8841012823492296	-0.30328515275125517	-0.5160648496741395	-0.410343882319363	0.16173593410048892	-0.2784353591876518	-0.26402432077464566	0.784487295420672	-0.015824891006783953	0.52930112763282	1.308859181278758	0.4075565069682081	-0.8071979912780838
1.2974428244962368	1.2332057651471322	2.3622986405718107	2.457390315694597	1.7892794375801468	1.6470207210617986	-0.48895316038685216	0.17305807651938857	0.9062843181174721	1.658843345145172	0.9553719076784275	0.3393320884891454	-1.4224426265376926	1.4138594445430377
0.453883137356245	-0.5164768417888101	1.0908916916136238	-0.2297342760256515	-0.4590035391492038	-0.7698610149744797	0.38142751131626695	-0.6976485179080101	1.3658786315588942	-0.6648847862257461	-0.6470882748191733	-1.630382153848984	-0.9478470978012344	0.09168168851624273
-1.4113852845211938	-2.246651739006634	-2.115437231101336	-0.4564954692578729	-1.5808348757512884	-2.2696323343725213	0.7822209800858071	-0.2507813006887198	-0.3554032139759499	2.349195403978154	0.8468632406496782	-0.7648455925768054	-0.6045081617571599	-1.9752813262419702
-1.4601617972031664	-1.3192538734778845	0.0468953429258292	-0.2928333659652215	-1.1994048448071064	-0.10701966645338096	-1.571608381745778	-1.3767304658819262	0.9817564969266719	-0.06614539037439483	-1.1667165239116906	0.5544125711473914	0.5726993369486599	-0.6077554613384608
2.1225863058077503	0.1430710029095601	2.647837099583561	0.42766967213351514	0.9419049401409274	1.1008540229598167	0.9483101424354385	-1.6014417551340798	1.4772911273953013	-1.6711845698323122	-0.4029995936422985	-0.5283555068058251	-1.3808593343952815	1.3801079228690643
-0.22165869272653776	0.4247178703715354	-1.1793591689787848	-0.7001206543058577	-0.2519935963967862	0.16832817709934272	-1.030186340221099	0.09668527200200999	-2.6039319725317984	-2.1123111277875	-1.0311912954996303	-0.6882525704628318	-0.0757313061227644	0.3818529683948823
-2.402391816580359	-1.3208923108886916	-1.258927213493858	-0.9162324259412228	-1.1550272864166828	-1.2201799666778146	-1.8497223986832059	-0.05009295795048759	0.09259739970980589	0.28772981738001085	0.2264915312072812	-0.16677482871769514	0.13702009147435162	-1.3182405544132694
-0.6355056962581787	0.43145363258939295	-0.07303413334072498	1.1123518397372254	0.14061181169876483	-0.37550749312040144	-1.2554144713695257	0.49870155836959174	-0.2603923581988799	1.2643727899146748	0.018354009247292583	-1.0056957523355605	0.43040890822220695	0.04615091592319651
1.248016097861665	2.134118522796097	3.073289365118238	1.8525093752565236	1.4446483313621166	2.0426505624921276	-1.0388830673990839	1.0508078873989362	1.8485303218067024	0.10434389239312081	-0.16749088409959334	0.3805792444503572	-1.09771302441565	1.7231763952398653
1.5838249909004705	0.16161552153923675	0.5035992549699575	0.8098990496524525	0.4374315321398654	0.3519675959160833	1.3638056153974365	-0.7019341707007792	-0.38531707357965156	0.009033731301137708	-0.24930588349571106	-0.8447424989854603	-0.5050210822615714	0.6837802404120186
-0.7074971026190284	-0.11244494004478073	-0.35842263391916035	0.18641916427800861	-0.47500430486323414	-0.4890726939474057	-1.0086143323562737	-0.01824880807229812	-0.3998080625027232	0.1450028933744652	-0.6224682082265177	-0.9464691736938641	0.09405752387884188	-0.12030715997717023
-0.7793842597400037	-0.2098788704508402	0.9321028845150925	0.4538674954769991	0.1386650272616733	0.047077384811749445	-1.0273996357124555	0.594681557869893	1.594228062834642	1.195652845559938	1.081771955983521	0.5017098462863394	-1.22083388504975	-0.3225210281628259
0.5595116347476348	-0.45570424842091845	0.9799090212892387	0.6246448842526595	0.2657577328348796	1.6788307190274008	0.17250776615669453	-1.1704279562203308	0.9124367939569724	0.249299074497596	0.02101767004627904	1.9140719465657505	-0.5860350353551567	0.3637595323823113
-0.39432297923632065	-1.089024394089508	-0.9391537290335854	-0.7156437575072558	-1.0239025599462577	-0.5816843042576217	0.398761985368719	-0.7914720840998202	-0.45837531749242183	-0.5538121797474583	-0.6757485281626374	-0.06784193389786375	0.5079388574378165	-0.7157289151171792
0.30545955670709257	1.8088535226693563	1.2733291587654363	3.007028211177279	1.123669213478402	1.1145640009209126	-1.764461787582893	0.4688862465154442	-0.967690278066021	0.9229333404038486	-0.36745781098751473	0.03456140475832679	1.8718993236476196	1.1531419100305658
-1.163436271601452	-0.8815049068263373	-0.386187367319787	-0.9296392538527773	-0.7813705488140188	-0.5025499875888557	-0.4891347002549232	-0.048869911541953096	0.8598938524668879	-0.5083590080245641	0.12419974315677809	0.44841411207704657	0.48278356871391703	-0.9487396736439488
-0.5716023356810729	0.4327009634797694	0.9499857522776427	0.3296034844517345	-0.16945058717298989	1.0752775012697833	-2.0170163740707374	0.21779045298353464	0.4200744808666388	-0.40856330035700594	-0.8375991948938333	0.775682105237259	-0.9931750936645222	0.500661710422553
0.7337546912477518	0.25497772699226107	0.6780399735393661	0.9076540817988552	0.5481139293102201	1.5203459412072315	-0.01700626082097622	-0.2666962999607602	-0.1964687695532653	0.37184480715847984	0.17380129548294546	1.3306092465652082	-0.9678653349381341	0.608568573956344
-1.56194261508029	0.19015111611817243	0.3691228630437462	0.17287235839248838	-1.0134976449538602	-0.0005049673275196731	-2.0203351720950313	0.8965749645024864	1.2364519146136848	0.530705113407635	-1.1093331498624337	0.2977420512594367	0.14612447909713522	-0.37701875840274646
-0.9973592051397044	-1.8771484817200395	-1.4577577178222743	-1.3190306965675198	-1.8773297375093045	-0.8185285928265605	0.7346138343919959	-0.7517930234486687	0.02638035971406032	-0.1836847016610317	-0.7488621493819514	0.8335777642788613	0.38849363246595214	-1.5037713941440285
-0.4758670763616174	-0.3689698827262139	-1.1735031246257406	-1.077234695002852	0.10030940046472303	-0.2075631145100662	0.37067489064733444	0.4750314349463127	-0.8167771009831895	-1.189147596089179	1.2868411005555758	0.790292778816085	0.8205610679587803	-0.8181009572857576
1.7808526792016137	1.1655570105736746	1.9046463227581831	1.8359032450012875	1.9996909998697632	2.4767811609723456	-0.10515596686595699	-1.1337790610163643	0.13897666750111626	-0.35346465932329013	0.2566078332922859	0.7694741328723746	0.14337782546495859	1.8171488820905015
1.805688488362157	1.906141553342488	2.339226469308241	1.6248460500963955	1.371799715908067	2.367054634216794	0.3663219799023864	0.3814575703132234	0.9828405293638406	-0.861177210564306	-0.40134579794320113	1.481942846798672	1.2818412260023866	1.4208987659540764
1.487884744463851	1.240695243124681	0.3688518189506461	1.857911889454754	1.3932783489322782	-1.2544073179688695	1.9457310250461048	1.3749910532797682	-0.2168091071138544	1.5993438278290322	1.7454413563692872	-2.4287311015319237	1.316200563777491	0.1524604984013217
0.20037358236019764	1.3905996248294368	1.362684190110342	-0.3966433331026604	1.4629083329960293	0.5519053293879101	-1.493931112061818	0.45094777497110594	0.4864206293310356	-2.925505010039135	0.5812348057798541	-1.0409525235040644	0.5632792487687464	1.007375110093024
1.096704464120018	0.677424350783415	1.3348038216101878	1.4103646661214821	1.2136578435719256	2.159484721125692	-0.07953807554083464	-0.5127034977793103	0.3745822403450213	0.3480575440119994	0.3764755819047427	1.5100230838839412	-0.4354358020521074	1.0721336098614227
-1.5499758106037969	-0.9305727208227541	-1.260070638563139	-2.0975564671853935	-1.491625233917767	-0.9842192383273033	0.14136315297774124	1.7932463017691433	0.46196524860783833	-0.6318747846974732	0.7864803171808642	1.1855691547946037	-1.1113204432334338	-1.7842564132375534
-0.0711680327789724	-0.896822681093693	1.0577047511607849	-0.2827981282104235	0.09591903836589608	0.23148153082966533	0.08103328188048765	-1.3240095689488138	2.0166868419546637	-0.6786300714340034	0.33650609448675545	0.41917367483049983	0.4765921260692638	-0.1977353649382575
-0.09120187131670282	-0.16286892247931117	0.34872740979800726	0.28823951809266996	1.0572483410909042	0.06006477517918507	-0.8978531646462051	-1.0200430954983966	-0.12873066610436504	-0.6046542009583377	1.013618869227446	-0.934211017373318	0.13387929148367225	0.4223810765229923
0.07662642683409288	-0.3646742282336344	-0.7792780531298642	-0.08852437417047965	0.07462106388495285	-0.8257353055964175	-0.4363561137532238	-0.8014877524352885	-1.8313146759250785	-0.7280494111914587	-0.08265328152658608	-2.0486286535433074	-0.6253717812297503	0.2412927794734887
-1.0102584660041298	-0.24197041959874122	-1.2655249365674384	-0.521364718253492	-1.5504079170785219	-1.080949837845198	0.34770636941685557	1.4829580626646561	-0.32409571729360515	0.2755611530702956	-0.5988187011548834	0.3922579508607345	1.2439010384663385	-1.3805254648908025
-1.5382742250275814	-2.4808280341746642	-1.72188530953157	-1.347598794703179	-2.8201461389115754	-1.7135690547457618	1.0634929097660537	-0.4746478593209719	0.7728399376730142	1.0803280821908563	-1.040184883279094	0.4546056141149797	-0.04977289150476731	-2.1860847402811276
0.25118264112355115	-0.3419226243307509	-0.13286405134473392	-0.5058537169431634	-0.8999708747028957	0.05750278554668231	0.8276765192180571	-0.07973092780912408	0.22171007962267514	-0.6887925305163755	-1.0099204862117601	0.2134984033878902	-0.1252758132493909	-0.2690289049953983
-0.7647289920091607	-0.9246294232492865	-0.1302654510178035	-0.225335672006384	-1.227935369719009	-0.7411711872806981	0.4052806012009988	-0.0019887394833304002	1.2326477990964568	0.44137556670338063	-0.41393951214461167	0.5956731923961686	1.2196598122849802	-1.1673681420162842
0.26652345157091567	0.5697686806454284	-0.14672480488631412	1.745004093286252	1.066597779197743	1.104564727998393	0.14345414190351258	0.805230722515327	-0.49197166943834847	2.421187583946137	1.632436914818665	1.290816962800467	-0.24775647653652152	0.13618154244353659
1.47059676048029	2.2006233258725327	1.2202480573080585	1.1759646088737923	1.391104152097132	2.7255394707310447	-0.28943437993132787	1.2650025297131013	-0.6638244585591766	-0.8205743582566046	-0.09406672276973574	1.6699723107440472	-0.5651782113780118	1.5546574503202746
1.0962439921979261	0.5637849635999534	-0.16052247263744235	-0.019991273820048505	-0.20291247725943506	0.16149375451968123	0.5544978246162183	0.5676035833487916	-2.1785387730376784	-1.0345817783989564	-0.948639767064334	-0.6266180355456659	-1.7061028733883716	0.5644433882683529
1.3015564716927113	0.5512791046802714	2.1153468571895595	1.1720198662243722	1.4581848045333436	0.8568731369378413	-0.2952193112778078	-0.7222101670338603	0.5824096105831293	-0.27210722527585396	0.6095466042274968	-0.7364837263386069	-1.5387445719597812	1.2923541192925438
-0.3796215844686776	-0.7982511737813647	-0.9350930424263664	0.06831021887673483	0.3501345123810459	-0.24528359954138887	-0.2432616000232346	-0.5440967100286899	-1.148957842015664	0.5054709424440806	1.3531863441325391	-0.10770638266838056	-0.6748932090772821	-0.3368145059486943
-0.5034405583887582	-1.9385453569092341	-0.12748697615043217	-0.8227109292995893	-0.8438059088464023	-1.4368740901251114	0.6801504144435159	-0.6091622966912492	0.13808879789468131	0.49278879993808083	0.7737067402093172	-0.307683463711917	-2.1577318563083483	-1.141501607632815
-0.6751715076708261	-0.71936564570309	-0.8222096212409693	-0.3319431761110258	-1.0035986369152907	0.08842357273807289	0.5483827738680749	0.45418411378280216	0.3623159395909937	0.7370337514381143	-0.016183688790503466	1.623716872709861	0.3933011486189768	-1.0705363436965667
-0.1958668938836901	-0.8064162506534661	1.2807566492550164	0.3941459875485881	-1.030308972307902	-0.6341355069386476	0.006858647222443851	0.25045950032762543	0.7642967137169019	1.3833617397486877	-0.7709813138005095	-0.03197580032997444	-2.5239631048302464	-0.4518993298839921
1.1884031574360703	2.2200682299571772	2.624973583022531	2.8200242060376106	2.3069878623912516	2.210603651420948	-2.0325298662736304	-0.4673665137510192	0.0814773915270683	-0.2505325120228369	-0.21218474897558992	-0.14390536615727115	1.2924613867517496	2.241995860857439
-2.0532069955232983	-0.9116947085651115	-2.0405864295666087	-1.3029629782077516	-1.798710935465452	-2.05491030259887	-0.8335112169777846	1.0172324603258769	-0.7900382850593756	-0.06150078545762464	-0.44511995978592067	-0.9285559139252876	0.6653893320268007	-1.6551120511659978
-1.030024946359881	-0.35794658267102647	-0.7244822552902452	0.502116438505116	-1.5998076465002034	-1.0749675888147174	-0.5876679330435804	0.5125844443824324	-0.019291584594239037	1.5842960128623083	-1.554007592811519	-0.8624981533988612	0.38620314664314864	-0.7427378786291157
0.1291484664371727	-0.7097656446220406	1.8830156372100697	0.732634320032034	0.8658561991871527	-0.24821900790428633	-0.13647412830635508	-1.6798828903934189	2.540315981386424	-0.017579013839730033	1.0450939044123382	-0.6030740230909541	1.2438479641842297	0.049394496777164835
0.17754457559078413	-0.5136099265050704	-0.08669563419734101	0.9662363625692922	-0.2768386741475691	-0.6133469674967291	0.3707240139244962	-0.5649156987654183	-0.010484784523237593	1.5500027731088244	-0.17264984748266574	-1.1607775030464387	-0.34928129545640263	-0.10480424815453901
1.5210619987081109	1.144605834211324	2.0411067779861494	2.1464998348387545	0.40184960549446	0.3326866561871853	-0.6439731073923237	-0.4905791918931128	-0.17723335916930696	0.6183772452457673	-1.8801816698033498	-2.36727235827346	-1.447425793375119	1.7284385080222153
-0.020538543918918573	0.4685333094356392	0.19540537324666085	1.5989610245997667	0.2703031061385117	-0.6398369342127489	-0.7071250120242261	-0.06640733344802863	-0.7069255972063584	0.9348827768907567	-0.25923541553327983	-1.5051837873375895	1.397727748446096	0.22883215981523722
0.014026688444289725	0.654375598320275	0.4375307196722934	-0.2080350842409688	0.7338611910720766	-0.10527097721583233	-0.55888063355247	1.6144278247132178	-1.0324431387670083	-0.5830704382209894	1.3010291604737183	-0.1867447823460648	-2.1657810294922517	0.11887510939079485
0.35220418088495603	1.8189302770823634	0.2708795934045833	0.427007304210456	0.5536259227844758	0.6275860053385112	-0.16949403856777237	2.4787326867580015	-0.24634990495229445	-0.19056009306186236	0.36794851722060373	0.06834321161389699	-0.3276438586384765	0.39721943675525795
1.7346585186228882	0.7014582411446116	1.8043524530054156	1.0291961171928208	1.5780059586320356	1.5045120525279467	0.8528344782735288	-0.9245483992362133	0.9846356373751395	-0.8136018361974577	0.5543493001285685	0.3879622619536675	0.6921430442924278	1.117758671827854
-1.1036683426531422	-0.3688176770054992	-2.6652600916843197	0.21945317196653324	-0.7308277761046489	-0.5314078383766875	-0.8720378338873866	0.648126055551327	-3.4216433389740475	1.261231150860318	0.03837722303643857	-0.0800335810956117	-0.4884817197004821	-0.659996966396199
0.3282032892937143	0.4847058913076258	0.18818415362061813	0.34398030578414496	0.06426882705860176	0.813772460486234	-0.16114478194758527	-0.031996930221702614	-0.5923313765938443	-0.9502577926916562	-0.6497188995914676	0.7761552763445246	1.1696227674455124	0.26997949595154486
1.1758463371826138	0.9966700153711583	0.6965322832785681	0.8984880975110257	0.1633791295662682	0.03560634364190096	0.7262919445423407	0.4193502016420214	-0.020030147332197507	-0.08806174271656868	-0.9686994333784691	-1.4260847160068881	0.2402840273304199	0.6970030889198614
-8.274953631193238e-05	-0.2716924343953411	0.9425033231605069	0.7829360295262463	-0.31607736344620563	1.2155201573822514	-1.1852151397141952	-1.6407132540702867	0.4220315902693321	-0.21954324903741873	-1.714549563932211	0.5529233154241847	0.1356591502996353	0.6856036879869039
1.4216112477180163	0.9844025659282181	1.4347982860611384	0.5339229344437769	1.6073870534183758	0.911419362562565	0.6966824735527153	0.31978599288060267	0.7570224488117269	-0.8126036689612806	1.3468243386894652	-0.2756465176278416	-0.5909946071687195	0.9107298916336004
1.5472692414520024	0.945283994725175	-0.07040610155564886	0.6085361716274822	1.421175029534765	0.7539089845448051	1.4837652796521452	0.7586538125120008	-1.156571555527112	-0.16607397114136235	1.5465335576303074	-0.011898469009627589	-0.45771896854621125	0.5816355009272168
-1.1535042835977913	0.703900436633863	0.1696555856571496	-0.9572033312901127	-0.6346602556715031	0.2897566070535958	-1.3887760440437613	1.7031831405502058	0.856852418396103	-1.402978529918697	-0.5275373270721241	0.7359763670523444	0.15682670328427067	-0.3493747883531147
-1.2208976024571658	-0.935534070647195	0.3105226029824832	-1.1368831159075343	-0.6488505361841186	0.31928044783920506	-1.0048898959462933	0.12289956505092327	1.3443225146688642	-0.708002868168413	0.515965963528296	1.693996838626431	-1.1780984831929764	-0.7736541130391537
-1.2185415427510744	-1.1491015256193577	-1.248305314893203	-1.0088728645025893	-0.748633887083649	-1.2615397324581945	-0.5314398754113318	-0.404683015149661	-0.5756490258443779	-0.5043476056066896	0.2627627947957167	-0.9309018861896691	-0.016603412411226856	-0.9029710340473157
1.4307352222009304	0.39734645911801236	1.2719127537192987	1.3083805062543643	0.5362374901331233	0.751756263061136	0.5529999726061459	-1.413637265175902	-0.3864324938389711	-1.216646079592594	-0.9301572094347644	-0.18585699131043967	1.7414576750721866	0.8972372832091162
1.0273746463129099	0.2930769717593979	0.4959242174961354	0.04044428097129016	0.40164726294205927	0.546039842552988	0.9811544115323508	-0.1713224366072506	0.126120943632399	-0.9276494505503683	0.009554468770422467	-0.11765584238523306	-0.10984103499579205	0.41783864072290666
0.8578675983824889	0.5656591082706119	0.9445859078424649	0.8098751786850313	1.1280439198783467	1.4493114048875684	-0.14380692840900416	-0.5283857544355107	0.04155533592291176	-0.45871080144128323	0.40869753786102764	0.5621266711321803	-0.15940179464723728	0.9145709198613658
1.7335726802863405	2.1116009099395736	2.110821531735457	2.289634431317186	1.0422157957397808	0.8803733097567591	-0.08958462006542056	0.9708907439714972	0.54175562937585	0.8621961713203591	-0.8331781930806558	-1.5737985324755595	-0.7383490835650335	1.6767362802696821
-0.3313500183433712	-1.1678113851347436	-0.3099704673368836	-1.1447528520736807	-1.2663551628318817	-0.5915032312027227	0.9365298218975644	-0.5087887424983882	0.9956205854367997	-0.8956544531703385	-0.6573184307663369	0.40902479513042767	0.6611725943941347	-0.9947726585145376
-0.5567031893571059	-0.4016064208047949	0.46139140823288594	0.27424640212899204	-0.09341542056300085	0.8563820628259939	-1.109407678455243	-0.8478521243648992	0.5889383222277685	-0.05476760232395255	-0.33420046269107795	0.9139333112584486	-0.004596675980333342	0.10802418901021123
0.18984651353430215	-0.27353826720898816	0.19704022606242666	1.2118484549541562	-0.02086858809001646	-0.6634570242084965	-0.37413951078341695	-0.7525017214351506	-0.3406898513750424	1.329340331267877	-0.3476791804620112	-1.886895551924626	-0.6693831092404018	0.31183938750018253
1.5311178581410565	0.7549876585285673	0.2698856320878519	0.8643820340549215	0.4007322756123851	0.13724446212741104	1.110752714918036	-0.25721522707858224	-1.0175135096314334	-0.5603601947400613	-0.8175297409509588	-1.23818671841872	0.8246301209915312	0.7443907705774104
2.0663471703651504	1.8060879331424782	1.7592899652133551	2.867596751570547	2.4365172999482447	2.372256703060432	-0.09721773362402944	-0.5310126427068126	-0.604613369084367	0.9048054784811953	0.5197031013019617	0.08375385612587094	0.013366318996468665	2.122022254967272
-0.2501748027016426	1.5790198047357527	2.4932023941436117	1.5888176354090109	1.1611030589433737	1.3515280349719387	-2.2355467615000832	0.8362941086454408	2.3478298814316356	0.5190878229067575	0.1397638017776839	0.11232106849738725	-0.035075348601213814	1.0842584092687308
-0.6383203579869864	0.032448888278178434	-0.7122755622010553	0.1660411860461672	-0.9665969439053744	0.05212992261902388	-0.3392519609480334	0.7785549162882374	-0.4531218802034479	0.6677293355950341	-0.8865200503344657	0.4879878554845343	0.029459739152018296	-0.4405760093251676
1.683910582043071	1.5255474479659243	1.9829435488693896	1.3559501028566765	1.1379136212961694	1.7513576721990982	-0.6104791768604144	-0.8721811536138667	-0.11097730421051633	-1.4881786056997228	-1.518237533499825	-0.8302814616476308	-0.003357682276999983	2.0495276765896446
1.734677484465126	2.1892400907010017	3.333155837138764	0.38851777889414163	0.9775049215022685	0.7661465954768932	0.5435968850202351	1.9852853958449286	2.9613056608918247	-1.5266602261929774	-0.13324684246390278	-0.9082071915564736	-1.2439948213937229	1.2468678174727892
-0.6131943237146971	0.7962164659344155	-0.09927688281348288	-0.09766720182814786	0.12368872003646415	-0.001961928052114016	-0.9280645859274792	1.3949426795457833	-0.015090269246888279	-0.46738757570745815	0.27903144179737	-0.08612716467762152	0.44869597833967745	-0.13048833746098998
-0.5064893478770782	-1.1803825212777739	-0.612706428499705	-0.22144172690924402	-0.1176680818461171	0.23278271306368037	0.3792831665315887	-0.37772586054459967	0.23543928438758804	0.8349063899766794	1.3806289189210008	1.4999350839038572	-0.6175352473608078	-0.8302399554788527
1.1540130596161913	-0.03045018122262988	-0.9156088210535849	-0.2760917424395611	-0.37415177478939915	0.7557555664713329	2.5057013415918648	0.8283640107415093	-0.8908709129419476	0.051301105896644474	0.24903404917643876	1.681101387175719	-0.4909145129099662	-0.4292856850855422
0.46341729228138107	1.2289148639189376	-0.0998923234849699	1.3147775041793686	0.18580754892505397	0.436152898550029	0.5498390507754221	1.7128513601490059	-0.5238679177333466	1.245749991755389	0.03727094182887052	0.5833603109737342	1.0622471846328088	-0.011245389097027643
0.23465029263324447	-0.21638439873761173	-0.5967386738956969	1.0859273253739046	0.5092105081387899	1.5318244312911342	-0.173185472330667	-1.0485391639213908	-1.729070008915585	0.4706873539749908	0.23490788401738857	2.0960087682096566	1.1243565961789437	0.187867780379434
0.16751751811146032	0.6683858395705401	0.2282722669301318	0.3125451240153312	0.3545380374297802	1.4302552369266603	-1.2952616451337466	0.20364391027360657	-1.4129342536939904	-0.8904498955417779	-0.4093297808227574	0.9525797309393698	-1.202693932772637	0.7867382799609036
-0.6164197104480754	-2.2016668147668206	-0.9768399295415764	-0.4473826745677365	-2.7884091347843505	-1.3868648712314788	0.874306028789073	-0.797810592040021	-0.5285415574781768	1.4543005897335548	-2.0759270296602104	0.03526524367526889	-1.8593065342258277	-1.3511191526976423
1.3957550052882475	1.8706619501678836	2.1707771413836565	1.1992303609130435	1.5289930281638415	1.0947460277711065	-0.5428719051205076	0.4437786280746499	0.8069494766626252	-1.0233625265701538	-0.12736576238288552	-1.2708993396982304	-0.313058060851093	1.6670063854933121
-0.8641796507562142	1.5712311888905774	-0.5660937655214592	0.8591332978677839	0.29180402638067654	0.590848840080249	-1.615353242749737	2.4029511164170123	-1.0779945073852197	0.8144180659143313	0.2811668325521089	0.6828826769159857	0.5788168722197979	0.013697144596410669
2.1873941031261888	1.3525815040853393	0.8520549574359815	1.1029426203350134	1.4073320692940186	1.6832285457004699	1.3766306223853204	0.09618647846956982	-0.8057076385753426	-0.657928945536248	0.18714975360116767	0.2612158934863355	-0.17308960613572696	1.3294875382307427
0.24296056235370989	-0.9044810694685033	-0.02400362844719628	-0.6363867705335312	-0.2471121256921965	0.20219052780692637	0.8365931401680325	-1.003154832017162	0.42283499287150805	-0.8916754440568775	0.09238228693114382	0.47275019373891886	-0.11189682989906499	-0.2802088042783932
-0.6528776804627342	-1.5604844776992248	-0.5242932606057967	-1.792137900882429	-1.1079132008179209	-2.402632502731761	1.0330113759827082	-0.041841399641792454	1.2455945264184685	-0.8358185463789767	0.6894365568384796	-1.9395777235518168	-0.7524569083550768	-1.384888256243134
1.3540671909396897	0.624503771422328	0.8312536488960114	1.584947359792923	1.1349080113861216	1.097269315432397	0.7220776210313747	-0.5439122997773057	-0.1237329822140879	0.6342602149342973	0.3218597951134087	0.19659540602969341	0.6523529936652509	0.8203805525556612
-0.5206902064103547	0.2914716788954118	0.893704397698607	1.4970104025422706	0.3469649612498868	0.43722517326479404	-1.3589617267849312	-0.2481080720775399	0.33134270607129324	0.4513344265320686	0.09348546980219635	0.6269892919030896	1.7340223902221046	0.09353204409751481
-0.2999866498687466	-0.16652694780599425	-0.35280040180876365	0.5666433455205836	0.1512742431823434	-0.5722660277373575	-0.7609322505530736	-0.5406270602989615	-0.8165741075127055	0.3456053134622222	-0.010868849240942691	-1.5088087000096355	0.1172809494846316	0.1343930984764563
-0.38559524878309004	-0.4992223248318061	-0.2738812668114263	-0.5081043771953699	-0.8071398781031437	-0.7268086839505064	-0.48608599484989906	0.046995264967235724	-0.603170911564837	-0.4978463986879126	-0.5843163723189451	-0.8550821695387613	-1.324062449506079	-0.2626069939109318
-0.7608357732117318	-1.3623400751301902	-1.0039992012369976	-1.793949575567648	-0.5030019447129418	-1.0047593212668273	0.038284382598193036	-0.9676677915936462	-0.3277601147280205	-2.0243351589187624	0.4647525049465954	-0.6510059460623047	0.15074173042133138	-0.8118877462582688
0.2997508066051622	0.46112110870467843	0.3256098319938036	1.7035596420190866	1.2325435614516396	0.6725460042462358	-0.3913560302609455	-0.048046510807592153	-0.31647235283703234	1.6872438103404095	1.2375740389156134	-0.06501566647100938	-0.11459022326583305	0.5128670598424003
-0.24673089557095218	0.7143066022494388	-1.9358710471461424	-0.037379224079183704	-1.4142896703927228	-0.8681689424508687	0.9532100909780518	2.4558345269995705	-1.95486080233919	0.6410784512447828	-1.041869026324873	-0.04012556820124321	0.9808302621906977	-0.955360166388443
-1.26224702325551	-1.6655948644711398	-1.4376763665600738	-2.1517138528782307	-1.0486042990754907	-2.7298450849661378	0.40867120268852974	0.6027876930060434	-0.44848124114952015	-0.8164626534196322	1.4199824569072064	-1.6945738903920247	-1.6315251094045362	-1.7009624583938585
-1.6872642472116537	-1.4888706646218415	-0.6800066365375317	-0.7668421173928022	-0.9088175887817448	-1.7900543192909013	-0.9423050385070454	-0.39018344660747734	0.7957421364847036	0.4608175935828512	0.5740342505682844	-1.3237372305375883	-0.3582210619327675	-1.1831163842708017
0.738950908783846	0.9206452580692801	2.538381860173592	1.2738206793818283	2.468942643928648	0.8000478436388205	-0.28145948924023895	-0.16804150847571023	2.2952352222322827	-0.5437399780721677	2.5720418362274913	0.09014142209335986	1.4740907649688406	0.7266520101609382
1.4629115570991846	0.7716756433174484	1.1049558775585697	1.1734532461617466	0.4888998338533649	0.36292345750365385	0.49393537774250895	0.02111798740114451	-0.3422806771304815	0.18238290018556025	-0.546892070491628	-1.1816231671392325	-1.233954199164581	1.005795690709678
-1.4409603921571779	-0.23890309890887296	-1.2293760066377588	-0.9298008959926929	-0.8035764192649668	-2.18745230795996	-0.5150931262573479	1.6782376448672114	-0.1047709316864512	0.17944103548427504	0.7355595054940097	-1.9887622321167402	-0.3041524675187898	-1.1850151923254417
0.0490170972664421	0.265176302857866	0.42711582212345384	0.9474478779994204	-0.31118531821454354	0.9548089761827079	-0.7814197658738761	-0.48117191339846493	-0.14491426223036885	0.20913421647275143	-1.421097307083013	0.6607513909684412	0.7256648905427059	0.4087464727884037
0.7405097740317111	0.9561165182911789	0.7449221989274413	1.532790988610107	1.5232609419836987	1.7755668744780206	-0.4811102884505912	-0.22619665764828717	-0.582521797942283	0.15473818477273135	0.7738775852539052	1.300682117930654	1.0128389845392982	0.8892667159722917
-1.3588540688429205	-0.5163416944588965	-0.6617621932577947	-0.029708520538991756	-2.377520864150186	-0.1611886355398281	-1.2247067734488604	0.5624364329872714	-0.036521078136752455	0.9829988731011697	-2.554386136356458	0.6724867394750608	-0.648812447433253	-0.7240410647646087
-0.32857787824004375	-1.3044299161500332	0.2723449325011247	0.6561337192259751	-0.16572780582973812	-0.1840092114792688	0.5681178416222558	-1.0654152672545814	1.6199387354104182	1.8600787307549893	0.8330201975821765	0.5504139488621388	0.22105155447504146	-0.7093910666922927
0.5400963963107159	-0.48461907390183984	-0.8470017030958811	-1.1321629519412957	-0.1932921966262633	-0.7561045880763748	1.4882760018485262	0.17753301580304606	-0.8035756084427071	-1.2964804335693791	0.6463524060778172	-0.7602203827739193	-0.6753351550800536	-0.4560718523676568
-0.42502621119315626	0.3172162440444992	-0.48514447596340055	1.314448165543068	0.2945698821685923	1.2013030856159235	-1.3624484301213393	-0.1253853248564702	-1.4604046332682865	1.203326838773967	-0.16312924391100306	1.0170310336310617	0.00679180339743927	0.39108907827889344
-0.63384258263907	0.7830594834145564	0.06003576664874549	-0.27728922507947595	0.8613422077840273	-0.6309625353601817	-0.7524647675264456	1.5532921976932308	0.41893566736578225	-0.6501285125816009	1.7019535864780508	-0.8278661876107737	0.6948101823655284	-0.28787787167448764
0.3711058847451625	0.8850691553489308	1.400613891044842	1.0985947970109782	2.2283315697599697	1.0115636701806754	-0.9451684416942664	0.12380985162557757	0.8297549723497797	0.12885017295366677	2.3603605773301277	-0.09351607286810455	-0.3425487026320496	0.8792929848999942
-1.9025340166749958	-2.7460472084705616	-1.587742235139745	-2.476388293658248	-2.0719174241621983	-1.774028983017977	0.06474217770721999	-0.8817315607085588	0.5741325579978828	-0.8476088483045541	0.2148917879150931	0.23998466223490075	-0.7938054376662494	-2.058247184512176
-0.7120416503422544	-2.8404611976136014	-0.2849622127110746	-1.6562183399535684	-1.8837842005645702	-1.4875005012809261	0.9386785706739912	-1.6311340793205842	0.8292673958075641	-0.3338508655390322	-0.34416058719025566	0.09862659561339847	-1.8761924373097791	-1.486542262559295
1.1652560856216723	1.338432650025362	0.2914652100092807	0.8590577720726368	0.9667175957751086	2.663209535932002	-0.21136699023423708	0.06700205701812835	-1.6123938060249219	-1.0785101498225877	-0.5514452688996238	2.0432941759459626	0.2690229685688559	1.2444268221007138
0.761035032645865	1.7845013911918048	2.0561102908933395	0.35711994967347505	2.2219130130419673	0.7447587045813557	-0.7181267877799022	1.422738233118384	1.440224665792044	-1.3631999545088442	2.1292173026729477	-0.8037677523601914	-0.7472310132796941	1.0803046539767134
-0.6719385221726539	0.5799490471769307	0.23254652488215083	-0.27762739873031955	0.15908908982103254	0.007842249557029113	-0.5252255610845508	1.5015697609625036	0.9892804318601053	-0.37369304327571917	0.8206144157994135	0.5392738874882311	0.7232831740935612	-0.46564944421928367
1.0216314473972958	1.9557343054134533	1.111886480980735	0.5425267829421755	1.5633363634493005	0.9611762754876009	-0.40694615930586076	1.6885139170701766	-0.3341452258215169	-1.1121471247199313	0.9891699060607775	-0.4795629546767745	-0.9487022836012542	1.1323664118915981
-1.2991865035268186	-1.5004211816606463	-0.8930665283192382	-0.8878888309491069	-1.075774797239451	-0.6615837986696284	-0.23759892144315872	-0.6123599687636903	0.4817009469266596	0.00967878189628149	0.10538871263296357	0.6939163937367948	0.5677533736133593	-1.246555875125104
0.1760544969297595	0.08782992125268763	-1.5893787630100327	-1.96972467161449	-0.8587450197898576	-0.5284786066007257	2.3179784836683246	2.138618170319555	-0.5734137505428505	-1.6751254325491167	0.5681508420266511	0.9891518287030036	0.507234726920568	-1.296787926323159
1.347951442317073	-0.11100551476288045	-0.027424975097100512	0.3081889805951791	-0.13715317590085518	0.123371180506119	1.5111302399805289	-0.9922524961664013	-0.8010490039265952	-0.7716822486830901	-1.0075631710721475	-0.5631403266796693	0.8070703854322028	0.32293190585051973
0.14146012647953787	-1.6987509437852462	-0.4876934888555999	-0.6985383731579351	-1.0133178096261515	-1.333171672406644	1.6351016285746676	-1.440669671799079	0.6397557525648343	-0.11804138892281904	-0.29744652589472687	-1.072255951205249	0.24699604438568223	-0.8837483495829352
0.09134864985229785	-0.8935835211162824	1.5930420987274672	0.5440696427055065	-0.08269945242792959	1.0406156851507093	-0.9526122130992764	-1.7364192164692789	1.0032978103231955	0.055623127248737345	-0.5895108146580122	0.9636432312927322	-1.6128125848833172	0.4708305257419485
-0.9908369332017702	0.6723008751155726	0.07950573403894123	-0.18406267560477835	-0.4862116514415946	0.7789947083264755	-1.284286812188282	1.4256488723778118	0.5018778428910633	-0.45340222453821016	-0.48334902611092206	1.6036767515682295	0.7394522563624927	-0.33097889958361304
-1.5488388611242576	-2.065399011914248	-2.5146808150009594	-1.728824824214627	-1.719319490563255	-1.1750679843051568	0.14461480103571406	-0.8150928998850312	-1.5569874081526467	-0.8149706879099562	-0.18863262259244526	0.8090685329062096	0.9788261786591137	-1.772108507715052
0.6897413200318729	0.3859808158927064	-0.9243408798798567	0.747536787580803	0.07450119419251718	0.8467437655557586	0.8404793192916488	0.6547839406087367	-1.8020698210498551	0.8839723600002185	0.1273159689885652	0.9578122607395918	-0.5339017390994945	0.0998907993473633
1.26720404880976	-0.1556866389017879	1.6125417164341764	2.501113143305744	1.2102772143771823	0.5556076494771425	-0.5187722596543007	-2.6990551625809434	0.11458658690605977	1.3814506141485805	-0.4240386982213604	-1.9334972505843042	-0.30636004874920014	1.5250184683966181
0.1299957699468819	-0.5600323814522788	-0.4605580744254313	-0.9501610741377766	-0.887803338069094	-1.6257186906682697	1.1785320644211186	0.7156010409699756	-0.05644566947848345	-0.44685045545521757	0.06891167716015449	-1.5823218390176441	-1.2502890236985476	-0.7393352012945547
0.7830762786088923	0.05075057837585114	0.8450735221427564	-1.1021777074365986	-0.23056493420744642	0.6259280595702572	1.1681668806053003	-0.005653702025333457	1.2927578447151507	-2.2613616043680334	-0.47453301893046174	0.5967233345905847	-0.07129683931654515	0.06840216745436024
0.27090018649040104	-0.38831122335069895	0.7378209019055213	1.0544170438984266	-0.43307924910090456	0.6925345311145782	0.1754148687577972	-0.42873134699727955	0.9131602241857737	1.5477143366694548	-0.5376269349065795	0.8683731294607007	-0.8619786755790053	0.04132331996346984
1.2557805213717603	1.868668827462972	1.5409477922713566	1.7873441830418302	2.0130236822815517	2.029209993057247	-0.7646583248541234	0.25489771929639576	-0.2583231493853218	-0.2161216078321253	0.4955657740946621	0.22830989677781974	0.11133892645767131	1.6934624105936003
-1.6195836458203157	-1.1566081926937815	-1.5787488776985628	-0.32900441083973264	-0.5983175078362714	-1.673364953479227	-0.4150054995032186	0.2883323347530576	-0.35866772192063595	1.1991844953272015	1.244716098990726	-0.5479872356013274	0.7833668029201257	-1.4862809541296411
-0.8576328318386125	-0.6893735426418058	-0.8167594531072755	-0.7119849742725305	-0.4641677933280797	-1.479400495135228	0.018624789031621822	0.18698838901662115	-0.04573292046244324	-0.45815919033391733	0.6245195846729095	-0.9406675965986275	1.057883837469634	-1.0131433435457053
1.203567005701592	0.981510112031114	-0.1080808409454238	0.7458392181034061	1.0024128312357437	-0.009729184419025594	1.2178748050737365	0.8188979976566085	-0.9139465006646273	0.0482503790416958	0.8596579211409905	-0.97080675585284	0.4759431905478278	0.39498267532758335
-1.9095022237945272	-0.9993878487477185	-2.354740661124696	-1.476542716781145	-1.9886449028085673	-1.4550504365363504	-1.0242035051430982	0.3573815637874125	-1.9766679740547592	-1.1365083787027388	-1.2042784336661294	-0.129609396976447	1.18948136424535	-1.451713059869236
1.4589078900799335	1.3932036398570606	0.8239523466080984	0.8862223308708211	1.5244613459408995	1.8316905721785084	0.33043354419551313	0.5993548242671013	-0.6995420625014631	-0.6347691517982925	0.8038253360334177	0.8494186926260531	-0.6403658158945672	1.1616639084757132
0.6505939751751997	1.6104142714202128	1.7127183034787787	2.318279568472689	1.7235610536495212	1.7261151442130287	-1.6164311741123931	-0.04832380452244893	0.20551606977133963	0.748385930328332	0.1471422766883261	0.01901172226211588	0.5007330835325682	1.5392619374271683
-1.2006720389841528	-0.7326194231158253	-1.5359264827999608	-1.9180352208073501	-2.225663668912097	-1.0657840888998258	0.49511069593439994	1.2135855015230042	-0.060648575652996375	-1.212991620871623	-1.253178443669448	0.6571459293835239	0.7369956394268119	-1.60816985191499
-0.04235703912091754	0.3057124879548149	-0.16004822737509827	1.905185589326477	2.0899376030240315	0.7442576548877778	-0.7214623355440752	-0.3905627878549801	-1.616495658507797	0.9171527625122804	2.8442185280375694	0.9926864456552402	1.7645137544957286	0.18714740976865724
-0.8870841780193767	-0.9080314366979509	0.9250385792197321	-0.12843277129087805	0.7562711163589224	-1.0158491306295545	-0.7094773044034741	-0.9673774276050457	1.7381869825625025	-0.8391965862182489	2.0204439464836823	-0.5776329316385275	1.6395862622398407	-0.6555222325828918
1.2994099929639975	1.9365739613658735	2.2860469020133904	1.4718963727132095	1.905984820516679	2.6289911881667862	-0.31468305687353854	0.7101015396425021	1.3750824571860683	-0.4585866803270806	0.6681852770076465	1.7628895410422774	0.5492133173733208	1.400670374105708
0.35185562275122784	-0.8829704819989107	-0.2711757394197638	0.26550516731224816	0.2561144818520085	1.5364675921615614	0.48343075756348597	-1.4080857253212782	-0.5000296523324795	0.1619929774344577	0.48936215816416806	2.2143477137975847	-0.26472576387182006	0.014826105968220142
-1.6210775165177056	-1.661524972183305	-1.3634163905919154	-0.47509265321787525	-1.4115667420464124	-0.8563568695160793	-0.6807468291344279	-0.8435125058317078	-0.3332424458805045	0.5844002073451822	-0.3802679205195679	0.6260279018275713	0.9579658591023335	-1.347010640504747
-0.9822528964790271	-0.7698596433550182	-0.6177745106567997	-0.7999714200769017	-1.282405022605115	-1.0955725407661632	-0.020675751833767075	0.34182612550670366	0.5909765240396228	-0.04172073684246013	-0.5124162900341382	-0.5386048071562642	-0.012810362504830617	-0.9723932461580743
1.947443018063787	1.793974365653578	1.9531282125408773	1.9813971753800015	2.127954621164335	1.0504884195034832	1.2980761901853932	1.040087521725652	1.340428825780797	1.0166458474431845	1.5968161273900003	-0.4901613868238026	0.1195458999155598	1.1460126726350748
0.22580875375526324	1.3913568671098766	-0.4136149769137132	1.449497457835152	0.19454131975942107	-0.553496224206352	-0.029800013216206872	1.8008697285727644	-1.2274851910380549	1.290886848254517	-0.131791110918405	-1.2520720692293628	1.0569609849123267	0.09944283298375255
2.4863990355569094	1.7120203359188342	1.0634280070594515	2.0093943668343384	1.9483201769858907	1.2144757613662682	1.4621941654126942	0.8200719350449797	-1.1078248283962833	0.8221138201821999	1.1307105445759555	-0.5292340251163042	-1.170547409092862	1.454086656710419
-2.003951758262014	-1.2059104162908356	-2.0720068804330634	-0.29777019331587373	-2.004706338199061	-1.8264033182586699	-0.40873387328530714	0.7228403481978418	-0.98383067628009	1.2195063326997309	-0.434857723085424	0.17814340762650796	1.5195738093549962	-1.94352938708054
-0.17062750982927594	0.6564013377861251	0.7439937296411703	0.6514575632113772	0.45338316668349377	0.9561490016844352	-0.9625472352413436	0.41439504802848764	0.5892628930338624	0.07124164893869686	0.0760802888954286	0.6141116066453144	0.09582377078914975	0.38859955481120256
-1.4683720052922766	-1.4475147703140996	-1.409336704898032	-0.8955101985189192	-1.6935992069708568	-2.699410760735787	0.661897931615724	0.6478055900919358	0.7879314825716852	1.1480200308601403	0.25214665766253513	-1.4910026702590238	0.6432223782831783	-1.9648426000258967
1.7203972339184244	0.3130555851038552	2.062029487668225	1.8784062200415979	1.0263963528501043	2.4068761896666455	0.6462573871468265	-1.7054901991428308	1.2638075788407463	0.5625795594271918	-0.5161107283356205	1.5262236835253464	0.20508275928471617	1.2953331527326104
1.446548153503914	0.26542404225449096	-0.6067838058731101	-0.4258195330502432	-0.5804880958899689	-0.38485242303228206	1.890489270764858	0.07134102688270438	-1.47965086955216	-1.4226699384991752	-1.3392422524233483	-1.415255128666391	-0.2361633301561461	0.26985209215609757
0.5894338132769803	-0.7569720573305916	-1.2185505019411784	-0.501925502026903	0.913232769842327	-0.5108618740070753	1.7915977437123416	-0.4703721360804594	-1.1623995333644856	-0.40381827802444414	2.315988995796709	-0.24983770086435278	0.3651298075958035	-0.5477747372014766
-0.23789192757670247	0.01825353341173136	0.205885427022386	0.511541364606847	-0.6172550239528494	0.9187621938121447	0.1825700648366565	0.4878301622725965	0.7585837279946974	0.6664127355664871	-0.49934062366696536	2.2124207162753997	1.1131058398734843	-0.4970657319265234
-1.7456511423832362	-1.9093512124106802	-0.6241991998437134	-1.5818407688911789	-1.6638009638289588	-1.2449895262485189	-1.0361015218561436	-0.8503167161097475	0.818226428586202	-0.71950647341987	-0.4678463977275389	-0.24122051289847174	-0.79233533912332	-1.2406941149201678
-2.7088646653276953	-2.885662064421072	-2.7766205906547445	-2.8378277994887338	-3.3006737719745827	-2.873086494012229	-0.02481612153912274	-0.37969009231652684	-0.1318047506707635	-0.747272082773317	-1.0505824954648173	-0.36542738732789815	0.7270492102922758	-2.803257851089611
-0.40808895392688993	0.21767429370255884	0.4165866545624891	0.8912435762372201	0.9092315898344445	0.5694643916348227	-0.7476614947206339	0.0993920077542628	0.17651708718530895	0.220451932778349	1.4215319621918996	1.1665059027563305	1.506571689452129	-0.14327524884042467
-0.0904573292425779	-0.16762253584497133	-0.8488542393395727	0.7623907368774964	-0.8250978464403762	-0.6984821049293137	0.31268944038705465	0.6550061294687304	-0.9744111538758575	1.7856125148247377	-0.4699918183509954	-0.7301480893786363	-0.8160901688565099	-0.3974081797549076
-0.09768655391446647	-0.3631772179092275	-0.8395456270649991	-0.345558119034417	0.5256335504600111	-0.857097263572418	-0.23088154942188058	-0.5940200196614164	-1.4337983007757524	-0.9003897412740973	0.887229238673127	-1.788885685145959	-0.12248919473686476	0.017732632834995255
0.2126106736844465	0.22082287117533966	0.10173695043308528	-0.41265466713689025	-0.7595569446484558	0.3187385884863704	0.5327697515723765	0.8278101310928239	0.4033261237360551	-0.5921585592677582	-0.811623387075184	0.5383682351657888	-0.46333920212925744	-0.18319536705450312
-2.415943894130721	-1.2169142721800277	-1.682284496360399	-1.271831740541998	-2.0557894406679527	-1.197691515734412	-2.0090066554274517	-0.092220716265559	-0.8305247507387212	-0.6901115316735739	-1.4549366458676187	0.015796026485519955	0.8715655830639187	-1.335894959033476
-0.9854818347158848	-0.8272985643858131	0.1325480494811968	-0.5345060571448175	-0.5989519774251538	-0.8937468680035394	-0.14470555269453886	0.3901192599630206	1.7753548308604388	0.5161335843476985	0.7658409163980794	-0.1698818106620187	-0.4452652308441238	-0.9723170741948006
0.7038453295707102	0.5864930995437314	0.342724533717195	-0.06192002721268741	0.7358110853729625	1.1170535307245366	-0.03004998948285716	0.5157383037328657	-0.9651746113312226	-1.104789029105099	0.6362088270971061	0.8768983185022161	-1.363839026327001	0.5498179225694122
0.38761724130449615	-0.8141115892255225	1.695780278811113	0.6050814068070545	-0.5518189440034196	0.3943535385453675	0.04089757437002133	-2.0470393982559645	2.167780845238316	-0.19853585109479688	-1.5717835762367134	0.05612414781156534	0.8936986280142939	0.23537232412519726
-3.2992291401765215	-1.6885191436634606	-2.363302903331812	-0.8362710322952316	-1.8803286035329025	-3.002579877030458	-2.0227947274537064	0.5971192657599979	-0.4663689380838571	1.5588781275312458	0.30094348387888054	-1.582405917459383	0.7579647518359991	-2.198383653486659
-0.6602858186267782	-1.5641432324208724	-1.1914756420260542	-2.3820924065404028	-2.2594574841210173	-1.4541671990575171	0.9689084121751282	-0.09555450718664747	0.07937832880338752	-1.8680914245746356	-1.2781386491562643	-0.4072450888637119	-0.7603727401066667	-1.3547359800875507
-0.5217841123957756	-0.8430115792653613	-0.7978152522288023	0.6389363824922685	-1.0745160684607462	1.0090685878111523	-0.8435004133222479	-1.4664689903273893	-1.3637681562741295	0.4788033826320889	-1.8121790665870012	1.718921991993316	0.9097305614950092	-0.14507629736792965
1.4211077722882526	0.9696427324254002	1.2356051404732946	2.3076962413239874	1.5335766461125246	1.8087491299411658	-0.05500172144633691	-0.8075786765294405	-0.35499862211979116	1.0890380331324392	0.1323125004501288	0.2673214416872409	0.028754971367840894	1.4484389440694962
-0.33330885249134407	-1.1088088948630377	0.28254257449722164	-0.5607965588361424	-0.2631887752122193	-1.0772724862932879	0.43194487140398063	-0.865080688274698	1.5017364374035416	-0.2904090721025774	0.5445781718063497	-1.0828380318177409	0.1739540373404712	-0.6245512893663133
-0.045443756836348825	0.4379113879344852	0.4948363672369683	0.9471377814125017	1.3885826240827854	1.5666758046428204	-1.4260557052837108	-0.23041163801338796	-0.5023498635709335	0.22567921417146508	1.3382663660212626	1.1672634433511444	-0.6620841506470396	0.7085752008719259
-0.047151880860116346	0.8736722088505735	1.0525420213576184	0.6544353594575546	0.0982080111971213	0.1983818104577242	-0.7988077201327409	0.6382233732023265	0.9453635705166	-0.2843304086423092	-0.6055329173634536	-0.35105036213013663	0.9721530160789018	0.2963075817133972
-0.04761794064484172	0.26777597756280136	0.7655192187271138	0.4437919279258359	-0.19185627922104423	-0.4788769008675432	0.18108179842120697	0.6924947539635918	1.5947785153852152	0.6332906150771561	-0.07172248825393288	-0.7610174928579077	0.32149251680477764	-0.21201937817630925
-0.04309762540853024	1.1562520617521352	0.7221396714179098	1.350190319494031	1.8232164207752133	0.37082225415868575	-2.028296045817634	-0.23244712121686634	-1.2347308081605568	-0.953501541549238	1.0600465786945192	-1.0369263232377819	1.5422519413078322	0.9872699462206884
0.7240193639745365	-0.10431435313323706	0.9505889747078893	0.32541277109128147	-1.4831235196049928	1.4205422878679017	0.48843739515617	-0.9895552349307851	0.7780986827897503	-0.8297051576606316	-3.23909814146836	1.687196179922038	0.9706961716904283	0.29527955348714835
-0.3453787350747385	0.47541437817044374	-0.11092288028293787	0.38930187210054473	-0.40168536322871123	0.12941883259368875	-0.9222588997945024	0.44398908497649947	-0.5017298753542144	-0.03479464139582065	-1.0177782421661694	-0.4289089205720974	0.10570241095685938	0.18788044499317222
2.4201730252815583	0.5320030406519598	3.0607710444639	1.7688218015181674	1.1994478863270588	0.7078431199227114	1.098298821623187	-0.8859571129580087	0.8070148498034057	0.3766649105139961	-0.2891607045192585	-1.1370873329107263	-2.2955185799374433	1.5226810244142537
0.6582367147796224	1.526973643082247	1.2180696168355993	-0.21070064351684803	0.5323623661196011	0.7502131251623945	-0.07259691437402936	1.3739194474249627	0.8873924944258195	-1.8570485369124718	-0.28372029694361717	-0.22131069786331625	0.09372333593449984	0.6838773074403695
0.3627642402423599	0.1618810584241558	-0.761817112988224	0.7583706526278791	0.9297646454526344	-0.4221372838622519	0.9528917189949387	0.617938261850452	-0.9118236384674501	1.2786016029558076	1.8977457570073757	-0.6785705719716779	0.03011188151666696	-0.21490427498944878
1.0113956898769763	1.59509302766991	0.21385114034318342	1.599477322428438	1.3048314558998262	1.1530901026548965	-0.08409495428852165	0.8602290406950556	-1.3587608751596394	0.49038464843233376	0.3822524656417398	-0.01578936090211301	0.4724262637560364	0.9844703505016694
-0.48649066963622584	-0.5952141088050437	-1.1702704949195621	0.09073349029472938	-1.4949066566578568	-0.5955636667010629	0.0683415024350042	-0.16753625821986984	-1.0542767401545674	0.542154583897826	-1.6494366609320115	-0.19687919261682313	0.6869211470955074	-0.6320765832922233
0.15401997013710708	-0.9138180920923131	-0.23527506086848687	0.28237758028003845	0.027900116526160867	-0.9399668689160896	0.20820281030832163	-1.1154167761448932	-0.45373793562009757	0.46408082294709097	0.4278098655620382	-1.6567052477362603	-0.7875086929977383	-0.08706628780582953
1.3524340963557158	0.9538934311512052	1.4287956224565685	2.3733469618130454	0.7029712607167118	0.6096528461339161	0.7636955551864961	0.3172141353186244	0.9501895171102944	2.331228503951346	-0.10339369993682353	-0.6867075977425251	-0.35181266200486083	0.8339274823610027
-1.134758763022492	-0.062108336074147674	-0.8296626061070469	-0.49169285906046306	-1.1249237941237984	-0.8790851274716587	-0.6767144886562428	1.059854094424739	-0.14470091237891722	-0.08133630243903096	-0.6958131411581862	-0.3446124690267839	0.6609151026052955	-0.8302038132500502
0.8141298756987645	-0.5092634901728649	1.137333917953737	0.45987301343457987	1.0592794195552453	1.2155752255529428	0.49387432340299786	-1.4107638384267767	1.084529396177515	-0.16419026443252122	1.1966750848888916	1.0050246298309062	-0.4985526209570198	0.43690533707460505
-1.4611111827011323	-2.154426761294186	-1.166252342633325	-1.4300067998207098	-2.093880014404699	-1.5289577704701747	0.17996846332099506	-0.7277655591326357	0.7301020232389195	0.12238306739947705	-0.6304886190961286	-0.126488528627005	-0.4040295051543605	-1.6369615247837321
0.1744938324728742	0.20565604312399444	-0.7399366824154362	0.08226556567140386	-0.331881858871991	0.09299233535456275	1.236430212356833	1.2269893305607282	-0.28412576135831974	0.5710573226885579	0.35259244950836793	1.037125047512367	0.7353330577288095	-0.6776041667582045
0.6648141432337562	-0.7237700874727808	0.075689720363799	-0.3012954303047317	-1.0459523180930952	-1.4906522645231066	1.8999830054109177	-0.4862564918021601	0.8978799748353106	-0.2606215350879081	-0.9948581650267182	-1.7253514270291714	0.8080416193803808	-0.593624516267561
-2.4875526889704105	-1.2945780620631218	-1.8861958450310816	-1.972613652463901	-1.6347204698744475	-1.9833988327595562	-0.7659217007603241	1.217213142976432	0.28172469056448607	-0.2523441219569976	0.6506680190405219	-0.1962672260931044	0.18634980886975636	-2.0621759096229324
-1.4580612230462657	-1.1807298566697495	-1.241844981294866	-1.2504571262643247	-0.705535536695193	-0.2176370509433614	-1.308063311368751	-0.36223620270539814	-0.9799078233500979	-0.9024818295906681	0.3978925933928986	0.7403725164896674	-0.8406861074869524	-0.79525091354912
-0.7478272946647921	-1.5568840419967498	-0.5478668056921637	-0.4748119189248168	-0.28622353549469526	-1.2828833551143806	-0.1942292285281551	-1.615534758365906	0.1165505981913719	-0.29320991008356573	0.5312585686581741	-1.1161843761675556	0.8143725685410487	-0.7504377006854159
0.03360102321752467	-0.9591851977569039	-0.5342061588211369	-1.0543633311735703	-0.7560428821691871	-1.253104914641376	1.2719109583115193	0.3952411462016421	-0.06942588850057109	-0.3227121514941738	0.5839019550554687	-0.6181034630083615	-1.4413645455672344	-0.9080569763644423
0.20220352698857885	1.036495361060289	-0.6014517116435356	-0.6577781967011517	0.1691775191753937	-0.06409192720338819	-0.10686964457580075	1.218208326193596	-1.4515246519649097	-2.0663614006918247	-0.20330062684805078	-0.6023770987816969	0.7635594258538188	0.15285848017336748
2.2170857857288206	3.8148097876549674	2.059741604145449	2.7296446463142714	1.965912356804181	3.3213781066351586	0.03647620572755293	2.9441398411562387	-0.166905630553821	0.7788924363409631	-0.14085094543830273	1.6816497064793545	-0.39877444199453527	2.128080771360131
-0.5986316220919516	-0.18976364329482343	-0.7348185610093925	-0.1358989075323658	-1.9485812255988388	-2.106930940444191	0.4138274066305759	0.8797283152891476	-0.35125996558860456	-0.1527834050892722	-1.8502928468378856	-1.7701578745351383	1.6034900335120437	-1.0382986391707207
0.08146134250814024	-0.9050844806574494	0.3524268305931806	0.6390611767349269	0.5504446359234125	0.3179692075245705	-0.26319552254040285	-1.509016362104819	0.20777314879933956	0.6693838700202447	0.8999598896806129	0.04382303427695801	-0.6777894648623219	0.13588322957790633
0.9402842399171574	0.5638987915191701	0.5735578772767194	1.6121299083892073	1.296963269751731	0.4667540805840585	1.0954465235190316	0.2628069415889438	-0.007665082077064408	0.9517846380161965	1.6691074946504993	0.612919572307837	1.5534284502450895	0.09552893651678593
0.7715852745800652	-0.19956163445927305	0.3970299793488937	0.3673062534983864	-0.5608398815579028	-0.22578758556658046	0.843734156322617	-0.1167581301272425	0.008585732877583645	0.32989121874578703	-0.8061501058140231	-0.6810271736921473	-1.1902445030309536	0.10854214422326319
-0.8233343784321235	0.5533816347876108	0.6002640543496827	1.5719518504444625	0.02076457291315154	0.752065347805642	-1.4092913494222852	0.7307641934957779	0.6823612033700878	1.6443851277518389	-0.046367174097429735	1.4018095664207126	1.2934866528098814	-0.1437742118718322
-1.2467426317990586	-0.7468751325399446	-1.6175138818634802	-0.660497221133469	0.4308205985405922	-1.2741755898216902	-0.5776744779991163	0.11457825707297076	-1.42602853926077	-0.4639797090119405	2.17107245819879	-0.4720360315661826	1.2201573733452602	-1.0596535614527791
-1.4920899911446706	-1.9854214380562762	-1.811537051598154	-1.2638673742900024	-2.1177974677264486	-1.4364415885248367	0.45445466210757673	-0.19847825747780085	-0.022638429975755534	0.6597030765107745	-0.42018668747297255	0.3053896543831415	-0.2693519674274411	-1.8124640900841074
-1.2005979922087706	-1.5854245396222413	-0.47575797030351047	-0.5595466399017022	-0.6457685504545387	-0.8583417333833632	-0.7235355644124257	-0.8216829678901602	0.40265656106303	0.44092540557955057	0.6977798169767995	-0.1209213405444325	-0.9578457599259546	-0.9008456069029543
-0.38470173535276087	-0.278658917459134	0.1317726858450761	0.8203762269884635	-0.5362735630479001	0.18262904671698932	-0.8593618231494384	-0.5048054465651507	0.05784949716134813	0.9813552309215778	-0.9354267016255251	-0.15056876953616893	-0.28370478200758353	0.08096530688147313
0.32367992936941803	0.48444044211246867	1.6088148422795197	0.05311225806484343	1.4980329747314058	1.536960437973685	-0.39079667237908033	-0.12361347305994504	1.7716523822887909	-1.1766305517031859	1.5657253740183106	1.3209168875524986	0.06863653980773049	0.5448812179868896
-0.843265562649308	-1.45723209975763	-0.41330085436920755	-0.9383707183814174	-0.6535653894375232	-0.3268998443942477	-0.152145223871804	-1.154004206684541	0.5747367725202444	-0.6227414923520314	0.18543842375166322	0.38592948614138567	-0.03238453145048869	-0.7583526694568077
-0.6231057701868559	-0.20536099510749584	-1.5146690893892074	-0.8764854427394313	-0.2716809029749011	-0.46833097068145313	-0.5811622375605463	0.7910209265424636	-2.302137491805115	-0.834271089884706	0.5852890674205021	-0.16861921858214066	-1.2271174782377072	-0.4345500553854325
-0.7262737521333065	-0.9713490891885355	-0.13420595477884262	-0.7929259952512518	0.22146495837969593	0.4033150197776231	-0.9192821620339854	-1.3501903997449711	0.12587100063909581	-1.4189704056584418	0.6417194374939401	0.7733770414523129	0.4132159525243024	-0.2438780398464134
-1.505939436310908	-1.5663665163101892	-1.348200442301084	-1.0454253316514353	-2.673186332926699	-3.0986787640253453	0.2410384805559441	-0.10740620519222924	-0.18759525510799246	-0.5860370869225839	-1.6937987039191396	-2.0135290125712793	1.7575362896524358	-1.8534300511253388
1.731334573415145	1.5776281484449033	0.6537735980834907	0.441576059680745	-0.11059475999765334	0.9799347586569873	1.0745387731252234	1.1267819377162085	-0.6709539418108966	-1.137056340040598	-1.6942779079788537	-0.3306116123681128	-0.5118966779144267	1.0039383213980635
-0.7840279948129749	0.1280228227520339	-0.40071485065791623	-0.07182186615086125	-0.23649364353436148	-0.7820570882208309	-1.3252396303982212	0.3134653793176639	-0.6411161631777595	-0.3583447256531956	-0.29441668094258205	-1.5928114719384743	-0.18560649095273282	-0.022935106648017872
0.5029340748099168	1.3811163412862304	1.9625485139752148	-0.24775691282071066	0.034926082011236814	0.6963343290288095	-0.7672506351264495	1.7790576411247838	0.5562775212923927	-1.6802288785728343	-0.8831823071032265	0.10544996956617157	-2.11256602269533	0.7361949611504262
1.327792170297327	0.7870274471728304	1.4419326902397158	1.005842160054851	0.7891187319152415	0.6127471824828726	0.6974523639547363	0.4700153950653476	0.6555543846286779	0.32898060470654067	0.37926182230158595	-0.34172259685076367	-1.2227620980984102	0.7495706297533039
-0.3422354251285946	-0.4556378038954655	-0.6339061652724467	0.06299549707642967	-0.6145590145004219	-0.6804827347871876	-0.6967660526489267	-0.4301974586041602	-1.1956497523025502	0.02021743712697634	-0.7212684312899756	-1.3025455464729825	-0.7864738917717156	-0.04022455037862629
-0.09963455212257451	-0.0877673785984688	0.451351289287231	-0.658678935087475	-0.7711949600189398	0.3962952614724413	0.13112299379284814	0.13645046955622175	1.1079948069921461	-1.1679569072933114	-1.0007150522640185	0.735251252129116	0.32404453085872703	-0.23444656650394724
0.2893866392022021	0.24277819020491465	-0.4698195717711118	-0.0150500438129888	-0.554998676801687	-0.7191527824864683	0.9699379177639077	0.8577831725739227	-0.24677539486602038	0.0393045842512349	-0.46386156057599537	-0.8582714133379442	0.5262086329230812	-0.3771334399240552
1.2018622525380125	1.0495205916407744	0.9738147124050227	1.7852760037351805	1.0453640328306555	0.5740186458174994	-0.02462180468624851	-0.48393044758578235	-0.896938474060773	-0.3162075139796141	-0.3062098630901197	-0.7641654498555892	1.5538001154138352	1.0291188371094768
0.17011892005602808	-0.79670958335192	0.29285502159821436	-1.3633109707832067	0.2037762684516049	0.35095877319389934	0.9782653723446473	-0.5426603601653899	1.2200040249038997	-1.8234565750506126	1.1246631780318725	0.9933300726694534	-0.14017956039130447	-0.44307745517442526
-0.6243493620285374	-0.7707498804358985	-1.2324491890586444	-0.3174146214162012	-0.5100044984633397	-0.15957306876153418	-0.2659157693781608	-0.4042538514982999	-1.2376529615909517	0.013693646773110938	0.030074342775696553	0.2306779095437038	-0.1646057381366989	-0.4952764219095789
-1.041220370642811	-1.7096535106740558	-0.2268715856178205	-0.6489895581302063	-1.6417578717049732	0.16136086798974325	-0.7297511259791132	-1.8620182065877535	0.6868055450215607	-0.45318422960782	-1.7461100411051815	1.0679648542854827	0.36794557768391745	-0.6660317022581872
1.869857816975405	1.3417533347203947	0.5396332512015998	2.311945022237237	1.0064481172321134	0.2255389173112725	0.6307054173564087	0.31098891431417636	-1.684720691999153	1.4736643278276687	-0.29950272114215154	-2.0623824657824716	-0.9921556223618276	1.3535911106042544
1.3987500819606515	1.0100359701296904	0.8947820052328797	0.3709765197152751	1.7220682101032878	0.9943495191366181	0.5643342595680163	-0.11714037817476843	-0.22601384404333746	-1.569292288143447	1.0772305386977739	-0.2598608276289841	0.5187235979890041	0.9765754774367507
0.23624558522722844	0.8030365661443059	1.3356343076622315	0.9899785494978348	0.669446635921082	0.18226476287485338	-0.7395251258555484	0.14006379828836246	1.0883248572952637	-0.008232966552597037	-0.05878650901310672	-0.8821802697951293	0.7611618857508216	0.566765910021124
2.547675488633815	1.3830584623464364	1.6674924930907806	3.3205815713119646	1.5064766281184567	0.9501283678452901	1.4554064293861908	-0.5730956922258053	-0.07146641990710019	2.13182886464969	-0.3273617390620511	-1.19648985734357	0.909001634184517	1.5451155508450163
0.9473313312199914	-0.15750831009003502	1.342084051663343	0.8602882874927873	0.28315490556049394	1.5256153777121089	1.0843737121964676	-0.6878181650873307	1.77223853069003	0.6733525507124098	0.04655353604150611	1.7504556468458057	-0.10645834270360932	0.27647425750308524
0.5768347384482021	0.9892315211955485	2.4663544714916434	0.7540338177421981	1.677972256344776	0.06909098683916459	-1.295237778890643	0.40477089531127025	0.9415257120673789	-0.6859825004782083	1.2101941565754675	-1.6555147189907966	-1.9546588971203613	1.1373007634328587
0.2551048205413858	-0.5304743387836581	-0.6134313062605841	-0.2264990812092236	-0.07711912128610976	-0.8644308703979793	1.2240194356670806	-0.13822914352645588	-0.20326842020097813	-0.06101285988954462	0.6340027209163513	-0.7305118921790701	0.6741636949508626	-0.5823695916579572
-0.7043417480764935	-0.6310180645093009	-0.7890540488855814	-0.561073255159339	-0.76274634773999	-0.47462462449892506	-0.11866395578559924	-0.04071059028951212	-0.2246109925079354	-0.3335359270497318	-0.24803961714877254	0.14866738755542014	0.6073372478400079	-0.7280591599035952
0.24847556295714823	-1.3753943503505766	0.034595024384405815	-0.12216775246020009	-0.47334776787193855	0.8558275829542945	1.1544532857561318	-1.6487617369560121	0.7119809805418246	-0.11418280593472928	-0.09746992207781428	2.202776587030298	0.9666033874517007	-0.5794579856673094
-1.992600723544616	-2.7811207188664113	0.010580430460031542	-0.3436466461365818	-0.8783026153157286	-1.4393356964889836	-1.5141023617874936	-1.8033533096302976	0.8790605280507142	1.5524512509207107	1.0128019418111387	-0.09447922001348467	-1.9821894032464924	-1.302670852438934
1.1575484164641314	1.3485198643306844	0.8638642558604814	0.9009373812522168	1.2184080658561705	0.38589777087894184	0.2814349558539342	0.9228225773694948	-0.16109655895993474	-0.1971890453091585	0.6974192623035401	-1.147206993003004	-0.538498611764731	0.9025260402619338
0.3096387045965232	-0.5955134542851106	-0.9661278819654442	-0.025817967420918325	-1.7093937942008566	-0.7947669716422049	1.7408505680760287	0.06237691872059087	-0.7268438765848335	0.15242622182151838	-1.66288008115435	0.12338127428564828	1.3744085129472405	-0.9078213081069132
1.0362728673407005	0.6668419462263031	-0.17927088171422512	1.5866565621886815	-0.33292704211856394	1.122797879153626	0.8096858794175072	0.11387806377831294	-1.2566162968338743	1.145017275374288	-1.518138990627925	0.944063151145962	0.861827226910746	0.4261496625771662
0.36227777929531524	-0.30829159307696985	0.02283290568529439	-1.2033015987292741	-0.056950780860544635	0.6133494669821812	0.12041380078950074	-0.16431202130520334	-0.9423170076189332	-2.245787468425135	0.06822029222789004	0.8481577268438455	-1.5590379920614652	0.10210321811844522
-0.09056951284113228	0.3923408603355213	0.8865691134528573	0.2885750216951819	-0.47513906903665454	-0.0993548855084607	0.013365162924642154	0.7963856183543102	1.7005390382501053	0.2583699626756945	-0.6457043350739541	-0.19362478410815917	0.406828084170738	-0.16685612751121243
0.002400214845669324	1.8874054703926086	1.2722625421524514	1.854717561050458	0.9584636589208995	0.7841429351955882	-1.1245870952464934	1.8374691272821073	0.610682072168354	0.8725933659714897	0.43428524614810765	0.42492062367278605	1.4244709428318845	0.5000298054569674
-0.5038805644112069	-0.570357916899863	-0.15895801633604922	-0.5741201848306206	-1.5003182779572841	-0.7590990052473329	0.9835365557640202	0.8391811304196257	1.6080703758209165	0.4459731695708446	-0.7031245915162132	0.4077824722910252	0.518214461704821	-1.1775094874926026
0.6013736979218808	-0.8142727198942823	-0.8085012195956124	0.0517376880436405	-0.6492898804208136	0.7357210165742003	1.4777274149520718	-0.91063928864745	-0.8178688169875226	0.1547086187309909	-0.6297202956170735	1.5353789781256233	0.47663150596278475	-0.3632154478983693
0.4826571695613867	-0.8755059623963536	-0.3390601088896049	0.052968154419385224	-1.2752551112579171	0.5597991736656555	0.9778384674926285	-0.8955164010664536	-0.36854082507386055	0.25926072333852956	-1.577565199069369	1.0130122251771754	-0.6624553925015637	-0.20570504325616876
0.6774234077351609	0.23637117970793642	0.4627205404063428	1.4453428029826605	-0.15238175578734003	1.6054758461420264	0.5292056689076577	-0.06780997174752001	0.22119262891243135	1.6064699186870124	-0.7163014295977371	1.8160633988581107	-0.21745313541176867	0.32054778983880217
-1.4152682180618867	-1.2419931400358246	-0.1392477644922665	-1.8789139929230372	-2.1961782304206983	-2.4144626413848	-0.13065336328471	0.8290130040031339	1.7679779591102778	-0.7368082605156635	-0.8541943533863039	-1.646249097251573	-1.216633919155846	-1.4960741586065358
-1.5780455204900028	-2.2510543636308267	-1.266122809810577	-1.0142357019648127	-0.6673751902044354	-0.4639581248997551	-1.0635943759242659	-2.339889219302515	-0.8252775176042817	-1.0631885891805062	0.4103231011938758	0.9790052855419554	1.29424345386446	-1.1059695228222093
0.007637319850475277	1.0264698591379608	-0.5352723087303195	0.012227559087950757	-0.22874162035432546	0.7613414515954231	0.7785227012854165	2.474920092374403	-0.09717444021815744	0.44935080478152845	0.38296171542461693	1.7358227975729599	0.10304564691103624	-0.4790913256688879
-0.8878154525531949	-1.227810150013616	0.4879695077344454	-0.19047152067816614	-0.04012770436351837	0.5782976682163385	-1.1116094391582196	-1.4558081169713335	1.2406600778835262	-0.07946294913222812	0.5210886905503186	1.122419316389918	-0.35993819788152676	-0.2823376402545105
1.004276951432007	0.1540357371212689	-0.696907411593468	-0.25110618148415687	1.5087849707274144	2.3177209762488555	0.841158068103351	-0.6452797125497726	-2.008359880513586	-1.7919419794275437	1.6392568541228996	2.9899976407592073	0.790731422996821	0.38305728005176815
1.0863494228630821	-0.007060846472278698	1.0734305483983237	0.43392227114148263	0.36037460217691797	1.0162452583425803	1.1530141812238421	0.22591263078585333	0.5047518876683043	0.3348140548725138	0.6042485669559919	1.4077188810890235	-1.694524824126093	0.19629653988142795
1.5320962105205709	0.3350801526507854	0.329327444044024	1.380741276511935	0.5471247366879429	-0.08815529683222711	1.4022625063289973	-0.3513139830598077	-0.5433471020481154	1.0354518388875276	-0.0012509236445413404	-1.4956148077826763	-0.39293662369236226	0.6244558672251426
0.4374232631058226	2.0208005889607437	2.9318353834985738	2.6118128101925446	1.2228662980728184	1.7840098607327646	-2.4744455969189887	-0.08948175744317002	0.96017227464923	-0.49919724361720264	-1.1493032500944482	0.18300121767699007	1.7869389559773028	1.717101852231185
-0.6525507822175612	0.016133744866736577	0.5613910607715169	0.10291396200172268	-1.2309631080836816	-0.2433549917242924	-0.45767535647314345	0.6172775587465062	1.6077857854448914	0.36274303271790853	-1.4511468132403218	0.09365294529144609	0.5690065172918197	-0.4680340938395311
0.7539173781969366	1.4368284729458094	1.8813448234939885	1.2799143698409232	1.78084641086545	-0.3479471025151919	-0.33329191903358824	1.0624728486879984	1.603783526737326	0.4417938930261825	1.63172073025375	-2.356757074979636	-0.42122186176453397	0.883589136085917
0.603431940770321	-0.5959131850109999	0.5447602730392918	0.9935645403429414	0.9930653560472942	0.10697649371715223	-0.4897104748796727	-2.5289043570421077	-0.546338863897672	-0.28056397081624623	0.12979796023509416	-1.445328800485893	0.5753047861569943	0.8063684719828659
0.6317933610923009	0.26234721320831594	-0.8518081729726478	0.12269344613018128	0.8387111926895576	-0.17253234428311204	1.1163823310198795	0.4711745222716461	-1.302533862021253	-0.14054874170923032	1.4379053500425727	-0.3886368656734095	0.4813392933178298	-0.11662535881823764
0.3735717673493593	0.3491334936960557	1.1923072730137627	0.9449520184602345	0.4070233046705648	0.5551210395024122	-0.4575851958985667	-0.14430796996464093	0.9445729982180813	0.4665216637115582	-0.05932729142321775	-0.27539166993150443	-0.5950917733415627	0.5547366303431528
-1.8470656458845678	-2.138282932975849	-1.126336079512765	-1.4205088530297525	-1.1636069266336928	-0.8058406393926755	-0.7416134306448816	-1.246360886295803	0.5188197879017769	-0.41096634325459674	0.3811463396967201	0.791885189535865	0.38086879198682544	-1.466640159595732
0.5991852864830424	2.2123571940990625	0.9255922943684607	2.3693447347030956	0.5033018715916656	-0.10219234430675167	-0.2656279596048881	2.115976812508361	-0.7250010589892169	0.5175507178695755	-0.3548655287199789	-0.9175643368129813	2.029414631759394	0.5368881802421672
1.241884239886139	1.2463307233306244	1.938365399746099	1.9335071971691584	0.5861340303283691	0.7977389161566109	0.3043939465011313	0.5900471940650255	1.5209784673097744	1.3718500660101565	-0.5155553651429066	-0.6092146985377886	-0.4577993330249951	0.9838622734966083
0.25361351802219834	0.09702434994773652	-0.3207171875162884	0.4178427208915887	-0.5381007606471525	-0.3204576414210157	0.2517014574626691	-0.11811537870387183	-0.8278330019045199	-0.17917167939045026	-1.1176346442944578	-0.6366564863750266	1.0389296635757022	-0.03989235554508084
1.1264538545290523	-0.7086081510075155	0.22664288777058647	-0.6648480146042725	-0.7511313075469883	0.44700693409533876	2.79447506958404	0.7874983342659285	0.27583471528302167	0.13653847674005512	0.3330166202231114	2.184180214172894	-2.0418981196812807	-0.7727275276308164
-1.3817530218192084	-0.13861614569949549	-0.6075647471682406	-0.5463686866222721	-0.578629607816058	-1.1279555348153756	-1.0888690055047607	0.7308824064778192	-0.512008117763624	-1.3291214396893798	0.264091318064415	-0.2566088756274821	1.7782521525038022	-0.9327960200869475
0.6872548638797019	1.9187444533671212	1.2798177596392675	2.5290765559093513	0.6315153798976646	1.8307548992126836	-1.6647594200699336	0.6060032682059934	-0.6179192487855477	1.2713919690114492	-1.5418013433260231	0.028968148905656757	-0.35272157374805285	1.6256868071931356
-0.4685610061496581	1.3737554334761453	1.0481788847943423	1.0481621106583017	0.8862052777476035	0.808944750363591	-1.7484964117570025	1.4694622257070558	0.8311138721822843	0.5850948161456062	0.6561785750883404	0.12614054944058248	-0.2329135809666098	0.5386608142452338
0.9012703882267743	0.4786915369941572	0.9887466311799311	1.5923362588720646	1.0310487111763096	1.1686356552098265	-0.6825312049461403	-0.7457148680138164	-0.725714513312623	0.6202543113863158	0.094737062440287	-0.11545822550439754	-1.1553774212623809	1.1571959420549232
-0.1434341787517901	-0.6339839375951459	0.003368735556501079	-1.0281347186412986	-1.1273454853360103	-0.3791151343948541	1.386977275177967	0.5321705959367462	1.6769319727322605	-0.5191141993558436	-0.28100461836596524	0.8560048201959841	0.5497919207471692	-1.0632446793066275
-0.11112039054790791	0.6251104665454824	-0.045336126620349554	-0.2049078185191797	-0.21637094583343772	-0.25606343683624977	0.10447743195755012	1.3086956821503954	0.27232948828409503	-0.4414932849155136	-0.0897757617549043	-0.32563082686473677	0.4171409886026794	-0.2435351404652907
-0.07232315468672079	-1.1808243458357885	0.3032310682267002	-0.8128041495962854	-0.15522096522529538	-1.188457722468976	0.7995569077582748	-0.113339075776717	0.7090913041313862	-0.149796794573486	1.3283271691110037	-0.6501750455255356	-1.781005464830835	-0.7566198074035914
-1.3373052561645435	-0.3434740053933205	-1.4507989090558917	-0.6801661874094976	0.10920713171166696	0.286740340582058	-1.2585014418336293	0.39511301874154287	-1.4116151736600746	-0.5025308200233259	1.1497167571190883	1.1599963754898384	0.1345413034390931	-0.6074500773260648
-1.2156380537308724	-1.3706699318806947	-0.1486446782396721	-0.5332642563823295	-0.9920641609035232	0.9914592699023173	-0.8086983462277867	-1.0731826531977124	1.0175874907486515	-0.0182471531056883	-0.4417046953834892	2.605142775607924	0.20366263083097055	-0.7674928661282614
-0.30734684040784277	0.6212618270451078	0.29223687555246514	0.37664834370034495	0.44153625085027426	0.8567648810248056	-0.8625273929611063	0.6786666661344353	0.18568240004976683	-0.07028509112691542	0.3796408500310199	0.815350520378078	0.21046927487606407	0.17196797238923378
0.24872240798135087	0.610229003842389	0.6878363737100325	0.0433185569343565	0.6418204955414725	0.7486260455930757	0.37499979918500875	1.5620939824064524	0.9836884847237126	0.15264265836733024	1.5554594980696033	1.2773243743855796	-1.0405367059523238	-0.11892004441101765
-0.2602468157164056	-0.7752104545461037	-0.914631394850692	-0.606212961204858	-1.7739846045866063	-0.7289168587026168	1.004565370097435	0.12661489755158375	-0.02690224850401295	0.04688934035252184	-1.5348850998679644	0.02273134679392419	0.38403993513347523	-0.927987380103749
0.9855144782831591	1.7491532865238701	-0.3749868195613464	0.40690242210266625	0.8818221447356821	-0.2844289067119352	0.32012164950386257	1.465853827557281	-2.129026853714003	-1.4358912300339537	0.09808255988975235	-1.68049498362305	1.143382866874592	0.6409644166145833
-1.1004759201768537	-0.21658070640202248	-0.6817981563474499	-0.7040862136389918	-0.999185344933655	0.5292346088875352	-0.9760448655516332	0.5327701008412012	-0.2616356635202707	-0.6135531703753098	-0.771579804285075	1.424887273970271	-0.05419314625613892	-0.5254041376555154
-0.9152921349180059	-1.63708446978427	-1.356939156640994	-1.8497658944455	-0.4761177118020813	-2.242353571353919	0.23438857752244824	-0.993109014352592	-0.44431899392487983	-1.7173836526320594	0.9463343572706923	-2.159656326113329	0.43399617864666357	-1.1280182969020474
0.8746770504493878	1.131937982509695	1.5120138388794566	1.4944080808747797	-0.3797900577760076	1.6180416876898231	-0.8676584165774128	0.3588026147126943	-0.23574313245891731	0.39282194253565306	-2.3231604734634836	0.6454137074776856	-1.4834355354696163	1.2133435207760015
-2.0901680072048685	-2.4152054882296157	-1.835252302482043	-2.055386576308587	-1.7416724901301168	-1.4787182704499773	-0.07052088310252325	-0.5726088977103916	0.3726539749156266	-0.3068387777510251	0.5499338981368113	0.635364107966261	-0.060336783425653844	-2.05957279291825
0.26390782958724457	0.8069292617056785	0.3538866792308314	1.4938595031877375	1.0279177578467988	0.783469739203039	-0.13734682579307214	0.758925751182838	0.06587739426709929	1.5594022574578046	1.1280760781216106	0.47900614231087	0.24715190652690114	0.30214342969059543
0.4194600689058149	-0.32514550096498157	0.5342065420502008	1.0850888011753912	-0.3551119384880823	1.6762084693504824	-0.4180338816817255	-1.3386783503463513	-0.17914976917681036	0.6383591869000039	-1.39694022877077	1.532063320673155	-0.5335252641166007	0.5847665620661493
-0.683341421898858	-0.9202602277731899	0.4990935109300465	0.9808897019352364	-0.6614820888762121	-1.343862907229189	-1.0354899364841295	-0.6299727106006804	0.499992795566401	1.967029048877314	-0.36284810179110466	-1.859545768211826	-1.489188823368696	-0.2444388367390424
-1.4313780104719669	-1.9381603212294998	-1.006266661053846	-0.5802340100938418	-2.0108804463253733	-1.4108103055275945	-0.632345423257256	-1.1267379508347641	0.11505504125911618	0.7553033672787937	-1.2590477019877444	-0.721195388320247	-0.5881586853931859	-1.144485813650004
0.6903160666750466	0.24630749913572947	-0.9556973697778357	0.4027511328718397	0.5434123700785567	0.34292824225525687	1.882270449579113	1.1213523585590952	-0.8021827903331354	1.0186177520726054	1.6199795208599175	1.107374536896327	0.3971355158042121	-0.50593101916057
-1.0862875960999794	-1.6008023340121227	-0.17448015053469318	-0.7730015775655033	-1.5740929534909767	-1.2438569654306986	-0.5602597658338414	-1.5308607315573683	0.8237353590001198	-0.7623526852818923	-1.4231546635782817	-0.7432294678407294	1.0637576125558597	-0.8950374175888736
-0.9627467231989276	-1.418010145374553	0.19001859887326672	-0.7070817278401076	-0.9896855586162387	-0.8869435831864132	-0.6293929662937444	-0.7206714500837031	1.068410689519638	-0.03844091164863026	-0.09818264277260134	-0.3565594249002233	-1.2096482978756407	-0.743677615749203
0.1481653542225227	-1.1644183788654687	0.5058511996433775	2.960487027205474	-0.4034154381186571	-0.3790936181807863	0.8436206985841684	-1.8150536523771803	-0.6045811567648942	0.8620067738249783	0.22950270578277224	0.7090050371117236	2.729334072252827	-0.621253001889726
-1.6072282519238899	-2.35979389382073	0.7361646573732166	-1.9041707938528716	-1.1899560721498355	-0.8534042200818852	-0.9946969795434346	-0.9148204080457578	0.9249685612543649	-1.0764128109397255	0.2803027285246003	0.998065865292593	-2.695375697483688	-1.271826509496538
0.034991394440830215	-0.5290396195864138	-1.6151576506054817	-0.4118711770476968	-0.2366244627776427	-0.5883113453022254	0.8233286277090621	-0.09887604968301407	-1.9182978095244008	-0.2370486058120728	0.3884814577368167	-0.5398575202188562	-0.026948882178167828	-0.46432421334097174
1.3436866858602092	-0.42354042166410877	0.7966368488440805	0.16530548951123766	-0.9148948725907056	0.082776368137958	1.8684983585126727	-0.5232046265323522	0.8649805716278478	0.006721136254459336	-1.3917600951213556	-0.19160627303587383	-0.9786246170209483	0.08610727765949222
-1.4678300279339358	-0.4395475769901057	-0.8049142512063217	-0.8870173196710933	-1.1895609960706681	-1.257076977340544	-0.973056058543433	0.7250772439258107	0.19079837621421394	-0.3755191325405713	-0.5227980154649988	-0.8389476516169933	0.3387448231723676	-0.9423428879800657
0.4321378694705879	0.7465575356528185	-0.9270509340067639	0.03512294067781452	-0.23493889806442364	-0.35139456433642186	1.5502654488552483	2.0740390057224385	-0.7025214198286198	0.5547116646442218	0.4382151601951933	-0.075629197345736	0.03995768851630261	-0.5058574054839051
1.132298111415206	1.1118284599322796	0.5580681849674207	-0.16256006125663824	1.5232985921891253	0.9717868826907542	1.054692387775841	1.2388994325674907	0.15687869065153576	-1.2369202709776832	1.9222586382745501	0.5750947251523516	-0.3527959022671078	0.43904798084520674
-0.7107651887595817	-0.3249355565017853	-0.182930356846305	-1.1554220582000774	0.23100148252419284	-1.4050254249742125	0.41543285704265553	0.9994218516636797	1.3034700707922495	-0.8291184386022366	1.9460910621241168	-0.8119834312527499	0.718818054309264	-1.068352278361846
1.0075458199955032	0.40583266457510125	0.02825989627681158	1.5814350160594184	0.3433231641649507	1.4966676042832447	-0.04013525309467284	-1.0470432573322215	-1.6305971637756418	0.5742138767082462	-1.1509803811130022	0.4968775713161503	0.16414604686141854	1.0012294096021503
-2.184531888068925	-1.4382704315079688	-0.8310948872412799	-1.7280978237748974	-1.4993071843704384	-1.8634207695331646	-1.205715194592822	-0.0881432743052225	0.8710983344442715	-1.2326435345031275	-0.11296850775834422	-0.5566451552133177	1.1388684489665797	-1.6131581567181514
-0.13671789722787825	1.1750288151142885	0.6207887211611895	-0.37335799274273435	0.9148743092366134	0.23549312360637323	-0.46055848107168257	1.6934368838723892	0.8530221690066583	-1.2715559805877639	1.2669773715210653	0.004948614448516512	0.5066086936453457	0.05764494606178585
-0.4190550815649946	-0.3717835061400578	-0.7728479277076266	-0.8733324520733206	0.46945151744102276	-0.07954057591758576	-0.40846871415983566	-0.13414135017614562	-0.9399748866640049	-1.3182062378230106	1.2662097060553437	-0.06871260654827348	-0.3137435109576815	-0.22854999384283414
-0.8828915405613231	0.6110797886785059	0.32772437238978636	0.9037905824088035	-0.35061779393715997	0.5953726003939277	-1.1376686998844225	1.2373007299808412	0.7382336506581737	1.1069334436918885	-0.3004224785299946	1.4107685662754879	1.0748253269684669	-0.3462657147036922
0.4134332118120717	0.8607489712809716	0.7664301116032274	1.4375382889455264	-0.24605736103059464	0.19199340369040624	0.4289719941053392	0.8782019239997692	0.07299718735767122	0.08272419786975452	-0.611718112962017	0.5570168199150183	1.981222438237273	-0.06241667076634442
1.3273743641760285	1.175194534642503	2.948817096082157	2.6299061523944522	1.2460164869715449	1.9394499269542607	-1.5719428260420925	-1.2141753109289883	0.9774405258995473	0.7338836772532044	-1.164786290277923	-0.458089658024999	-1.0947618307172589	2.1226520873433476
-1.2820422561335965	-0.9816234991544116	0.4374432292241959	-0.8875674786693053	-0.1576689737782036	-0.3985369044082625	-2.0078707410775354	-1.2327145120519905	0.9142172696952147	-1.438626826846207	0.13549587858223283	-0.711254322488118	-0.45107218267144283	-0.15178035538892878
-0.05554608529453988	0.034637554338822985	-0.2603835111685191	-1.2051412083259978	0.16850682631273545	-0.1403530317333656	-0.15529696517300573	0.25919057336663354	-0.43925818024747953	-2.1676119556469438	0.4778420552439775	-0.47933836213541814	-0.4328670501768345	-0.03430337964579023
0.4474162257376251	1.2133086369396433	0.6576230104435214	0.7475903471565786	0.33040565540521194	0.23895797524570064	-0.22050295943252124	0.904098867793823	-0.14135493759061468	-0.6440525759467084	-0.4601491870433416	-0.38891926927914755	1.2797007654688453	0.41490916316958054
-0.15016473924854015	0.3537521269934091	0.7690037655030845	0.07082015006885445	0.27331828292124993	-1.1427442976666116	0.30037875141563175	0.8856027851680692	1.1063840754872794	-0.9856483060688633	1.0228268650571315	-0.9394545220864615	1.7899280296166709	-0.5355951500307666
2.481553101610901	2.1497667698292338	2.193150939390116	0.7177105160460009	1.578882354862009	1.837794434135356	1.0825324990408702	0.8533846101692584	0.6486153123146673	-1.9076004061749503	-0.10670228704908681	-0.1324432621609035	-0.5398214949539103	1.745700302718461
0.6530434002174406	-0.7735879776477508	2.0128198420044683	0.9172041982835398	-1.2338888421499858	-0.8093729858734986	1.0447742643955624	-1.224768917491724	3.3535397558556737	1.2553990810577016	-1.992203211344167	-1.6692355541899526	-0.1686651465561081	-0.0049935978414947626
0.52244625793562	0.04171430185399766	1.76613985857748	0.5306889559026504	0.45305925027510374	1.1469572857168728	-0.0957119201578166	-0.7879181052072979	2.019815463725369	-0.3108496736997523	-0.10261583858736614	0.6689530164175247	-0.17002020627695255	0.5484692062337668
4.5689538374903025	4.428752625410808	2.7460258418717816	3.8431045845304403	4.21868152213835	3.339661676809355	1.6172309001525962	2.058211100476723	-1.6542324701077036	0.5760100445934103	1.6134843334709343	-0.2782447577121783	-1.2244410091557631	3.4387141669559265
-0.9679340658222322	0.22358617626755795	-0.3582789443646118	-1.201529196542514	0.07746343796778243	0.519113927833219	-0.5985994895429421	1.383855788013928	0.4565757925864336	-1.3286134726067595	1.1405051031278017	1.596803808988913	0.14997945328647555	-0.636723187198094
0.11395016646972711	-0.3941134305134803	-0.06847549839511258	-0.9695254890097129	-1.2583735912858285	-0.6836290601181502	1.3082545939193235	0.6228622913923019	1.058354858754649	-0.6795472248231074	-0.8185015926820537	-0.26749624473264194	-0.25611636571681057	-0.7166075322054993
-2.292755687581619	-2.0292681560657106	-2.669397598847221	-1.6068879409330612	-1.9711476973307862	-0.6760606622024026	-0.33481344646247674	-0.0023330542919062247	-1.0781489309124572	0.11360209480352602	0.15147574829296245	2.4223379277837633	1.0261182528235449	-2.233091974055276
0.5594789513007992	1.712026494722888	2.559836645389077	1.5672795310913097	1.3411087302226241	0.9575629154480952	-0.6450118746205906	1.1074874861961597	2.3534118712509806	0.014286307577522491	0.6184596987119043	0.23809545280516586	1.3667627115690202	0.7741814606913883
-0.5723628652367972	1.09007706251623	1.3489959917617536	1.185810017326777	0.27689225697159564	0.9250655168547912	-2.096347141590059	1.5236435602862732	0.5763206638430654	1.0840517519328254	-0.02989486724625122	0.7250248102090708	-1.5944124081845108	0.49477340798136826
-0.6003925699037516	-0.12387087386436191	0.2409692705367656	0.19729513401223722	-0.7831099274990394	0.5743099715890243	-0.6392054003421814	0.07190260026353665	0.7148680931326242	0.09632012394606079	-0.9902649202171016	1.3171882865475018	0.8811879371102592	-0.34325002144453576
0.05619760481873748	1.1440482844397049	0.29745631839059555	0.916706468416485	0.7470812750464455	1.1456457067324513	-0.5098272474095771	1.2533581134324496	-0.08191554411729207	0.45224176856470033	0.6067659405358717	1.2079676230908973	0.6511990158819757	0.26179361320384004
-1.6791212722159674	-0.6913435205978742	-0.7908733213755683	-1.0896335489016813	-0.8123586789021315	-0.9848706118617634	-0.8876762334785742	0.7130833822463242	0.6259333424324853	-0.36298928482734527	0.5242238897884587	0.15791722954661958	0.6174781492578348	-1.2426891797972357
-2.2903544223324888	-1.4369071304820924	-1.3661881884917522	-1.4739084757618974	-2.4899566274240073	-1.1301105843368986	-0.30279785912385115	1.1117104928050776	1.2892975053939877	0.7068395759927124	-0.6426634455455946	1.3767292391040713	0.23385403969819515	-2.150704234104778
-1.5902553131331176	-2.648391840277008	-0.7826943531546493	-1.2334237693253078	-1.3881123355082248	-1.6355263201854278	-0.7094311438891974	-2.176743896381846	0.6893977847353528	-0.18600345697049853	-0.0827353474156093	-0.9460756307373038	-0.4899810060098108	-1.2443493012459381
2.355516953794816	1.2295251112671202	2.740552927100499	2.1927329361212733	1.3207329148019338	1.969467537290533	1.2336301425512115	-0.6430275319378208	1.8770978690135407	0.6289808816069933	-0.4910145179390391	0.2586360786015574	0.005264842251119366	1.6142886619795889
-0.45383956250783897	-0.03443782153859831	1.4707289327289195	0.29438537908766277	-0.6004437104847653	-0.42119071292101407	-0.9364968046489996	0.985784259216419	0.705081360162116	0.6927644181806344	-0.5531818866833736	-0.21701848244052654	-2.435633231263827	-0.1387817308156843
-1.2208714742413567	-1.5725501428703306	-0.441564424714091	-0.10657013573010077	-1.3027226162961716	-1.6294026813458862	-1.062528361622548	-1.0710698823497633	0.1205337653689819	0.9106498326543153	-0.6783555921743084	-1.6805948555794366	-1.0264722885217938	-0.7246137557561139
2.1763021098980353	1.6488139811020417	1.4974613813581747	3.5993313678708736	0.578899217302041	1.8677379004740835	1.048956769223554	-0.0641041415653153	-0.70667997981022	1.9405857333129166	-1.6141676018067959	0.9050994414018646	1.6920421620124768	1.3488680336387355
1.1924815042009036	1.2212842916441722	1.7163566416354055	0.6687624806544847	-0.6450906664770724	0.7928372173290704	0.46903623733906374	1.0565625498014253	1.263712980866146	-0.30998689734872364	-2.099658384313841	-0.16810715857229322	-0.9504862828589608	0.7774440183351091
2.1573799344603817	1.7477025760600102	3.4356556327472045	2.179181638754944	2.156894644815726	2.062721805426983	0.11688671561376222	-0.6138489738823907	2.2765567313197614	-0.3124107058068517	0.08215620571071441	-0.14487445879854344	0.6361916584432236	1.9887736287008
1.3771675735650515	1.1250369554931567	1.9377888149087206	1.1613199640268288	1.3102260713765013	2.4387954960788143	-0.7056208305448133	-1.1268045326839125	0.25177522854209733	-1.400709122635635	-0.8181295733129256	0.7565004313564819	0.07807582031864087	1.7855045110397763
-1.5833107576309993	-2.073804575926541	-1.8601523782584803	-0.9531715952963492	-1.3699387589848777	-1.7604530960419569	0.1567624019433976	-0.7151428635892809	-0.2871345899016228	0.7196449287764308	0.4754114302010097	-0.2226803216809665	0.6850301793690149	-1.7817248936467756
-0.13347345371611785	-0.47353728175497856	-1.1809625270662854	-0.678183747055243	-0.5817842667685115	-0.42868123344872017	0.5630789374216821	0.2747910004194978	-1.1269867279370398	-0.4298305863857888	0.08908978527882246	-0.10213809548219396	-0.45823116131394814	-0.5467656497438875
0.2085283830781468	-0.7781096440025851	-0.2208533950809685	-0.6949365296134085	0.4568652546086399	-0.27513892566285814	1.1099125861263122	-0.005217888241529762	0.32506749320553063	-0.30815098783533534	2.0102556407213363	0.32377651140802166	-0.9301835897068957	-0.5889421931162881
-1.8921410568667123	-2.306812581100848	-2.2022905862076443	-1.6584253419883148	-2.362845714276819	-1.8771975840062143	0.3468047334410322	-0.2634732309349437	-0.13608771382805288	0.4813452407595181	-0.35696985179878993	0.08019259880970375	-0.12486272344039329	-2.1237560978518033
-0.9042190382455613	-0.38839692330241876	-0.5633573363685248	-0.8878543892045467	0.3958823181436276	-0.12249404809814271	-0.8445357341594323	0.029018051111078788	-0.26968897618147764	-1.136816571472962	1.336149614256333	0.13196788313900218	-0.02088292019141783	-0.40163116993078246
1.0421069791583564	-0.5343484145122783	0.9641492461363041	-0.49062480906442385	0.4220822948855618	0.22178941142103376	0.44625903563868585	-1.4965091394421324	0.06909711996146418	-1.9346605995253636	-0.001701099377316097	-0.7579704405483962	-1.2451846678882217	0.6125940027306455
-2.0823032361410685	-1.7601981988174622	-0.8490146505453136	-0.4974559826350668	-0.5715263011832072	-0.19594999446041145	-2.3032600967228243	-1.557550980480616	-0.1888377650848973	0.1967614752632734	0.42146347490224606	0.6227178774953913	-0.33652740252402213	-0.7583621300242882
0.5881466778162756	-0.1871470225434924	1.3054383876876643	0.02420773850951677	0.046520566377945875	0.9430695201669601	0.7877365012813741	-0.22549531315773227	2.0389117718262817	-0.2368773792618723	0.15863416654445694	1.2063645254524273	-0.45901292806913807	0.03995275096497459
-0.1273600141165515	-0.5521855459094889	-0.9677425455950565	-0.5963380063733025	-0.9467634176532767	-0.6301760951792926	1.4728103760876718	0.6189708151608622	-0.17628220072764836	-0.19889315387255088	0.06099091755852634	0.7985820776642052	1.2469766055491254	-1.1729633561158312
-0.6102156563679677	-0.24980760488830372	-0.34661667885188535	-1.0344045967508286	-0.8184138972526486	-1.169592726093265	-0.8533482250047412	0.6607529674546773	-1.0813901439498774	-1.283867585386399	-0.536161446040085	-1.3960638061785018	-1.7343643311679846	-0.2993865191275131
0.35014966272709264	0.3420387700264932	0.04081472173140438	1.4805800527418314	-0.4155654871697665	0.1263968646809049	0.21572390477429343	0.1480798873342508	-0.2817764866485804	1.6134150806501038	-1.0973097084851773	-0.24227718485415184	0.6828903509566571	0.11661276743461135
1.7202474773612615	0.44070287224034876	-0.1610081537028707	2.1768724583378876	0.6034222118079491	0.7087419822788084	0.834592327054035	-0.7590838525652337	-2.3787106245167706	1.6891050881213145	-0.5333085972932107	-0.822866323552069	-0.9492498701530092	1.0860031578100908
-0.690041897617838	-1.2575589319692102	-1.000521217290606	-0.914931254243001	-0.69295807143011	-0.8377071139245067	0.8553930610395456	-0.37805695417266494	-0.559236869664279	-1.483466155481401	0.8995472223459552	1.0897999178294475	1.941779567017047	-1.4190806728690206
0.559563977736701	0.0607282865056613	0.9893280409503294	-0.5311322597765455	-0.1028438103175007	0.10208406913150825	0.6687120767320862	-0.1746092615877504	1.4419548567516862	-1.510066324264734	-0.4458535740496662	-0.3276167353970996	0.29189806054476286	0.10711423134935896
1.5231781765464674	1.2106010855184661	2.0981023261580662	1.6894051287168184	0.4022821982491951	0.9133425073604059	0.47443685177344824	0.8046749629510394	0.8991091497838842	1.0024167357440965	-0.7421920156908176	-0.21435597278849522	-1.5986194611456992	1.0475199999769824
1.0062428581794163	-0.24253089756841495	0.7194639325580737	1.1818027503688289	0.7067023266496031	0.942049607241692	0.33851312990193105	-1.7965113125477319	-0.12065277080080504	0.14608685299178617	-0.19738725055622458	0.14526306527736677	0.6799959038191249	0.699376709196399
1.3679482465751334	1.2348633436195553	0.9486562145810032	0.6115251125982436	1.56911587504099	1.0014267776357346	0.9399821993427011	1.0000236573487318	0.2964360003688412	-0.4031555984684013	1.551612907616742	0.15816501346211959	-0.4642236907206291	0.7276938873544421
1.8275014359191593	0.4619009629611617	0.7084971751297884	1.2599285396582394	-0.21536439270440022	0.6722508799219375	1.4636402198445977	-0.47033728261014873	-0.35982387088938284	0.480757300824819	-1.6093972100282659	-0.590854803992702	-0.5730521076261095	0.8587137540524729
-0.29708209846056466	-0.18995155966514396	-0.02845679271986884	-1.5565361760894274	0.04686651141778375	-0.34572400844301254	-0.13144580512154128	0.32784389439135203	0.3716972722170887	-2.313834689303	0.7171119192619915	-0.3842095456462001	-0.46224409650003345	-0.29420907699994847
-1.1947781782887141	-1.9156021979677624	-1.6859811056425147	-1.4060175592619846	-1.380898043024841	-0.6698246656710702	0.5836465370327851	-0.2640118189220436	-0.197324786792477	0.20317531908408107	0.6156903277932767	1.3379668746328115	-0.5945521299771609	-1.6382846806191043
-0.12778579921949695	-0.7290151132351017	-0.025891621861677483	0.9350757087052871	0.9894612456122296	0.6827756867001623	-0.8749272221153016	-1.95818635154805	-0.7483857062842266	0.3100892129263335	0.941055064422949	0.46931155847338074	0.8690738694023887	0.2720819238132504
-0.4233542803452196	0.7954768955555884	0.8010362177997079	0.3258563930241321	1.1896861003141044	1.5324999260875258	-1.5695728676353689	0.4873049629011211	0.48320645561841025	-0.6289743955737747	1.1443171087659727	1.36972432979765	-0.03860201732701482	0.5108143212803188
2.0160093425487506	2.142251789351648	2.8240752403387965	2.0376882349767453	2.2888070601365547	1.8809068418577608	-0.2148469994642894	-0.15278952998925444	0.8740150306645856	-1.082813815588983	0.1942738112304911	-0.2698311820188825	1.2607256883885434	1.981780369667492
-0.33057143305406306	-0.6644990066665273	-1.0284939788987049	-0.47931127021644865	-0.8027969005018476	-0.6177116634353064	0.6893488318374148	0.0640558089687959	-0.48662972078943434	-0.09703027354701835	-0.1402359258931336	0.16875845051443883	0.7864990892023964	-0.8602323098882841
0.40132217977120294	-0.41882813865304436	0.6788827644893191	0.5357393310282185	-0.16825870996311387	0.7493104728707652	-0.597295441887957	-1.3970420813657227	-0.23977986853465874	-0.2632335332537066	-1.0331286140400626	0.036129490411059624	-1.005578917632226	0.6205128936928345
0.9522511442167924	1.0542552416034408	0.36471795106999516	1.2672927165067296	2.213394733563252	1.0559529231964242	-0.15503775875193052	0.014927537284430897	-1.1290955003766228	0.03661446745989358	1.9468269125669933	-0.3102446324311942	0.01586917024844134	1.042124885183094
0.04022675558299993	0.4207986516755068	0.49945670227156735	0.034589946215900946	0.63760984524984	0.5073951928664036	-0.9180283454760422	-0.3806957316473301	-0.23919718800858153	-1.5791348110590642	0.02870306003828595	-0.10283323080062495	0.9677548739073243	0.45566511588244
-0.2686022617563158	0.5194658764818902	0.6824785556346611	-0.029586533174782992	-0.6423523036259728	0.06710751856086157	-0.3751441888844367	0.839153344852697	1.1170218558461067	-0.6380306337704857	-1.0472133858506092	0.2268869414614352	0.9811006784277335	-0.18024626611527475
0.4900487178901347	1.0834660484745133	0.8997498678747216	0.9214351182102769	-1.1046316530787146	0.8014103979398032	-0.31732270989973044	0.9066287559983943	0.42472100288342196	0.28179240698948194	-2.743264424628162	-1.161119149704249e-05	-0.38155677998978516	0.6158001508734338
-0.7076227690777068	-0.8633244870393384	-0.19048419383981816	-0.6857024582344937	-0.8217129030236291	-0.6643263554890539	-0.437055224342088	0.2605922465767781	-0.3456553776565687	-0.10708509074499412	0.04177951960944573	0.06768307410680957	-1.8308677222651741	-0.6535062905323703
-0.26970967023727993	0.6224585881048907	0.03389771586137179	-0.5584500605345368	0.36582280886521645	-0.8292263712407071	-0.5126366889832511	0.8947136621475534	-0.04575956314786458	-1.5738991098049628	0.5008813330734371	-1.4563764358487141	0.8586297738178734	-0.08609556394721597
-0.34401833134517285	-0.17510128420619134	-0.5125609888962462	0.018032622818269062	-0.7547365127964352	-0.3191186901124128	0.06082896106648441	0.29592957061689423	-0.18833312165178348	0.2035611473607325	-0.6568624194605007	-0.00637399042566245	0.624457034175487	-0.4775504334114253
0.5640249493380566	0.12310079243827113	0.5926731466740291	-0.7168732570805473	0.3760970937253142	0.013770258490806236	0.29363817834632827	0.3589209732969798	-0.09344254567263591	-1.6124926516144447	0.616556909539239	-0.3468646365589501	-1.4887061945113051	0.2054894473623443
0.1894294894455331	-0.20678998457268527	0.4236962365241418	-0.07798655276760036	-0.16550608872093098	-1.2749455611946703	0.6399874901782915	0.4979067177151305	0.9707365885018884	0.27536472579031646	0.5267374667525708	-1.7901640802224659	-0.9085245802341759	-0.32382909915492836
-0.039432695067809886	0.8808595487871562	0.33724974765106985	1.0555667196932155	0.4552233447328907	0.7451575818411331	-1.435164690308267	0.049156653579087	-0.7808426484713015	-0.08094867011066817	-0.6454244494397418	-0.22669643915676355	0.6481516131222776	0.7217352340152485
0.20595018431959033	0.6491003740183884	0.27970542018305267	0.028920820870119213	-1.3509865999562487	0.4658462621275302	0.24908881724449056	0.904098804430344	0.32255739618111734	-0.6418405877018493	-2.3924425317592704	0.682136436336116	0.8842518127101041	-0.07020927118183873
-0.6270853594025749	0.5209156819561087	0.09279540667186337	0.27038069754294813	0.5009884639131851	-0.575442728089449	-0.9551458690869388	0.9459503872947354	0.30187735420463774	0.1789025125142865	0.9141727937658403	-1.1014857556013598	0.29599577737442184	-0.10585370589561693
2.2199781995061354	2.69052641190991	2.6489834436763045	3.443774851931243	2.6312711823653987	3.5140650115310152	-0.9251882883432139	-0.17304013465686513	-0.15895432768014026	0.6983203376251953	-0.2647235621780887	1.0762646167605785	0.5052666784406906	2.693297157015891
-0.5301076386245362	-0.7303819752733905	-1.1938173390575972	-1.4903395542414706	-0.5214329398704113	-1.0463496374769203	1.1021424805769486	0.7657827893441526	0.030929257831856002	-0.8370591579603596	1.11415130616027	-0.048263157720572214	0.12934682570379144	-1.2157210140206403
-0.355413578445566	1.1796316603952628	0.6575451423973966	0.07038159663173846	0.11911212334136445	-0.20828196255424056	-1.2423973625907447	2.1403430990781502	-0.034478922568817995	-0.29335688904411883	0.19245975821136732	-0.6964435179759372	-1.5405963527732704	0.2035450715030268
-0.566939571278842	-0.666280429294585	-0.6755814022610769	-1.2916567334888098	-2.195781585833254	-1.41773913437177	1.399799444463237	1.2314568521105778	1.2547903436295476	-0.14733148745605124	-1.3175762958452286	-0.3064143787840887	0.13463078863890032	-1.4320806982887118
1.0666399218966551	1.3288256343449363	0.007866608287968424	-0.5234406840832828	-1.0449148649501634	-0.09066361522286148	2.419298077385857	3.9820874247325215	-0.5858209719232944	0.12147890858842433	-0.44376400662931265	1.078398800116134	-2.2108910084477036	-0.6182486188050357
1.2296894401146092	1.631428312192043	1.9913771393409014	1.9422616775421966	2.1227724446891894	3.1227021576464713	-0.7963421057008522	-0.14948282106329602	0.5314041603283995	0.0019719643580688373	0.6733845229162618	2.169660353565423	0.4158383010556148	1.6379503446188977
0.7709623494675522	-0.2636588216596007	1.1740121176081384	0.3154328283758716	0.7363552721518531	0.5671347201153972	0.6140963162578701	-0.9135422540024144	1.3440830011412717	-0.29672179084448624	0.7514074176558417	0.049004717685092666	-0.31576892004270235	0.34762031475038846
-0.3093950806472491	-1.0975545865374123	0.6247469635091648	-0.7321315741661819	-0.04083676103013259	0.1555274353416949	-0.8291975690019702	-0.9600900531638786	-0.6979202217815741	-1.1636592229757394	0.2596593593961844	0.5800788751169376	-2.3416541408281852	-0.053169726473448045
1.5436769538399306	0.2890389095530758	-0.07044482902920496	-1.5679533223807696	-1.4978020578093012	0.9346411961327397	2.3608322822279497	0.5621981118687156	-0.275790822251119	-2.899449045412249	-2.422062500851105	1.1819765335185597	-0.48313178640917703	0.04834639971368191
1.375784806003339	1.4262930253206272	0.6664897360555283	1.8310671460191017	0.8385708117923352	0.0701314075880271	1.132871384551445	1.0347110417781922	-0.4417880064448082	0.7842168692666864	0.2042069991103545	-0.7901352154920478	1.4383393300632272	0.5177985342410665
1.9859524805697606	0.16169631486084735	2.807894431137176	1.177059350588992	1.3161410501964432	0.779690720136224	0.47446190756130074	-1.0102676678938418	-1.1439670909421602	-0.40652555405493745	-0.18954067057868093	-0.7234158444545103	-3.225867529921937	1.41303042158154
0.5031354234626142	-0.05479275763493355	1.7822093964849508	3.1187008216990915	-0.6556114622634849	0.39763480400975293	0.9371432952424569	-0.41101330804676656	1.3864564217800275	1.6108205809731861	-0.7721466344519891	1.4490584848576977	2.510622187562606	-0.31030921031939485
0.521854346589323	1.8323160516773913	1.563161811983722	1.4933009598819569	1.9881076609215964	0.9826359265418916	-1.1000127476395325	1.4833303834038603	0.6544688901322333	0.5228767997260174	1.7259638891078704	-0.41857745682900566	-0.6793274699363766	1.0781833156223504
0.9787709451100997	-0.2503711003583149	0.7482304195900367	0.18002502047542357	-0.208854732680293	0.02437781343550227	0.9268997444390453	-0.6846472719305295	0.5414174981290379	-0.37493867112694257	-0.6383232299276793	-0.7207267595063512	-0.7509249735947618	0.3106022575189552
0.5812748782137154	-0.9158706648166293	0.3025676159949631	0.6334395981958798	-1.5728999766112461	-1.3994351810129366	1.8294771840181367	0.2076265211082588	0.7854149350797371	2.1766503833145716	-1.1039909700288626	-1.121937515884977	-1.6468176825579592	-0.7110830409699926
0.5584117987066771	1.1925352435580046	1.1935760253694803	0.974861833640645	0.6910756881221964	1.7597013558580419	-0.8439146862521731	1.0258767702096987	-0.24389074741177774	0.08454209893913288	0.017590957655732296	1.4475639567795726	-1.5160621175752018	0.8802216049472258
0.02242118329601417	-1.759966343837043	-0.9961798047299895	-0.800408627217241	-1.2432532571019692	-1.1206608730084873	1.2260483279284173	-1.4306943300930546	-0.42241501353517863	-0.20318322038849035	-0.5772924734130731	-0.8280946044744669	-0.5218095448084443	-0.7971878368195214
1.6897301549216932	0.13637358648467457	1.0286151527603657	1.996511584192653	0.16151406780649813	0.9114717693352652	1.0551685700794087	-1.3106861215018883	0.012609805356790923	1.4368842641993218	-1.2713819895205456	-0.45103705842835673	-0.3609994487817157	0.9949851491421507
1.2590690305601697	0.3712863945963014	-0.5958449125205019	0.8701795262805633	0.2297807531416931	-0.6119380561350922	1.8755481014418351	0.35537704896125694	-1.175168935271509	0.7855477397155936	0.13004862278563845	-1.3701897079615626	0.5773396218912452	0.04259224084129823
-1.2368064556913356	-1.1434793259106921	0.12590857053710647	-0.29371567805186904	-0.9612876478952493	-2.589213315789971	-0.9429857769195293	0.5912126695223127	-0.8414773327113946	1.0536444639567948	0.07270348298723629	-2.437771522150641	-2.800758926207746	-0.9380551423825304
0.5436060217289695	-0.14292461481831276	0.11756639384128514	1.368470445213914	0.23501137118197796	1.5040864036001178	0.05668874674831491	-1.1009302183580976	-0.5953554350058311	1.066801592429379	-0.4693742574609834	1.430400971262343	0.3109743582442048	0.4554386445477048
1.3374706021754275	0.6339350370855559	1.945076273359917	1.3566045580986796	1.5051710566118703	2.3464633992337203	-1.2658115544427038	-1.5076888122345427	-0.9603123898485192	-0.9506674815793366	-0.31982674761071533	0.8224723856545246	-1.7723505262643204	1.8930184296791455
-0.3689432481756924	0.35211382060158725	-0.2972408223482852	-0.3777417683428467	0.7419492357501222	0.3556201301773704	-0.3847104842235803	0.7901728082144586	-0.2093665604951155	-0.800372032921542	1.4451474834991003	0.6492461866106845	0.4570478012278783	-0.21339942457266356
0.22611797150614044	0.6832437283695263	0.030998074643461326	0.5623523036160486	0.06536293461857529	-0.20218394375203363	0.20655695435790733	0.7933899112749833	-0.4809688571476979	-0.2942081464676162	-0.09794391588663769	-0.27163280209193863	1.4010261020845725	-0.07299543881237815
-1.244452932489838	-0.7491060894235964	-1.5709464618665274	-0.9627033605810725	-2.9747596205500546	-1.4709789148837347	0.4480977986660002	1.5565710623719669	-0.04093821259250797	0.836062259088895	-2.158415817145657	-0.09969069181678572	-0.4660879683956162	-1.5898311331676531
-0.5789996786532832	-0.4130521812671161	0.6613443537796226	0.22635528318368914	-1.235493535054077	0.009411047866635634	-0.8093839906990714	-0.5517561959340325	1.3171232297083215	0.15375446520392483	-1.9195564335699415	-0.03230633723868355	0.3761274917238218	-0.15722396205146105
0.8241580666935738	1.028853783194472	0.6112024578736062	0.9626643814137393	1.3189458985225222	-0.05295951886670891	0.05146058894186664	0.24342353352273324	-0.5645539187293914	-0.6265061120084494	0.8307765221963079	-1.2380910461676318	1.2652945381694847	0.6297407554469351
-2.409868700187151	-1.0904945437571048	-2.0130292755414523	-2.1991277245708516	-0.9017775948912803	-2.75983099125442	-1.1503809568520302	0.9985603475513579	-0.46337415334153775	-1.2716462497038297	1.3281686202768865	-1.8312454895278327	0.6520849885983159	-1.8200477500075827
-0.09725768975348961	-0.3777910753519799	0.44889125389367635	-0.5318384339139248	1.2285609298702247	-0.2795358902509768	-0.25892121007975777	-0.7367635445466335	0.706651421454345	-1.340104192788163	1.9415723393668172	-0.804506360278272	0.2694208417368437	0.010382883028631442
-0.16563949486414	0.7002877693632463	0.4407501684241995	1.9308913938467305	-1.5662004269660668	-0.4899275715885463	0.14450026654267734	1.485342610639102	1.0526088970388459	2.9632941692789596	-2.2392160857630308	-0.3448022222657255	1.0005128730667512	-0.391020371633565
-0.5051780644563288	-0.3107734353621361	0.017607397901184707	-0.023787253882172954	-0.10786718641579757	0.6054700911110891	-1.3883057640272647	-0.16658888890870882	-1.1491544762454557	-0.31581505118158787	-0.06448940981701817	0.836765405135727	-1.6999093000228087	0.12916175798765098
0.04080737451504374	-1.0710028514954437	-0.18782617837235183	-0.14899611645002367	-0.4239835144051692	-1.27646033533071	0.42520849890299756	-1.4526762743001274	0.10131728605117668	-0.28644703502559565	-0.36970190244769485	-1.9511964358742946	0.4375285300193164	-0.2869027929192306
1.907879653810655	1.4908542557661124	0.6774338756758245	1.8052258477430665	0.5990495482442779	0.9981786981707746	1.0820832068340192	0.3850309760015819	-0.9370347629619062	0.5734047618981841	-1.1012282266591755	-0.7293123815202287	0.1138713731940796	1.2370613955263472
-0.18873684674410818	-1.5135296139232537	-1.7201550157676029	-1.166466783417385	-1.898491632511701	-1.0536095637468426	1.2390251194667812	-1.0279864887763654	-1.3049508550807174	-0.8938521783947145	-1.649504098706647	-0.272854240882433	0.7185545462609035	-1.040448629909615
-0.7940965599360015	-1.8227150119607556	-1.1016151996238304	-1.6091893783601519	-1.0182185429356778	-0.9322618673634973	0.49509838207481477	-1.0298303065513235	0.040206754197917166	-1.0211853654205798	0.30945329059425325	0.03502546515669606	-0.3033603671061354	-1.1441447546087344
0.6082433671906458	-1.7634421963270146	0.8076938962511306	-0.4254048326180335	-0.13501081759958425	-1.0765492155709995	0.9899300200623846	-2.086369453938623	0.7361803388316056	-0.47129615759034416	0.4086708941815196	-1.46517813530378	-1.6536088513423324	-0.18089875369537428
-0.6277743803720959	-0.8217301596067863	-0.9799933379179147	-1.2484922447193312	-0.6242908844241675	-0.7408009551235959	0.3549360216904791	0.42459467531439143	-0.210161668642799	-0.6801647812658586	0.7375047911305003	0.07519173096420068	-0.6674558408419263	-0.9429957966270359
1.33506238592962	1.8805484393207477	2.46987007061532	1.1289753124031332	1.2492309547509601	1.4650269447258752	-0.9379072095902362	-0.03702272676907474	1.0058796584195844	-1.633342113356929	-1.0884582541351921	-0.9735763705233875	0.23942179502712857	1.854877716376767
2.1811465268392443	1.1251613470620974	1.3508449789656911	0.5018212746995036	0.8811644110347182	1.7124155004952406	1.7656675370392156	0.001596139481083416	0.42367531427751964	-1.375438981525578	-0.4048158976365899	0.7065726441471503	0.16506622277133598	1.09119041881918
-0.9097993238361303	-1.1885309231521082	-0.6652707119156411	-0.2450504077890115	-0.7275686914503797	-0.8127852266363537	0.1042180609920978	-0.41506627305656724	0.528666099714247	0.7237014159827836	0.370824521468194	0.18265553793952471	0.6873604490544697	-1.0769632491290617
0.1088617012981487	-0.2361003254771955	-0.017732237148818247	0.48951042340602147	-0.4521984431614763	0.37870499594755097	0.6456925011581081	0.5391439336350162	0.4133564471605681	1.3299900008083936	0.15028677136437849	1.0638780250209487	-0.8111837785242887	-0.39734992995334756
0.9921768296796076	1.023802597122919	1.1158618637712352	0.7689704491113287	0.06440064316512994	0.5601687423819592	0.31143223692561445	0.6700146038419682	0.5685629741633335	-0.12451187593744525	-0.9361489229438064	-0.5631614459659938	-0.5072989736307112	0.7232536295438804
0.9434462056715482	0.7947636156005815	-0.30937436124686357	1.6982724526559667	1.0555241334549184	1.217998695040532	0.5232622574179562	0.16342105025000966	-1.6971516644996032	1.0619230357440288	0.6601788332386962	1.0577532051246836	1.057699076574108	0.4851711701357541
0.2300864918507694	0.3349948156698228	0.7490936901365756	1.108184101479641	-0.5937647414795499	0.4919481698889038	0.1401873570298833	0.24111066153671343	0.9801869921135644	1.0456874023599727	-1.277060727376426	0.5494046752521258	0.8213493124361886	0.026058556260557017
1.5126644245266	-0.2042185808075016	0.8779727525625145	-0.5161080131844726	0.14003792114895602	0.29893261347436184	1.8701214535654482	-0.20417300831632526	0.40100580051918217	-1.2883168702738679	0.21392159889318277	0.11088708161980419	-1.4609743089453155	0.21048008597135667
-0.21364301736856628	0.9059979145820696	2.057286716726868	1.8118052114988346	0.086232726570461	-0.8257754543789882	-0.1683740368688367	1.4184259058664537	2.76365333023473	1.3255155853253073	0.37174590960678566	-0.7242772099399613	1.9038382163266405	-0.3258252722031308
0.9662140999909307	1.0050980426072151	0.19596186918178604	1.571998677725735	0.6275520765996261	1.7865781796613032	0.02857878629124055	0.09336661526220259	-1.2516841329861608	0.7048487317538173	-0.5358765944627146	1.0660663423527978	0.01064187181784226	0.946949699086325
-1.6878775039832359	-1.8180958168632153	-2.349183563487763	-0.7981314541739755	-1.8715762483189364	-0.5458720603920499	-0.21187703707101138	-0.5299817139719493	-1.4127209398469958	0.6013406093058601	-0.5673799609441064	1.7391636282862097	0.9927260339198659	-1.698651995264019
-1.3578773757942297	-1.0340868715655325	-1.7992522463648681	0.15841953427273325	-0.8674540125565229	-2.155036368637989	0.1876946289381192	0.6619526409255889	-0.5531251957736847	2.1887241144474823	0.9636848599331239	-1.192630710143148	0.7634513922930426	-1.5839487345794945
-0.24063461203472805	0.33700084851538786	-0.21220253893731722	0.5758353745226036	-0.30914743420750335	0.7449945820403657	-0.31695884059370444	0.5060022422523893	-0.4960177828032579	0.18628142247362106	-0.47854755286006545	1.474345489296257	1.2141730447891577	-0.20943510579387725
0.3351458294222132	-0.46303787811879815	0.5036636989339751	1.0962866560274724	-0.7257307721949912	0.4101201824260766	-0.24171843590336758	-1.2395694281652727	0.08354376666559324	0.9828704372218068	-1.6867702807962426	-0.25269151890809793	-0.555541709631253	0.3918121207066161
0.8360873543614791	0.4639354257285591	-0.5487529663031036	1.1045883968157013	0.8961235467348512	-0.3359877335008539	0.9323075482449009	0.1798541221184843	-1.5753613473638393	0.5617851378939183	0.9837520987452384	-0.8918253454666747	1.172461484613548	0.12153065553475893
-0.3274396232851907	-2.2918675712520944	-1.136220171713899	-0.30383456246264673	-1.5050645710312323	-1.3673421795602767	0.9605150203064637	-1.8441144386924029	-0.40950988981560177	1.0503999847854435	-0.5616766715113157	-0.8033620542410884	-0.8131730088075114	-1.0227643062751504
0.12180696370582422	1.0607828284695064	0.24931841963163803	1.3415211108139824	-0.18647126160994998	1.3416047299992633	-0.9624694974362648	0.7603021117680447	-0.6963863453143088	0.8852536916958437	-1.3193217338381686	0.8219937875113981	-0.2501622004991442	0.6546340015085085
0.06655625770855789	0.500784993177479	0.7551162838986765	0.6438946030348012	1.189215035937818	0.2447525214263876	-1.0815116065824404	-0.360180016911154	0.10001021426735307	-0.45768631184392317	0.7873102212386199	-1.0761967550054228	0.12438615564589978	0.6920157721949914
0.496990575462142	1.7772305259321537	2.983285271818267	2.6432610560013305	2.7495759262250328	1.5872553876724713	-2.352925587885859	-0.3084449502096504	1.7261311029505018	0.6050886232372022	1.3536196130197635	-0.5202398600900169	0.9201732618219638	1.7782628436935513
-1.1414487708400445	-0.9694789366577712	-2.0137991144257947	-2.624590965461187	-1.52135633342737	-0.5891855868423377	-0.08875593937846994	0.5564356541492236	-1.5066854311996682	-2.585552541262121	-0.3753521163699224	0.7146365253390582	-0.6035227080611244	-1.1826357875350804
-0.8986356444652639	-0.6318751000534334	-1.8006168672799028	-2.0551542142792725	-1.6501779101679317	-1.5780850046656807	0.7448027351154881	1.1891761034076849	-0.7467247168842113	-1.5165252178377162	-0.5079923393799544	-0.708472052113379	0.037405550462026184	-1.3528618721904495
1.1732632006201835	0.7069843889152285	0.30325855143373853	0.5821785923635503	-0.6718778404881545	0.5283390578369114	1.169411662460722	1.0219088772620641	-0.4553127285306767	0.32913014681443853	-1.3517507949361653	0.20522037355366074	-1.1318810097463516	0.3202152645072604
0.507581017222023	-0.5486666785623562	-0.04887804077818314	-0.40494675531994984	0.10532571649642603	0.49780444058268886	0.6428968311164687	-0.8187837474348368	-0.2321083831411787	-0.9473684004283887	0.2645697183435877	0.46710937682058234	-0.494443108498365	0.04149219159821888
-0.9263662551440961	-0.15331532870881331	-1.5836173823333466	-0.5373714100783258	-0.8625222434406653	-1.5118307251946974	-0.5416322229233312	0.656971883756347	-1.7033678239251968	-0.5147445719655919	-0.48308754702824847	-1.5002869509727537	0.9236848533072255	-0.7322354296240666
-0.9523691227878379	-1.3285578912813025	-0.026599344563385974	-0.8938741858903309	-1.2380761878724673	-0.42115092249577296	0.06268142525193181	-0.31016597848569494	1.6639260034382777	0.055842049810341	-0.163304342137434	0.7587751494611942	-0.4151594330047987	-1.0594264175889256
-2.445090287946175	-1.3818379294222287	-2.6472412236689795	-2.116039404526199	-1.2994504298730334	-1.8273153441289778	-0.9815454605683627	0.918352375228675	-1.2709358555091887	-0.6449303105061558	1.055217281958522	-0.21762721332007773	-0.20060561015441264	-1.892728232528551
0.21260220321577425	-0.057116336322390354	0.2258410782190124	-1.0332264783484761	-0.12720254600652853	-0.4507473431025746	0.5325393623309954	0.04315958442722224	0.5963743909338801	-1.9835523671571704	-0.06343761332840692	-0.7026465728293975	0.571712294531972	-0.1973545458851181
0.685756572533103	0.9014400088607527	-0.027516880763793217	2.347402385157189	-0.2645724579837818	0.05121820275436761	0.6016931920879051	0.6526143336200437	-1.5990430060375134	1.187271222079813	-0.9098430432092703	0.06396278226785201	2.0362901974724505	0.10261336919423635
1.5626348528080136	1.5549814756132125	1.4535223236019048	0.6733463217510361	1.7431005424239627	0.7770315365220369	0.6452845563959871	0.6875953610415787	0.4880351011129562	-1.1162812230262567	1.0010938905654818	-0.9692318816651093	-0.08428162706808433	1.1592805844018823
-0.6556515460542771	-1.1484207695255528	-1.1264259918704822	0.25651245017693036	-1.7929599412647523	0.47776287010368834	0.270365966649922	-0.5526555628787708	-0.48449643389082475	1.453638141286717	-1.6268220016989567	1.861399632264787	0.10566955315178209	-0.8379613424286468
0.7699487394332265	2.2583086945595814	1.7820582378314442	2.9784913784361113	1.5346012412988075	0.7119304658776288	-1.1581088697658615	1.06849464913425	-0.19398552034030223	0.8740784941307262	0.1323808325849945	-0.8416742646580346	1.7869297668415982	1.2598259517107118
1.2016679218945618	0.5702589178651206	2.115090194976093	2.630075457636374	0.30192409168384493	0.018499031564630286	0.6995553105350957	-0.6999138933349294	0.9873537365766994	0.44049116984056114	-0.6798237537654583	-0.6860618472440928	2.2065618933457922	0.5488948751969197
-1.2940478633901231	-2.077799370971952	-1.6009647723571032	-0.8303552805038334	-1.3064272591450607	-0.36458641296113237	-0.3129179566461638	-1.3740224014370213	-0.7656050774649965	0.348343589418939	-0.09191367948504645	1.0411009606380979	-0.3994003675550557	-1.173505856598728
1.2879962341093831	0.7410108793599937	0.7705657009823927	1.5019588591290578	1.0128718330892426	2.027818497226831	-0.19100905803102142	-0.7740922663836973	-1.0079051114617998	0.11872510716616534	-0.33001813692589377	0.9033285205276753	-0.5484334234210119	1.3151529238744144
-1.435763746917527	-0.09012738644173268	-0.5014601718795766	-0.2340874406371929	-0.9733064611532524	-0.4806170748958275	-0.5848504161687202	1.6896399957477761	0.9872414629630711	1.1159920583328098	0.21766864785330617	0.6898085402744355	-0.04820768980824688	-1.0942698459287488
-0.30504762994175805	1.217553514124102	1.2283052290382517	0.2700885411975613	-0.152395189131331	0.04344325545773775	-1.4445759710194759	1.274778388373319	1.1678747260372588	-0.650437386640825	-1.0098219663917207	-1.0982089894625189	-0.29023386511774435	0.5107332541236594
1.2491866244655012	1.3782184463469902	1.902629539474409	1.2609000633861556	2.2007375111521816	1.4314533090384252	-0.08875480557249636	0.7069366839203097	0.8813345282078089	0.04851278754185274	2.019813375445456	0.2805987577822184	-1.0325997301234908	1.1605763820195025
2.5041427010380164	0.7290013349691882	0.35260054766129023	1.182188491073102	0.14753592723374886	1.3340654619879058	2.3320355977501865	-0.634705873598002	-1.2015751143231796	-0.2229705539789076	-1.6030673238322544	0.1291621440889668	0.23807675621273666	1.062209507885442
0.07419711770780332	-0.0654976763586456	0.40339121880432793	-0.8894411232280407	-0.06981705197037669	-0.16208148991844548	-0.04355362166199884	0.1021700942073889	0.5333367886160475	-1.6602593751305326	0.08066402629294485	-0.5395806181229686	-0.6405894934589272	0.0013181658087064905
0.8147344565005643	-1.6602518537139757	-1.1038257650982797	0.762193922627433	-0.9483463516603248	0.4179446030275761	1.552371454572799	-2.177216841991627	-1.6244394849357324	1.4659491404969804	-1.0071968382096783	0.8015730385215869	-0.6720914520253085	-0.21950345811393765
0.23320433550742478	-1.2835401874237886	0.6903564623694634	0.48066796569612336	-0.9048343034379145	0.10407468586550125	-0.10628506800203483	-2.0317375427272255	0.5128440983226447	0.43615374223990583	-1.4659816033550122	-0.23602174583552865	-1.0766224423801183	0.1508268266885703
-0.41755297600134916	-1.356808079359603	-1.1145168589375816	0.145823271198242	-1.5119376686743227	-0.09185855300827295	0.49190446185010817	-1.2150234157015825	-0.9024349288037194	0.5640425334720106	-1.3791352933023953	1.1877134045992843	1.223664729979648	-0.8725269759345828
0.7739897356121838	0.2845645086190336	-0.3633097494213562	0.45693830662350865	1.5148024636919515	1.0456641498823087	0.6199217531869414	-0.06709767517341265	-1.227843468991524	-0.1195090176255823	1.9828416385922474	0.8075008505815545	-0.20204422314579676	0.36523195835224054
0.831502716667302	0.1323190364653847	0.45924492234878334	-1.005731768159278	0.3474627351617058	-0.8578658912919748	1.6955125117124643	0.32463770456281393	0.5821185246476901	-2.6316480202371895	0.8681218247999116	-0.8128672119204209	1.5546027541981693	-0.3733841371119375
-0.6294045960231722	-1.3759550632073982	-0.45714263936757926	-0.47800765925111305	-0.711235692289748	-1.5843355260918472	0.5744080514871459	-0.6316228745448964	0.8792230904665675	0.5310701166162288	0.4762318252574221	-1.3310748764964953	-0.058143551574953566	-0.9853526281654696
1.294372686789182	0.8992108096877227	1.9008500021646462	1.7890984210266598	0.6790505472560598	1.3564324657377926	-0.4747987211519579	-1.0013612021906892	0.5845006835944985	0.14174468316899866	-1.3687905215492864	-0.634684887923967	-0.20753820040267362	1.541535171082671
1.9060282893154716	1.718204997637817	2.871216591775587	1.7415886675122447	1.9978604775800872	1.8153164971000268	-0.22647884327440548	-0.5404547498858262	1.4048846972994133	-0.8358258402135019	-0.07433705680576584	-0.6853281709718836	0.07686925290977481	2.027103996987358
1.5554351138055758	2.4659433175910093	2.530204131081839	1.6219315973164774	1.7536734048246843	2.2020418058095044	-0.6534054714439298	0.8104715460274895	0.9901939111393339	-1.0272697423926436	-0.35963020839495125	0.33771403127092076	0.679267878100388	1.8438068143544382
-1.152261373259571	-0.8302411211542879	-0.5081943150906856	0.21100869055503102	-0.16223788268019934	-1.6482625636421495	-0.9588187777905082	0.10479310479058586	0.047490561743820096	1.3995919383654665	1.1759347694161346	-1.767556517166382	-0.9255320618836707	-0.7080105716519053
0.9788011531303287	-0.6562559124926036	0.49548986885638185	0.18895748507366755	-0.1936891302904101	0.2667743084759093	1.1221982575067961	-0.6314191272166062	-0.48925582812121365	0.10462559904942582	-0.16213169729954863	0.38199020577132925	-1.8626762388145248	0.09513081160026506
1.1558976147116602	2.219260767455845	1.7818644738759426	1.5687006035390474	2.3507193075819144	2.0231671621231326	-1.2353423686598708	0.6898628142568072	-0.1393400550858109	-0.7367592333612141	0.9081749096985563	-0.04125752011808278	-0.24204254603650843	1.853751588109062
0.5055592006312978	1.5025339142430072	-0.613899455139748	-0.34032420809604624	-1.0673688296481432	-0.6415858133541531	-0.017663789907419895	1.961252847750221	-1.8350295774249665	-1.4827649205195597	-2.329980533084785	-2.0762105027019393	-0.5279496235768496	0.43137213030824456
0.14222452283094905	-0.3851446840615775	-0.5142388568847827	0.3298219273522399	-0.967526886724397	-0.4859928571917854	0.6784714099057859	-0.10401161264517937	-0.37658398828116585	0.7507058059172314	-1.0748351765347666	-0.6516269076617643	-0.14980478821868792	-0.2927767588307323
-0.30359434011358877	-0.12803948890302663	-0.20390458903456238	-0.25167862577391076	-0.867379956589244	0.09695403291449134	0.02595178519217106	0.8507348806693924	0.12029195250863935	0.20194503448911874	-0.4250973546319498	0.7160550032948652	-0.9359677168462321	-0.4512868739354157
0.21131297353023007	-0.5051362709992938	1.402916816826496	1.1094238149539792	-0.09840305390638907	0.9093446600547098	-0.050676833775016646	-0.8621947629245659	1.9618637919387778	1.4383622132492864	-0.1991138591312278	1.0134985725558132	-0.6480809094044364	0.14179676863633295
0.6426570867982406	0.8124907143820234	0.20571847853229294	0.7617069372262474	0.44761230886400755	1.2310033802127431	0.6235927760646858	0.8593617571192663	-0.07432461527856674	0.3585177700844227	0.26492263085187623	1.4981448956962231	0.6311409087388333	0.17064547836269686
0.22972136492000703	0.19595094808571875	-0.06920056589862084	0.41041039890327613	0.036830593501298026	0.5030746390464101	-0.20615318870808202	-0.3122208916890286	-0.6783388417873694	-0.37673328783002635	-0.5624618162405717	0.15112887732769345	0.6503205919803551	0.2532193647030649
1.0163301550441897	0.8529975926936285	0.535556649277136	1.1084878994464407	-0.32599388452548445	1.380177828115455	0.6817856894060835	0.8635707150281705	-0.13125546827846418	0.8759600366238264	-1.1273235865034683	1.2448922976675834	-0.7834616600574561	0.49154749568821743
-1.419654012790484	-1.056144548076696	-1.0996860871198315	-1.1847501644178229	-1.1574229785401082	-1.9223032415417725	-0.18704083808681868	0.3905095628493524	0.4009834950375042	-0.20059705142434672	0.22743468260739153	-1.1933709575258082	0.47049562371671616	-1.3845494105296505
0.755607908853333	1.7950453536195228	1.2895845638784085	0.5014794419125026	0.559958505185321	1.774542602762554	-1.056251831189065	0.9548529829022945	-0.11057199950273341	-1.5646832049476405	-1.1089283896246829	0.46891848937728703	-0.4586297504821726	1.3138595139745806
-0.6904782055366057	-0.047653192656796184	0.9521644398793397	1.111633398022531	0.31154715091528845	0.9262768255111297	-1.494305114942804	-0.4262582383092598	1.2821469149668023	1.1687127497262513	0.17258906544837346	0.9166194717822914	0.14804445898310717	0.17849285853213823
-0.23717160246443614	-0.6630785911581991	-1.125794572460538	0.6900828528925865	-0.4691009037935998	-0.2958596227333993	0.49823977578607087	-0.20659934498474736	-0.9803191344735839	1.7153269864498493	0.11669677697043952	0.06960074513502221	-0.007522868405765037	-0.5376144104861977
0.051853950046694505	-0.41535543642200123	0.5989034860405549	0.35333710218200665	-0.05804448021740881	0.6428633598955601	-0.11011506371801251	-0.42674422992977035	0.7845934489593511	0.4381589259518371	0.1413316750393675	0.838150200121002	-0.7989540313827185	0.0004819078124046798
0.7248544186461234	0.06027555465808604	0.22524865899284904	-0.2781222113081975	1.4116629628186814	-0.48888609926346105	1.3339987406300948	0.7240324280385042	0.4584374681737921	-0.2692432827610623	2.941347605154726	-0.6960281685059467	-0.8680827464988918	-0.2005273528652381
-0.2138466406271196	-0.7691492747198364	0.2989333592778727	-0.2106609778392411	-0.3086500915357785	-0.7534184238837202	0.6490299291142	-0.0046304095986891515	1.5602626841404288	0.5640703050245738	0.7579742151863021	-0.42788746886612994	-0.4464321892091326	-0.6770845911187964
-0.9581163611643925	-3.1459479522078677	-0.5717133965064503	-0.32159286082525385	-2.5018715800718323	-1.8352651782907796	0.8448489754989391	-2.1825040046744633	1.326887545922637	2.0448391616269364	-1.1805287949464045	-0.5162629110773465	-1.1102788971838968	-1.6143897699664105
2.093440018571139	1.1925168225787766	0.24610433250485575	1.1746824791267274	2.070667627979147	1.8658083563875638	1.7457213333146553	0.04966116509448075	-1.7775321732249105	-0.9736791587849442	1.680672794342138	1.6480740251451642	1.4997587531942744	0.8627683728832332
-0.9559456405439257	-0.2807380770187794	-0.4533636247099233	0.08755121178906566	-1.1045547017312176	-1.7735646716987965	-0.7809711411225162	0.22979739088225687	-0.08382162936319415	0.22690225559501656	-1.0785337670473258	-2.06007156890611	1.0724764818581054	-0.6331118079197546
-1.624958393050729	-0.8701730409521061	-1.3651449836047327	0.07374359596796531	-1.5500669574255328	-1.9779308733158	-0.17212922224377894	1.370981878130688	0.315673163854423	2.579164793121232	0.23211767798728833	-0.9291529154319097	-0.47008578464260703	-1.5987450109019976
0.22513691268932412	0.7421572323873045	1.5675721434156744	0.005888444575274154	0.5270830588224346	1.9869708528691652	-0.8316798130764462	0.3584611559090707	1.4512328941261692	-1.244052331246673	-0.00901269489039817	1.9659264489936845	-0.5482172200887346	0.636723982859609
-1.2221956047866884	-1.2995226540780211	0.8682154880596176	-0.21049610987666711	-0.6680831241821057	-1.3304844461037244	-0.7541561447042519	-0.35299305046942214	2.6599670759985834	1.020186803949267	0.6563823979790587	-0.9139872029131144	-0.9317158696068774	-0.9013836498749924
0.7688658226619306	-1.826855701800115	0.950194692975644	0.38099747393219235	0.3332016740812172	0.17943645223674545	1.1216467554417195	-2.7907635753563262	1.435553809036862	0.48898970657627105	0.7902021417436863	0.06397861160133417	-0.7067724809172732	-0.011043060402864683
2.6280278922018954	2.108694683241403	2.069648408730864	3.2484788225812014	3.020900650313515	2.06581367026277	0.001034106104351896	-1.0740291959412507	-1.4402473890285872	-0.25832871657293216	0.6376409075639653	-0.6197793803978027	1.5739754218367	2.4383171164388133
-0.7297839309527498	-1.672667649961336	0.5165128668408702	-0.8237523836193068	-1.2096932073878115	-0.6359762009237995	-0.04706370713653695	-0.49130458515600794	0.7851496299658849	0.14909259175647302	-0.19102745840347676	0.6984260410245495	-2.214137052295877	-0.9350574884085557
2.079195169752023	1.4448367759541476	1.5503192293843266	1.5387641752725916	0.9110356701673958	2.2232800774971304	1.2891594722267805	0.5639246195913877	0.4522198284635816	0.3441463963330721	-0.3350843095911004	1.3930672311272772	-0.5547637842352731	1.2174347610463694
0.45680286221729827	0.7177635635840087	0.5212607318952368	0.25089630631870147	-0.8295793089283967	-1.0894290042149117	1.1696352070007672	1.7827347380936762	1.3335266965188934	0.6590098953649305	-0.7974413687094472	-1.6439697576483707	-0.2842894658737223	-0.2950193860974525
2.0338196611017585	0.48996447865849224	1.7829959554485844	1.109549670420942	0.7098302080820407	1.5116500586011528	1.2872394914400036	-1.077812154590032	0.9281049324277854	-0.3952931556797861	-0.71344822580061	0.19850277900906046	-0.3351084497818279	1.203673461368877
-0.3893700352210314	-0.3031327190397942	-1.390685231211728	-1.7553882172765811	-1.4201412538819946	-0.07236666949227333	0.9683987274774231	1.4887270085038753	-0.6714186351436656	-1.3203178456724185	-0.3870223391964898	1.3930481348866979	-0.636958385378706	-1.068977247066378
1.082912515768437	-0.440872072815803	1.0187019784135924	0.8277256635990218	0.4696272159981297	0.5221460947632564	0.3875439958738291	-2.2355474413076606	0.23139442921139564	-0.633151731970517	-0.681207739740486	-0.5475216537241404	0.8834640069026165	0.7237635905882699
-0.01230765923132185	-0.3997237721415502	0.9403619800425613	-0.3708196347515367	0.11345874733571387	0.09129030486178688	0.1848785820904371	-0.5420804994084394	1.7292361127404123	-0.99928075419862	0.34838000975142097	0.3509992435930081	0.8694305407975946	-0.2483615806560055
0.16901620678105678	0.5374802119675832	-0.3529228946105323	0.32325515531067356	1.1399572221856469	0.05908797503026769	0.6442313985772857	1.0111397340111197	-0.9145568116119392	-0.6887491345969058	2.2725816597510518	0.8598868498447761	1.7550195631856098	-0.4202075410762105
-0.053362797190868505	-0.5896635611662798	0.3580723739639469	-0.48900545244410853	-0.46700305833373945	-0.722036944270507	0.6199805389515066	-0.2966338298013341	1.3639406713602313	-0.4956015741595194	-0.08821762964088392	-0.6832145351682618	0.41659633001817103	-0.4950025292891136
-0.24018545689971327	-0.11728254796365181	0.5375373868248192	0.013181800099105745	-0.6017418310307341	-0.6525642120488152	-0.7063037575263283	-0.5860202053219996	0.5378467107834952	-0.8838674505307839	-1.3557464222550544	-1.390990868277807	0.8905111081977963	0.05622735358998865
0.20507302260748544	-0.7483493416286734	-0.4138404323867314	-0.4538052970307631	-0.013016216754264676	0.20658275433076037	0.2125893128378605	-0.9306430277134444	-0.8255017890893162	-0.8503334155804098	0.27050412657177303	0.16517152762357357	-0.7677226945737482	-0.036418986085857113
-0.18191699261577987	-1.9457398554227714	-0.782572670095722	-1.2463733958141963	-1.0435039987898962	-1.102112135025101	1.1703482699082604	-1.5704891324027654	0.22764294841114663	-0.7535412826035179	-0.06856395703808767	-0.5873875152369438	-0.319414232359624	-0.9395635295091875
0.17553654037519972	-1.3196645043662583	0.15778755027609231	0.6562820270784544	-0.2349085107677607	2.107788485779688	-0.4993050860915182	-2.7359858925581952	-0.4706796586962035	0.19855663610141056	-0.9320598365720268	2.5326174625996205	-0.4172467343227654	0.4053763780332119
0.05263489279045022	0.8060418743707611	1.1101194522823943	0.2576607163154926	-0.26239385929184433	-0.8524291069321637	-0.21637104332994692	1.2607749482622328	1.6053877366209863	-0.0055738789719651256	-0.5224887793420735	-1.9349251535406926	-0.3582246352103304	0.12122183245548764
0.6282874963991338	1.037015333990023	1.3302393412683717	1.3407803592244507	2.18584291520352	1.2937303862833032	-0.8479545162453654	-0.19972494636820345	0.3722575786657239	-0.07924435971308476	1.7223956137676724	0.10877394582832325	0.5131324517879277	1.0542238114533595
-0.10355970194262584	1.323514464935264	0.16614041241323707	0.1542141795068713	1.0308474681634487	1.2137738684200725	-0.24322746847126017	2.6528336480773285	0.14715418901837168	0.26705197030189115	2.1252513619864195	1.9622157692147613	-0.9071844635891683	-0.08674883119329935
-0.6799292320221176	-0.558544652171235	-0.6372743922227492	-0.6331955034844456	-0.9901820906995291	-0.3177746020718383	0.06565120506366354	0.42000761490889693	0.18930860281065542	-0.046660553197161454	-0.30015939441766115	0.41736616667858867	-0.24057297819806595	-0.7624346254769598
2.1520360817411532	1.0313659668696757	1.7698883006143982	1.062011933236023	0.6363919706825216	2.8018968194031064	1.5713890242678081	-0.21368837394520435	0.9691269106424467	-0.4985559361221688	-0.8720943074964919	2.3639738458381747	-0.12782626176407913	1.1851442435896142
3.7817485154592827	2.223800543949311	1.6770018390129473	2.1890998084846687	2.350824814398483	2.0867280317064485	3.1652697800036607	0.4216374568506117	-0.5957424275139034	-0.38610311887849463	0.734542181929194	0.507182496248025	1.2537546871573833	1.7200671324074677
-1.4875636993780565	-1.6751133610896818	-1.5587303102763181	-0.5590618273059821	-1.7670117666151308	-0.889993024033804	-1.0489776147803014	-1.2484126347744746	-1.123755668430306	0.27342867983950137	-1.4018827528693019	-0.32692614107234913	-0.1767158598956525	-0.8907226082458666
2.149330356266188	3.4776701686664326	2.5931162288329714	2.519838892355687	1.7818295700369984	1.5260037862790568	0.08313353768177391	2.229787041883239	0.8134287589978912	0.16772220283456155	-0.5714016811385024	-1.0020980175036294	0.7762338673818601	1.984551170060117
-0.654738317991319	-1.0262414770415542	0.13513011946892944	-0.5219106637493407	-0.926698780634702	-0.8410487075222999	-0.6068501502580848	-0.631456570504828	0.5756023897451062	-0.2598691220563836	-0.5282139335761685	-0.8391209867807436	-1.0606668772683732	-0.43523415928498277
2.725296999818407	2.190199870374276	2.894501642709533	3.580876440830299	2.2959371634299055	2.095286106758257	0.7482723171905089	-0.21701620245628625	1.0063903172703734	1.61801396364617	-0.011353287638359513	-0.33028337770123	0.8182598034567146	2.156757631156705
1.098815376209213	0.6633338032291194	0.7079664765417906	1.7936132607782622	1.207578049588526	0.20478127936482615	0.42268102787219597	0.258332671688919	-0.32810423149909085	1.6874031995641916	1.1134555422625259	-1.019043231012213	-0.9941466046300093	0.7071635211417698
-0.12120791499197481	0.0843556490323662	-0.6303252919135638	-0.07500835523737201	-0.2533743970902502	-1.0944882143602652	0.4506796910575597	0.6652686489722142	-0.5829766004823874	-0.26908875902714674	0.18128663022165256	-1.0528739295863396	1.1491001799677418	-0.5446255763445107
1.6296242293542669	2.1577233937515716	2.3814984275360085	2.2325309335755943	2.2155473764888898	2.130910798545905	-0.4048865589694999	0.9850548979764	0.7956443338413138	0.6758284120205541	1.0435626959756177	0.43376315651238606	-0.8917998639630064	1.7450504277583327
0.11415168857583258	0.7713023932810359	0.8899540037019074	0.44033586189052837	0.47250387714091313	0.9123108930046283	-1.0184913199380228	0.3371467750242227	0.3323031444988714	-0.5741890976708279	-0.1651119160199314	0.12658591306535436	-0.42616896065481014	0.6542481203974643
0.0612821899437318	-0.3027642273494391	-0.4120781733110124	-0.1590671500246973	-0.0355236328755872	-0.29993179657037106	0.3587778314929844	-0.384942203348468	-0.6466065814844469	-0.8512817911622587	0.14953973850657667	-0.10173315963071797	1.1988729531181401	-0.3115734959639863
0.08499311520192288	-0.039475365363090154	1.0777548482558441	0.7923775964432874	0.737557873062674	1.6184987626823002	-1.0180937334097189	-0.9039842737850164	0.6838477427895996	0.10878547374214906	0.38265259670983504	1.3941036303553356	-0.5356905997308381	0.6100533188540873
-1.5070917416116567	-1.604192973766229	-1.17441777403242	-0.7840022813289204	-1.9888500765545463	-1.825762792208901	0.089970408121284	0.16662979068373843	0.7035377050546352	1.1781671393538253	-0.47768063839666813	-0.6404967142328488	-0.38777939577146936	-1.6266149690221783
-0.8471662393096895	0.37596473345112935	-0.303263471151031	-0.10638543602511935	-0.4490856525767164	-1.8041327681957418	-0.9618263677073143	2.0624649891759135	-0.8973482207820818	0.5769364812486713	0.3719327244705399	-2.0965029639691903	-1.894430747978146	-0.4826281104587895
-0.5548665675223949	0.14837300143934323	0.19823110987857484	0.7808909284575704	-0.291943416179034	-0.04385528766184629	-1.10108840669923	0.4637277341414358	0.17608550476784768	1.124486125286602	-0.28626576616524646	-0.340897652579382	-0.6671406214835136	0.0035644852511844834
1.3306584111525903	1.074155471264805	0.08152443406212706	0.6690247537070761	0.350645255078722	-0.08356725394763109	1.1040001970281337	0.6588325553443821	-0.9185871196836414	-0.3744201333563364	-0.5444042559826573	-1.4618665671845	0.36178336181674525	0.6064992656948266
0.5197750452177854	2.095817728309213	0.4709284867009149	2.372175305314314	2.364079624953199	1.4109755762235847	-1.3275553968565756	1.5332620937022317	-1.3497395612911804	1.6392280796704803	1.9773365993034486	-0.04438195098376399	-0.3800901981835399	1.2518785117245825
1.0328459367885543	0.1458643909559863	0.9814434057560828	1.4502207100222084	0.5170967586919808	0.3391010352021839	0.11329452259014686	-0.3834303082211354	-0.8037862834518648	1.1115101290948797	-0.07609627727524376	-0.5866853509842141	-1.8851547118987209	0.7529535182684117
2.1427855989234983	0.505521627042782	2.828437238087548	0.3272794200642519	-0.15233058038447167	1.7194878870297305	1.4766637090161405	-0.18790800824933152	1.5641196007683817	-1.2172439959272408	-1.6820184613366786	1.3049161181621993	-2.07069936557558	1.032406305107497
0.13477337175086412	0.8110620295723924	-0.019795159525819686	0.4260438442956949	-0.6628506002628088	0.13843274984850665	0.318028242567538	1.5238357564167146	0.09369415945050352	0.5464455481796474	-0.9327846211873998	0.031440059537412704	-0.12140071242924454	-0.07895928179178742
-1.3273080410648448	-1.3976934537248986	0.5079561151067775	-0.10396834780797365	-1.8316481417415915	-1.7815863111137793	-1.1255559196308627	-1.0077700172613002	1.9924221704497718	0.7936219695145311	-1.7340987042873557	-2.0842018002619027	-0.38185672363778295	-0.7166600986405619
0.15008899070839576	-0.8683256395744032	0.3466502514522002	1.16505833417691	-0.27058046501343513	-1.1361705883236808	0.7627577646168625	-0.9922113302297989	1.1016078518191752	1.9559892659183618	0.023289110017508247	-1.4556322782566757	0.7083792431747808	-0.41467469007148
1.4249001213601913	1.1736471046791939	0.4215189629740063	0.1537208610997492	-0.19663826683782715	0.1479145202717608	1.8954391175202705	1.8201698275356197	0.2642208264267963	-0.259049423543051	-0.4740669875706045	-0.3608936344924653	-0.5757352345259185	0.1966922550630057
-0.8832145804295847	-1.5732123844730546	0.36295614078552807	-0.7370460226050147	-0.743773817406299	-0.8726797058067535	-0.18644288958556118	-1.3081241747994492	1.9039025303895527	-0.24814958532389988	0.0742690448263183	-0.4879028493359032	-0.04292035394329051	-0.7797538088047269
-0.6133425975769546	-0.015669832658832872	0.7197281529189852	-0.5258680445309863	0.4540798863908178	0.32637556375720295	-1.0983382744753651	0.4156209082267056	1.064129878412596	-0.8717487725400073	1.1586742318279262	0.47794716238785917	-0.9076444925233852	-0.08351347909017919
1.3087569017973393	1.5114593888474195	-0.09885282370403514	0.368102863615667	1.2066454903786374	1.3060199174644198	0.4984680095533753	0.8362978501987116	-1.8453095749940471	-1.4026373815346835	0.3282747034357604	0.1628346771551082	0.006784820974655959	1.0083237145332615
-0.6043679427125959	0.6497041121428477	-0.0689206111846177	0.29213309036444063	-0.27534608746438394	-0.17547202497550418	-1.320962593379522	1.0405758971428043	-0.3719004809090892	0.08260163236711779	-0.506043828303085	-0.7840497306446272	-0.44567727979388044	0.11449402981594127
-1.0574872861945483	-0.7479921098856315	-0.7639430066801127	-0.2504905969850705	-0.7015426752612943	-0.4294267305128403	-1.002357075606972	-0.20313759865596928	-0.458071262101554	0.26140762540467466	-0.1313179079009413	-0.12549891725829412	-0.4669780278601721	-0.5327139451200155
0.15653950894531143	0.2232024104983764	0.4225709606675737	-0.2864592259210367	-0.8279127423299493	-0.6703302005510013	1.298506250978733	1.2444444768209704	1.4193090778822988	-0.4406594364295609	-0.38269367543164723	0.13212396486406408	1.3498523093232149	-0.7934347374588487
0.7557177222057301	-0.36528748833020974	1.0765851418166383	1.6088815345368663	0.6528178427473111	1.8531124795004277	-0.5478361075824069	-2.44290037488393	0.04289546327696543	0.4735507979074761	-0.7408601898089364	1.1069440731032991	0.45555187010058723	1.0093423625800306
-0.230270169718643	-0.40239661042302244	0.35180770651799315	-0.20483940517072075	0.15411528613589143	-0.22798250471804443	-0.40784923087008873	-0.726697568390133	0.613637295000929	-0.7812387648729066	0.20784999397104043	-0.5598328134750759	0.5041224424667949	-0.06720255788230163
0.33319364840887405	1.0687410454333528	0.31915769736746424	1.3641391493628596	0.4040140776283928	0.1692333925437962	-0.05664226095397638	0.9427119904414297	-0.6693181588725289	0.2398138410648293	0.05499709568229308	0.02442819423125931	1.6567945831531343	0.17175493453786797
-0.35208731208467603	-0.35368762893202305	0.49685834003844787	-0.27227077753028217	-0.9081400917612389	-0.7335298818404405	-0.28663695822067164	-0.48632662917442016	0.6730375644484176	-1.3588502254063495	-1.2390949356228953	-0.6348222237197259	1.5122436781644237	-0.36434038706025573
-1.101450289653235	0.283413503678533	-0.2923191097322445	-0.25466377550000974	-0.44378128622438484	-0.543181555644459	-0.9420434303047365	2.109284612933062	0.07025543277503837	0.6716837285332328	0.7678669087741485	0.20849163183402528	-1.3677324416040384	-0.7086107757604965
-0.2879769904290358	1.268219446633831	0.5963859658863795	0.403578598349176	1.0610121733532833	1.020629780655648	-1.974977578166716	1.0427397738442248	-0.49486271433782597	-0.8016480486428911	0.6766695150974665	0.1387859285680107	-0.7262300195350356	0.7878215862343034
1.1155860746413087	2.4224855127228153	1.3132642704947433	0.8590872283939295	2.655625028034021	1.7351461299381241	-0.27256423824596976	1.8818343359643341	0.11466900235529984	-1.0923066856932433	2.274673769359581	0.5750022563768803	0.4265848129693735	1.2080679485503403
0.23497297723177057	-0.38992119562192973	-0.7093357362805809	-0.6980873288830638	-0.77569412262889	-0.44369562315097594	0.8111123036278726	-0.2692947028266982	-0.7196838916726729	-1.1807990865983498	-0.9024403596249766	-0.4526311564221219	0.5639911184827122	-0.3411425976224533
0.9215592335663796	0.9663358725701489	1.8170354453522395	1.6173689248186118	1.4160386733440022	0.32120190281509264	0.03838438441104474	-0.113927597553143	0.9397637491018699	-0.2266995633911209	0.8564054239772676	-0.6070338538620967	1.6586301497654095	0.7029664011489527
-0.7256801587858424	-1.3130717501425475	0.7677149943986684	-0.9084863621903695	-1.0505987703744701	-1.5226462275144588	-0.19749652862827252	-0.2804384719311643	1.6630131648423958	-0.2326734624444612	-0.07769203298102473	-1.153437688160154	-1.6962647409602967	-0.8055557187917896
1.0176116808889466	0.7656401675153612	0.6294949363551117	1.088384814747585	1.1767463815252286	0.12099839130761136	0.15298213677867695	-0.3482030397151721	-0.5372191345655918	-0.3155710905946374	0.372105198863968	-1.348007861445255	0.86921826708603	0.8007183379272585
0.182279256675489	-0.5612430076499039	0.42661307666003667	-1.416207452066109	-0.38623459486465156	-0.721268651940679	0.39232153305070727	-0.20417158767433977	0.6085494182178136	-2.119965385966227	0.006713634357872689	-0.9906232575845825	-1.1586492709048657	-0.20701020086432687
-1.8159898891788888	-1.0941457167784283	-1.6279375020635696	-1.5578159329625367	-0.5073525439478432	-1.565051903638139	-0.25554128957173805	0.9314195236393346	0.1169832747071419	-0.19688432081965637	1.9116554692503163	-0.05258158929565389	0.34395571022664456	-1.7217885730073579
-0.8810995346761699	-0.41077378804699427	-0.6231729772474448	-1.3647969556823305	-1.3017462073091095	-0.4024801665567139	-0.10453780729197265	1.338349858753146	0.11322619897551167	-0.7502616182618588	-0.23426575522095267	0.831568196933834	-1.1921510078390316	-0.9753535017310756
1.419179675379411	0.8514130805558331	0.55763386652849	1.0925884730555422	-0.013352554445164255	1.6312645892533097	0.6838113471576209	-0.2700311662704235	-0.7009118200356906	-0.2108047203918483	-1.710646683858032	0.7811936004984968	0.22843805281467347	0.9677441697551524
0.8683580253562131	0.1845988508164393	0.17439096541718402	-0.6838443298577037	-0.6575953723500894	0.6850279247340798	0.7011729453202532	0.2997647954106632	-0.7835560433345135	-1.685816073211996	-1.2305149376129456	0.6107551792225548	-1.3571276448427698	0.2761655025385954
1.7879180578800637	0.3589508913645603	2.473636278806264	0.9481804876520608	0.9137993276861452	1.1789604012653696	0.6047105842437017	-0.6351378061880756	0.45655186005513615	-0.43745455391895166	-0.19963738689472976	0.19112552706228003	-2.2474275128707	1.1895190776515456
0.15415591556554162	-0.27823297704023237	0.059962885124460116	1.0099068905351203	0.04153858933139376	0.48093271686365235	0.3193839690491518	-0.19700507019340138	0.22111245342144314	1.600381650571669	0.3339864327411844	0.6432327490983748	-0.328629434656366	-0.09430404799291832
0.9259153329101157	0.5925295033232721	0.46136924547715885	0.08935654432137696	0.26469282192660604	1.6258646971972337	0.5750472741699341	0.03133234470775165	-0.19336640668077892	-1.1406760978865396	-0.5150624467703876	1.4142875073126187	-0.017971973117295963	0.5773244911220804
-1.7986235476947616	-1.7500051467383715	-1.1595493168234368	-0.8928738667673078	-2.2913877017893296	-1.9448380770145886	-0.3890044074080606	-0.08250287370793045	0.7354292400469902	0.9929685175336732	-0.9874939740126278	-0.8402976146136912	-0.3651490093099069	-1.627473620651632
0.9137235561278958	0.3754126159334569	0.2929648690070862	-0.3087227986849227	1.2312007768948938	0.6706529019188999	0.7674949592701438	0.12622125620461455	-0.20894083965196805	-1.3728243219357747	1.5485044900399336	0.17426440791417028	-0.4182851152762384	0.38333688526593585
-0.48491894505588784	0.7101795797462034	1.433834706149496	0.5559103778486585	0.4956840537035182	0.5325346130385707	-1.026992081371598	0.9636150106746596	2.196501281827562	0.3718322289328239	0.6061605116370554	0.36488588503486286	0.08815437533250979	0.11437969827490575
0.2389399248308005	-1.3666044129141692	0.00370442777267721	-0.5112691903082451	-0.46482170359813196	0.1380637251560735	1.22353352380874	-1.4728089422984643	0.890496533669022	-0.4099229990250784	0.03348732811558939	0.8576663329293815	0.39216783628354	-0.5613526147917987
1.0707782073358287	0.8832268671380062	1.0410543319927605	2.0798916203910363	0.7105862072532867	0.11491425885693145	1.1835441760783507	0.5020485234529076	-0.2326964142570945	-0.06437382233807055	0.73293259618125	0.21083101441352425	2.300936461234482	0.1218104608193653
1.8088180784604209	0.3021500474926856	-0.030143929538080982	-0.2424868608735088	0.3093633885620559	-0.2762984635759438	2.221547250901466	-0.2896776065471184	-0.8350326258152276	-1.5308535199108169	-0.2776543853821363	-1.5782833016901245	0.026085268586747944	0.47073955770360704
1.6071926177471016	1.2325162193691883	1.7133546701363793	1.6273488329245933	0.5103323969666753	1.5243217305474468	0.7155475950429245	0.17071634508159322	0.9260961220496041	0.49301850189222796	-1.033026508555196	0.28526170980656634	-0.1229389399707826	1.1546742003143888
-0.6292266762649338	-1.033467399426312	-1.2860375999405418	-1.2967265434670368	-1.8234458922483177	-2.1392818472556447	1.2107661234961988	0.6859309843943936	0.16806910406895487	-0.09471541819796209	-0.6314220220804663	-1.5596864913297317	-0.23534661106526253	-1.3979566678498956
-1.812332821683911	-0.7773140484443309	-1.2689965737873838	-0.8274403498517805	-2.2681051879422025	0.5035078475175091	-2.057858704607216	0.13739097093414035	-1.1749117100978115	-0.3653144352962235	-2.3763233540695023	1.771829854893123	-0.81472256251294	-0.6968041185022271
-0.26698568470842576	-0.7265227304709805	-0.5630554340284435	0.7222566960609582	-0.7612195057720669	0.11235692844744488	0.305065619638091	-0.4758008357767549	-0.1296128909438559	1.5851265980611318	-0.5316363854822803	0.7171499995700619	0.3303749791039432	-0.5071172248257162
-0.186078864660831	-1.0681465068431948	-1.1518187226546366	1.0734997057510949	-0.6639087007527058	0.34401284678759536	0.9283785068345244	-0.5927461667213102	-0.6573605714362961	2.551848268050733	0.09658542634819321	1.7173237496262617	0.6596312472160399	-0.8444250562536166
0.08599385820888195	-0.7868933670510299	-0.41745194205177777	-0.4727105956368316	-1.481781837095458	-0.6185400435170668	0.8121682865314666	-0.3125486448643387	0.018155838275439637	-0.16473484088905105	-1.479861163963614	-0.4996641215150327	-0.5512343580652819	-0.48911730851937024
0.5201906003134149	-0.5036544679038922	-0.00891073493143077	1.2759741203293686	-0.40548104258951867	-0.7965301363363098	1.2046728725679707	-0.7400658296798397	-0.3226745998620011	0.9483474855511609	-0.3353845431485236	-0.6099022023428138	1.7130725350978775	-0.40222947711556395
-1.2216465241459706	-0.48978972573499424	-0.9537869395357745	-1.6756730538170996	0.05931361256714651	-1.2875743457484812	-0.20880443854030176	1.0088857502288142	0.2696502866478879	-1.3032376719654366	1.924143870487475	-0.6133097208907698	0.11565598516579194	-1.1182523729054412
2.1697452637564467	0.7069440623874215	2.177422728107706	1.7888934536652992	1.5147979733138863	1.9291443924474803	1.0815792094663406	-1.5433537568889604	0.6825477085237267	-0.6905312166408629	-0.04107635337816444	0.9445252772606725	1.4616074731216284	1.3406348218964719
0.20040405372739997	-0.07598890633371941	1.6582060066133288	0.3513056224535248	-0.22168811001313254	0.8227261839220608	-0.3039632252576469	-0.6824149478640714	2.160189078105083	-0.3061696857961564	-0.9253607330158915	0.4424536510977755	-0.1270267034407529	0.358865403072874
-0.5570001207648204	-0.3963871451919983	-1.1896523784641801	-0.6288434412698778	-0.7626721627523916	0.9121404502739408	-0.2982581711079308	0.18866092544865629	-1.2934259118463718	-0.550760541469424	-0.42427074413919663	1.938796908067911	-0.35436195229198647	-0.43871131000279473
-2.2880982272546113	-1.0590839378336465	-1.5112907028716611	-1.6163566809109895	-0.9183598440046559	-0.531907408347058	-1.818004311799794	0.677616487032934	-0.5308005452282742	-0.662268605082363	0.8874862701813229	1.0602213266684142	-0.7705185050181484	-1.311550129049777
-0.5275111590266581	-0.4868025759852032	-0.22383894214476763	-0.07226088581882473	-1.4170721487694586	0.5633910356209159	-1.367267332480369	-0.9182907283546	-0.8339999979531401	-0.6173391511525663	-2.483367480569253	0.3506119370794317	-0.6454021031924982	0.19325228166605637
-0.33158491686674285	-0.9192709528403198	0.07874344950098755	0.8341031363482955	-0.5641934208565255	-0.5445804312188149	0.5576528597012139	-0.4860138608294	1.238986459851831	1.9787051778356346	0.12902731417507882	0.14743054300393568	0.75509027747612	-0.7786806918379038
-0.04450719685321031	-1.136356031068595	-0.22024660985943034	-0.22076440984184248	-0.08010886116818422	-0.4759580658580945	0.5633761779303995	-1.0538965038573995	0.3290929993491358	0.12286027157289353	0.7046082754876583	-0.37758117096307087	-0.3255777349385199	-0.4389025817664512
-2.8051409598310864	-1.8239749433228958	-2.625971730653306	-1.118163549006004	-1.024843815068371	-2.127613743379427	-0.3692534496109512	1.3016139277156529	-0.05405342600502619	2.1441539331397204	2.6334903498920355	0.4446727482437049	-0.054092162469372616	-2.594124867458413
-0.5526215156530325	-0.6965532635701277	-0.7965460221522952	-1.2429360548135118	-0.6697197897680784	-0.4521077165321426	0.5286965264691132	0.2879821661155548	0.14364371603590512	-0.9568781225903601	0.3327254870124014	0.38697700302689775	0.07215475072391936	-0.8837735133842445
0.9862246009121726	0.23455716220997258	-0.5427604225318915	-0.065296431918408	-0.3130741127396913	0.9249048423451766	1.2115003063011083	0.20862573689666777	-1.2782299269760176	-0.6487600625360647	-0.707827655183225	0.9172868474406282	-0.40773292763275676	0.19092830559852328
-0.14192760636735896	-1.0264384863016713	-0.9385788977248575	0.1745666736638456	0.06460960382382985	-0.21404122345246016	-0.1763183790369244	-0.971396332631324	-1.7435045534846487	0.5219809121299952	0.7503628154643941	-0.13888313709264258	-1.233673154156816	-0.19686605589151376
-0.6357762388804018	-0.6166255528217212	-0.062018386111576396	-1.117934379000571	-0.9591985541291285	-0.9408315759847206	0.41739205996971657	0.4492933254962593	1.3769374340803973	-0.7195714285076047	-0.12166162118710971	-0.4210345849675229	0.009996420627043333	-0.8882008322448853
1.157270868263605	0.936462900325831	0.37467294270993357	1.480195998927591	0.880380561293839	1.5923093988104118	0.3261007393645773	-0.05814989018858554	-0.919098835059054	0.492351835004796	-0.14934455343888828	0.8364201772908386	0.34541330415615173	0.902270173607752
1.9134229042511226	1.041781837996812	1.814324196444274	0.8011312042050809	0.7629127754201507	1.3887803878563685	0.002751771923905037	-0.5384416342922786	-0.8255230626102098	-1.57535242870403	-1.25086357211757	-0.48393438389621607	-1.7302367760377158	1.7108941737797223
2.09060062304779	0.6547878182697247	2.177002833506347	1.5702618545756057	1.5156627482941532	0.9296577782918916	0.6745672467679543	-0.7668226805559559	0.06150548842669611	0.09867201434682037	0.38490349911922206	-0.8331480472939138	-1.8186398101549008	1.4786093886342784
0.46244552531696703	-0.6231172156997409	0.5324291507191813	-0.8557159200659714	-0.35169002915852965	1.256482560764228	0.6663158975739938	-0.8188530914423596	0.8296370688715689	-1.5808112419786444	-0.3751108705336087	1.8478588365252042	-0.5403179086956187	-0.023741779095201414
1.5238684193467775	1.5867719970941634	1.7821465409082902	1.6658955443583676	0.5937793185608458	0.9842359806633659	0.9178946515637464	0.9923814574871019	1.4013022371331867	0.743588585004744	-0.6561681368711801	-0.14287095955088935	0.4894938050475194	0.8934443615923983
0.20358135687412515	-1.1941538251858743	-1.281500490877628	-1.8663393786170057	-1.521439170449753	-1.5250294899553887	2.2879801053054383	-0.08219704629942902	-0.14647144397848602	-1.6040060798526048	-0.6171205586901444	-0.7201561225532054	0.5780375843962571	-1.2604431142854684
-0.07121726242297033	0.39969580337326793	1.3953487471270074	0.12107074214103619	1.1405972066312162	1.517158018931611	-1.5178471309603903	0.3775973948889427	-0.2668373961181953	-0.8499753207321712	1.161170524882747	1.7043377209580464	-2.1761108145572208	0.6083595293513465
-0.2004539154546024	-0.8195517522762059	1.5650545944203382	0.24057709706213443	0.5684442246009962	-0.2120404269484515	-0.4063190076879559	-1.4461882848679446	2.5882560438078417	-0.022697844356022748	0.8678665007601478	-0.6790985533976622	0.23599479653733646	0.0009622593370934786
0.6790391617163459	-1.470051017619967	0.33714404274222487	0.28493336192798757	0.8120058612660161	0.6032866290619081	1.0365142824851195	-1.5813259059957705	-0.32059112801743567	0.6756889798102542	1.927553882826545	1.3494843420353118	-1.8460117152043285	-0.15205313098163917
0.043168978456316426	-0.17564846061384393	-0.7178169922038968	0.8983678897642483	0.44862086220278946	-0.2775070320498968	0.292157166009504	-0.11920561197357504	-0.9448056159650929	1.2560230458724895	0.9346276678220004	-0.35025864598349044	0.6263224209089149	-0.22938957761148188
-1.29781400077496	-0.6456346309676326	-0.9413575815094988	-0.5463257138292226	-1.8316160924976095	-1.2229054911659394	-1.065722966318358	0.5478410237773906	-0.5384904232086866	0.27286273411943757	-1.4709097297549825	-0.9232161595478471	-0.9249138880117985	-0.7893564676317073
0.6879507123220312	0.12456084453881666	0.4991067762157473	-0.23411706485024855	-0.9437507003448335	-0.23359256838237538	1.5342768668515645	1.3506718153198394	0.8632433898378462	0.20566193775926117	-0.5662156530851292	0.23046026881035045	-1.393413566770512	-0.40715953129898447
-0.29885762880276356	1.3481999511554865	-0.25637155678180445	0.5364955300128478	0.1618351161528664	0.4206919273470062	-0.9450322609302242	1.954935505412029	-0.8211575435198849	0.25950733844918994	-0.023156429995542058	0.003975842259119452	-0.24526613173368247	0.22429187425500566
-1.1165434951582531	-0.5103023971678214	-1.4495048328806686	0.7352005565267883	-1.5441488175129017	-0.33684580380244533	-0.5441706235792146	0.4081130801540608	-1.0888779735979108	2.041916373760033	-1.2954107736731257	0.6822105771663434	0.7120400497351368	-0.8975782552072853
-0.8251523706174111	-0.641838062758656	0.17029302955915593	-0.9772573850906761	0.005718830055792656	0.5399629095611164	-0.2556980588638545	0.20604187014441047	1.4566730876639	-0.6957406791009522	1.2844636229275475	1.7700332538188723	-0.2475037184058627	-0.7159624411641298
0.5504895844131501	0.5484253683844579	-0.3526660093013042	0.2697473481398094	-0.47402909085517003	-0.8352838123265655	0.7681961824013002	0.6916068259183124	-0.7602031856786686	-0.25474646306979404	-0.983268188082262	-1.570848485958298	0.816185303836425	-0.029775787933814555
1.441320061910501	0.3957389070601921	-0.8745133621097461	0.5126176966554318	0.15533970093182997	0.35444862139498834	1.9872906854868497	0.20089355237258336	-1.8364262812599157	-0.01262545197399292	-0.18778502932142715	0.05875604835219811	0.6034318860304007	0.15451639843056197
-1.8172914919386804	-2.023356303211714	-1.7526027015227725	-2.2598832631137746	-2.509271577558317	-2.1474961195997992	-0.03432711064162904	-0.3880822114466019	0.12884358359455955	-1.1289282902922286	-1.1968538573106553	-0.826322014136868	0.26980307708133244	-1.8444675917600195
1.2362425293387749	-0.13014839436464914	0.5036761181538311	-0.1745874385249363	0.7012982064505432	1.0803404675644832	1.3187444678108666	-0.7983958588710369	0.15175173592849428	-1.2156996545160998	0.5864398536614852	0.8117534571525045	-0.25410859840861627	0.39971084063969625
0.9330667707103056	0.4357897321336415	1.6036278948502003	-0.005924908389799977	0.24558440808083865	0.006293255578905366	-0.27462243868475167	-0.12245072043055576	0.013122125927844513	-1.5372437873947669	-0.7502525091040236	-1.3635721606033753	-1.883793672805512	0.8860188989530774
1.4122066893751943	2.3415839839676376	3.3406458505044245	1.2201350028865194	1.17434997431941	0.8337875117990063	-0.23114145538303557	1.2570351623801967	2.9876642182716626	-1.06081290949931	-0.6672150718771646	-1.2603877707238447	0.7311323538787642	1.4411364157637667
-0.4613162928945141	0.5475308118786397	-0.1296189335795324	0.9846061200021337	0.29998519503712295	1.3150961451663021	-1.3295387750347056	0.3518135706264941	-0.7705521931147609	0.7468784519413442	-0.06076207561571395	1.3041536820190232	0.019012927478394906	0.33264008400706435
-1.223435404352951	0.4254147012459327	0.3210854698788592	-0.575636535394212	-1.500307836017793	-0.7094946586920019	-1.212120007725783	1.8841697710831449	1.4016408275272874	-0.16486354286689575	-1.3362685474082872	-0.48016144022589924	-0.5844079831097724	-0.5882055647819996
0.3005437473127638	2.276516741320366	1.9210816299729843	2.7433414864520924	1.3819783426620549	1.239735422695708	-1.567784667511661	1.5451277801731422	0.7488022530197892	1.4087009668184416	0.20038485704469108	0.24594220581990317	1.4283323891382596	1.063773595388829
0.3388623475811578	0.013964739884546572	0.34398172021384543	0.45429250830724266	0.5832074118866021	0.4646202926497577	0.18910363614611153	-0.10221806872500261	0.256197388006799	0.2739788853795853	0.8427721695729684	0.20686099181740764	-0.408206216368887	0.15693682439332554
0.420630572966601	0.7640820323249735	0.5266741165939373	1.8661178338027073	1.610535646080102	1.8721515195436678	-0.9927178807652755	-0.46052250060071126	-0.774733963151336	0.9755458562324222	0.9606111258274607	1.29809216601201	0.5747984558443104	0.9254358415165381
-0.7698787185143414	0.16860758022625819	0.5776532118575285	0.2904033978951402	0.036548845131953625	0.387431526973666	-1.8326395832092575	0.44173327384562666	0.12866677562250503	0.12092443458864198	0.10986582798376437	0.28395915986428427	-1.298451459680165	0.16325790785491526
0.9719889800566504	0.9950185371378331	0.23153505281069675	0.5767647474921053	-0.17936238641669222	-0.34086432642071696	1.0158529644154215	1.015186374283603	-0.17536510879464962	-0.08007594326255466	-0.9322489800672125	-1.304433945350757	0.5650924542406897	0.2728882217195333
-0.7425977051530905	-0.7076481578402889	0.38096632196821045	-1.4532195359324351	-0.6498575521626826	-0.3396477549800595	-0.9446004871504432	0.11283565725445675	0.051202049053280026	-1.8199195484786739	-0.11962689083853256	0.200128820415974	-1.9244531803369656	-0.3904589161255699
-0.7081589337649639	-1.4095536369445063	-1.0694855654814313	-0.5062699143842131	-0.8286692570811127	-1.9985185323176784	0.15057060822331345	-1.0738383179135114	-0.43606440171926086	-0.003734913434165434	-0.08769296138498488	-2.0812173076545593	0.6924022056334698	-0.9037310873230935
1.3327655260910038	1.1199963169381042	1.6491364784026705	1.716926204864659	1.7523520198361122	1.262514837610703	0.6202856040905527	0.11241574490053506	0.8711888680511105	0.3289904761803023	1.2753440198663817	0.6856177323938527	1.2870079020385414	0.7951452895900748
0.7023515155680713	0.7929581700685246	1.1932850911194597	0.6697967082860977	0.23198839390520787	0.7720470897982895	-0.2568315755337268	0.6453160302464486	0.21215154833677116	-0.10492200344884445	-0.42355264931751224	0.08722435955461892	-1.384443698013742	0.6826572915234039
1.9660367393518918	-0.6534338725253896	0.8387291058719843	0.31628575467541375	0.8014243247659527	0.8905411592216158	2.4115022929770187	-1.957817289792643	0.5722707751320223	-0.6790483304480582	0.46714432235416875	0.33695659091236474	0.15279588537450386	0.4906973242752952
-0.6878017150948162	-1.9338641106666534	-0.14848759075673834	-1.290820898803761	-0.6689090043236392	-0.6604260137495096	-0.36016342299626625	-1.9167801095114423	0.47740650318154165	-1.2829889542246207	0.15102845313655883	-0.30245274407607886	-0.9122049289924685	-0.6013550591612943
-1.0173873900432149	-1.7084748746191392	-1.0559561601251162	-2.208433143232722	-2.09521177401918	-0.6717112280492079	0.5499572725617398	-0.6117352790172621	0.5405047186588227	-1.7910039633012402	-1.255282461637726	0.8822615040010547	0.2636240717800145	-1.3941585215647847
1.6181138681250613	0.17687453193696578	1.8520360606137927	2.4867600302256734	1.4609342968748384	2.5324369540840728	0.7354857504773388	-1.707451493553535	1.1656785872782733	1.7403163804889805	0.44331272799864685	2.133054409007016	0.5801086817312016	1.0853236917228464
-0.9509787844223777	-1.6203810823136233	-0.6319860053060258	-0.6805670567331694	-1.624816270266914	-0.9912997278005657	-0.2522758642420218	-1.3841082119272379	0.338493301683921	-0.17335034989044434	-1.3892416318335699	-0.5345406114490062	0.3445302466570692	-0.8588222044886945
-1.3263931003304945	-0.6985092040155657	-1.1388196220303248	-0.9853458313681567	-1.011925151804725	-0.8548994998634483	-0.9491663196304777	0.7160496969301624	-0.7981665153900436	-0.24179469078332833	0.12231369056267781	-0.0628104589598007	-1.109688338432885	-0.906201354487086
-1.7000853290738416	-2.2615690414179093	-1.3603145689711214	-1.1691461804326508	-1.2732293465283282	-1.5538000113447072	-0.3294889208630732	-1.0486209505677362	0.29599656853305856	0.42052576467459846	0.5962454299678442	-0.2987864714743412	-0.34995282512122716	-1.5624059060530222
2.26619400437784	0.011728667804385862	0.626638823248411	1.2541049490433016	0.3207454003424884	0.9168906455201015	2.0873867199323377	-1.2401423970762395	-0.6423186644009361	0.42523829303407096	-0.7467898668952647	-0.22407534294384895	-0.73736800475615	0.9032877070013595
-0.06500582383983411	-1.0635119323752011	-0.6513941209268528	-0.705000383353067	-1.0080833598388401	-0.17786382668509226	1.5842994699646116	0.22268581903250473	0.6586582930858899	0.4511862498829069	0.3081540041917176	1.2393404255829095	-0.5013349265263775	-1.0968564384894284
0.6170272725187455	1.2556679606374865	-0.4218601048034807	0.13259462264070443	0.05704120194157564	-0.41176473422571	1.20269090384372	2.1186649697292412	-0.7870025923450849	-0.5092404988819054	0.22385855615815106	-0.3415745491990463	1.2611585636502698	-0.26776273393011213
-0.45507679906065834	-0.2812095094256556	-0.5685466304896971	-0.3418452447629904	0.223297011213351	-0.5282076008587767	-0.3152856164593238	0.31217227139201437	-0.46153018292330694	-0.1666872941557908	1.1431502918915064	-0.5693683845558684	-0.5650923704664098	-0.3554943981675822
-0.41281427609946814	-0.04247915095342443	-0.7113088313761693	0.9373037829981149	-0.5768972427162973	-0.20535885158408487	-0.5600664854794152	0.04440787409628451	-0.9999554564720753	1.3271142498209862	-0.84475567287393	-0.444352340000946	0.3026637651333261	-0.12965662843786036
0.12086381644835398	0.40132853244495814	-0.11593517006734322	0.6252326379070596	0.2756920903470248	0.13210012475806987	-0.3953614035797009	0.03212084888678922	-0.7484098556091386	0.005199142097883727	-0.16701190272777913	-0.505881472280125	0.5726195629722236	0.2675321105184399
-1.5692999359341515	-2.6809784753835704	-1.127637309855831	-0.96397039411291	-3.0379510836490535	-2.535720802999576	0.03704016256431739	-1.9843959616058653	0.43673665198675954	0.024186766155291473	-2.449870498841943	-1.3534803168852987	1.367933169582096	-1.7639275323364707
-0.373224668677316	-0.3209519828445606	0.4856522760206312	0.35387286006026253	-0.06384021143283092	0.39894610925158636	-1.212196302541066	-1.1384081512420892	0.2772462514401328	-0.36485515293270937	-0.7082396573849823	-0.15264118950667535	0.3101103312992158	0.30007084164084963
1.6192513088201472	1.3062211941478332	0.9628176291757229	1.4046965831933844	1.444213603502729	1.5300910318786003	0.26295414662025246	-0.1280988949745562	-0.7829113454133753	-0.3038729801621044	0.10140888536216326	-0.14974374831972143	-0.20527975049330993	1.424136481231229
0.18370188273656413	-1.6306843851638442	-0.008376692568541289	-0.1732397811430253	0.14807246098084542	-0.19284760405878415	1.0475704192687387	-2.1222514626549493	0.4788080861942759	-0.43766710373628454	0.942051855388119	0.583906330929947	1.2472347799914287	-0.6067804635691604
-0.48849493900691704	0.6674520928499053	0.24959703629541208	1.4311640944924588	-1.1934530800231717	0.1246223125059917	-1.0671574907796462	0.49471838129534557	-1.1778392737943786	-0.7395440853385733	-2.0982049616410228	0.568722992194631	2.2828061258860166	-0.08594016110450549
-0.562541627812778	0.10184100389244244	-0.26202927283514543	-0.5116182152157713	0.32601877070625573	-0.2529151793236523	-0.4575781940038979	0.6965476639429697	0.0645785309738281	-0.6600486624523704	1.0701570153712927	-0.2510124001214748	-0.07145079864279252	-0.3017974347447809
1.391479381982159	1.2312637338832932	1.7042859694810224	0.5626213678873099	1.0324071909091428	1.1054020565716154	-0.1789362348447552	0.18018758198636084	0.17192024346703372	-1.417384545452522	-0.22544260194494534	-0.5483002468387721	-1.1247809678681697	1.3481073782651107
2.1406421272715663	1.1406027707000084	2.2584852882951942	1.5714026155684573	0.8868515123504077	1.6827172738917042	1.2500613917520131	-0.44908001301703254	1.4973693306592981	-0.11574258304710194	-0.8648075756567202	0.33255499693203006	0.5080347337813852	1.3084438317539508
1.8150433580629213	1.214417108475062	0.23139378476222172	0.524713611749279	0.04928008581152554	0.775168317745432	1.9245510931494043	0.8383313805410371	-0.7685746849641578	-0.828361072431945	-1.0653669301424147	0.19575888724381033	0.8944636585940249	0.5325255484316347
0.8069221322876569	-0.8394591964839998	1.3669054862324101	0.6290601292693354	1.224115148634114	0.6828163727372637	0.1630793741181759	-1.4079976320453056	-0.2963276250830744	0.23374114855513606	1.502591782751651	0.582901925537834	-2.3190092927649877	0.4691412412961811
-0.3091543365081506	-1.4326192068796333	-1.2022674370918127	-0.3802591330330347	-0.7746424041812473	-0.4133975708009113	0.8940564184968005	-1.0014393422462677	-0.5363523592510313	0.38527955571857136	0.09925087751946755	0.5326144263642811	0.41939044750531834	-0.9156336910329362
-0.3957415232082905	1.213897800812857	0.40862585391170303	1.1080728605221155	-0.44851127590835066	0.04274493722289999	-0.9274948781535124	1.5337570614643659	-0.15239580705715572	0.19627579110517876	-1.0255285052264675	0.14642262434466602	1.6322980486862968	-0.03281604580302194
0.6075577474992486	-0.03336847311627589	-1.5134328416831422	0.5387507810174171	-1.7028900910937848	-0.1752508986388959	1.840602201827024	0.7970628839752011	-1.6826249339044106	1.417032043750765	-1.9854760397191513	0.21504233683579727	-0.03734682543447017	-0.5041368384145025
2.1405899192079394	1.9847569908478366	3.0929691871086673	3.606577315628961	1.6995990818576754	1.824545751772426	0.7091856982250436	0.20713181992821147	1.6315040690417582	1.6034411929426196	-0.019790752651574647	0.5709808706964589	1.7320487952851185	1.5140681398338862
-0.09976358988455858	-0.6597446896206854	-0.9368274207938599	1.0999653452276652	0.009379559921997266	0.6118379560404562	-0.06604748964796633	-0.8426929732350592	-1.4077836980456908	1.7473530826043553	0.27166690429899726	0.8707500882906182	-0.2482369401239307	-0.10448151765486387
1.2416950724993692	1.2272476104604226	0.04143519741284596	0.4059898783784349	0.02228472687850047	1.1856401105902654	0.1567432995309388	0.12462026876705579	-1.7916212309693675	-1.5875396967041069	-1.8829224106805404	-0.1901264192087155	0.23606357967990269	1.1052627332642087
-0.9540009841044448	-0.5176642504341399	-1.0507326028243307	-0.1553931278998364	-1.647214767954409	-1.2807112131285825	-0.15407729002156928	0.866193973232118	-0.26182441400057804	1.1031783828021868	-1.0226246404026398	-0.8619726130050067	-0.48423239112880967	-0.9405341561476488
0.004797496681533564	0.658757029722949	0.3843010699409048	0.807551877628145	0.8120947461651614	0.19759912923340847	0.21408902965168397	1.140131208632744	0.5290536642274398	0.5587799769783738	1.5186851012174818	0.7440428415794478	1.3431801908878622	-0.29395773363426986
-0.40634180741414005	-0.08256444510671179	-0.24393537339220567	0.4089336346994087	0.7089886302824236	0.4554399882111487	-0.4101703322610143	0.8529358161812542	-0.44434746364947864	1.1415386405148367	2.0535367724961557	1.2268216733853037	-1.3261969220390033	-0.3290865504076637
-0.3092373564571063	-0.10804315877408709	0.6384857652391431	0.7733400606918004	-0.11378767086609261	-0.5258876437205007	-0.11911079829627867	0.01220845557541383	0.9744347659885857	0.43120470535359917	0.18502416541243102	-0.176541169252665	1.546883799104101	-0.4247449919401556
-0.03310099601863464	0.8357973679459846	1.9271742770584963	4.675082368223529	-0.9085904652566357	-0.8566505441073433	-0.6950517630548737	0.14791559187086775	-0.5006831843412658	-1.1029680183403003	-1.629137514447544	-1.2533055685313825	3.2663479307923216	0.09377842666499955
0.9861670004564265	1.2626889492344404	0.43440237392066855	-0.19062621053035578	0.7119194273696234	1.0157654149899273	0.7678716485362665	1.498634513121603	-0.09490924308459076	-1.2852566210436926	0.5759034398078627	0.6382771415287436	-0.4429731661344991	0.4521028745883785
1.152412011522101	2.168282288772005	0.6847544173042746	0.9176929158190273	0.6356312504055572	0.5090449563238396	0.1485875037480817	1.9431053441561286	-0.5903132673130073	-0.4784806805530845	-0.6115308133755201	-1.2040639903652424	-0.15773587181235227	1.0339662566407983
-0.7067369395929907	-0.7365930079410221	1.5326137824577055	0.1126976310493795	-1.0292244341349115	0.961043523034935	-1.2443989002424525	-0.8337675145615601	2.4719201515958313	0.16605245437120253	-1.348607130640524	1.497126873713778	-0.7957511155779353	-0.07718227608849897
-1.062469315090629	0.025272307123975046	-1.0262777350404755	-0.5003924329002757	-0.2839092063311567	-0.5998176733410664	-1.430905074379643	0.20497354502870307	-1.7410350190212331	-1.5676865402870028	-0.16902768125966958	-0.41941993448313225	1.411194535391623	-0.3799507269715714
0.22392039841013078	1.8430938710898406	2.866469862909201	3.3793633327502377	1.2572445017258609	0.5646790085478837	-2.4884031607313686	-0.08840401981773344	0.9588154836352165	0.6932476737688213	-0.7051513921615986	-1.4189890851524511	1.9917176169563566	1.4977927595892093
0.6621749040586911	0.6155505075845259	1.6204469009650047	0.9839402171619385	0.09463155184147753	1.3675390573474624	-0.8865595691873497	-0.19428055893901375	0.32946440311003844	-0.13531082312355938	-1.2075060401430489	0.5356090999253766	-1.4243822595199835	1.016995294851931
0.8103018078506964	0.8179595549640464	-0.11757982318818792	0.5865748392943754	0.9004008656112197	0.5015498821454207	1.314361078679628	1.2673417872420891	-0.22528029869250515	0.4354833721091717	1.4252805297606557	0.7315967336805477	0.7239851938022044	-0.08724255614164794
-0.19056256455992004	-0.8812945682935959	-1.012377999997873	-0.23356675666557702	-1.0125711139557527	-1.3699312879891916	1.3857621159126559	0.48018807162009697	0.07488601038690737	1.2029312160283923	0.25785945717433956	-0.7746154006116014	-0.4002716396611545	-1.089353083333423
2.0091113217534255	1.325203017441474	0.11107267277477728	1.4639144712633252	2.2170434275123236	2.900946636332495	0.7493086364852474	-0.39887464540677503	-2.361518256869796	-0.5114945484926434	1.0882977471062896	1.9838403521086352	0.24061782818478208	1.5164042390485823
-0.4466961943896426	-0.6532654399298508	0.0880718255220858	0.666330424248305	-0.5200416074137978	0.023564971979359885	-0.8650981648365178	-1.3123375458522042	-0.07812557107251449	0.3119103120314206	-1.0368343756923568	-0.028576588533884752	1.0040341287260355	-0.06666973816373535
-0.7694831952822495	0.9746206522235441	-0.49042692009670824	-0.6013081082739489	-0.480524591845969	0.04839543996665041	-1.120335013032349	1.5871517530101984	-1.1206775373702915	-2.061389251239254	-0.6631093136997401	0.5357439163297685	1.5238408125974503	-0.2824385621020649
-0.673162005005539	0.7638543801868501	0.2992663025217549	0.15415192316428356	-0.03009428225605395	0.21940779057504214	-1.0212377786242222	1.3730273453672273	0.6201721698865623	0.02270742241180854	0.04979794610947826	0.15613238865442233	0.06915764122301246	-0.07379355527808866
0.3405187128074605	-0.9108574294632715	-0.05410490884209307	-0.5523670058329195	-1.082328438920542	0.07622831662339435	1.339996183978721	-0.09058375204044482	0.4753983258426467	0.010218982991285912	-0.46232555485374094	1.0341516602863703	-1.183988233170475	-0.6197095316049097
-0.07851955970051455	0.12864318628094823	0.36308426134633537	-0.006519030779309987	0.4707543508000397	-0.06292545032567279	-0.20453178584059745	0.10519310787582126	0.5788418147911538	-0.5110080031116166	0.6837873577608825	-0.32226621290564955	0.5354859772436642	-0.04156987389327737
-1.2545612938086002	-2.260762899696479	-0.9595032749133607	-0.36412613720334497	-0.6564202700425502	-0.7831810054229911	-0.7615753211297508	-1.7211952907165882	-0.5652609370996795	0.9124261647790782	0.8372559376409929	0.21878646459734596	-1.3134208179749298	-0.9653615616715397
-1.0590478236229963	-0.18295555145889622	-0.19393732047321752	0.43111681115550426	-0.5631151012738688	-1.1864817591654813	-1.213177473064405	0.2469578466914606	0.2321387948089151	0.9370597882736313	-0.3866413375183801	-1.755379478491941	0.010563272142322977	-0.33324291390223715
1.2961742737071986	0.729975667065107	1.5633785313525344	1.7693006216067768	0.9889966209056108	1.0758143903583606	0.5826221771369345	-0.4621849041662138	0.9290911827604994	0.7011711839978586	0.021314952147863428	0.26323833474422076	0.9931389871598046	0.8086588121328743
0.37534732169154145	0.7728605311684518	0.40630375090765103	1.69565744552151	0.4973180365621458	1.4225439747930624	-0.602975032526347	0.03802157552167326	-0.4926670054630419	1.2114718897866592	-0.41759158076542313	0.9488363878268317	0.4036576850488783	0.6693160488456722
0.6710873696250498	1.5647166942189543	1.4614600058404448	1.9081436811916273	0.9124531493953693	2.0922261951010035	-0.7772550740354092	0.9762943227715946	0.5974685593028068	1.1881709987794131	-0.11527478083023995	1.4086037491809718	-0.4328418132319196	1.0655084632023815
0.49546638906432666	-0.20034133794494796	-0.07033948660830563	0.6601613911013489	-0.0952482229856995	0.49631422248801643	0.3833704186264676	-0.12402534883157014	-0.762924269770227	0.8147776406681683	-0.03365205019024657	0.5168017698416566	-1.1783045073821323	0.10973477283042059
-1.8385908663247623	-1.8034127721519972	-2.099543125720597	-1.5174670059337696	-1.401786049032071	-1.7221735576358	0.0992460145001397	-0.02013658732763103	-0.7101971038725106	-0.44536433329614544	0.7919665480102072	0.5360405051136599	1.4162585780180392	-2.0745825353590264
1.3379991472810773	-0.27324323271810447	-0.11410925463271415	0.399977559054986	-1.1460123621053262	0.13793900978409435	1.8403697720270695	-0.8450675165472601	-0.5751760159447796	-0.056399993909217586	-2.2996825729063533	-0.48832799776350183	0.014206434151799159	0.23095599037989173
1.795393123476793	2.749295042119779	1.046195654016683	2.245065512544828	1.2176552423199911	1.8044105647033022	-0.2641344472001642	1.7578022302467005	-1.5111656962331086	0.5114474746865233	-0.8169687990622746	-0.309994350208052	-0.7415340667593245	1.8429205173236236
1.7301489124793505	1.2660761576535111	0.9231222992337886	1.500361751629213	2.0522320225860544	1.3944000928487799	0.42383436634016514	-0.26288853446370314	-0.8852300158783389	-0.20861910140211648	1.0472369818434877	-0.4240952309763534	-0.1342358805249787	1.4506564544367286
0.2693771282617875	0.0006043671972436378	-0.7761220103695197	1.864002397495482	0.4668590167218871	0.5868442936611512	0.5391366488867916	-0.01685296551388312	-1.3231921732941603	2.495916297673726	0.8184893513516253	1.134551696370252	1.0342150648446882	-0.19612686646336414
0.2643379431367557	-0.15325223038322777	0.40156239956930995	0.7535458062676993	0.6427487180059451	2.5960715184270473	-0.5835504135403048	-1.2280843961411847	-0.3316696837895882	-0.05109198504798428	0.09855683698771742	2.9956040982639767	-0.07864411576365231	0.5993272304542135
1.5166655613109503	1.3074299941237588	0.01214004267897928	0.4302270056463071	1.6014229662567285	0.1739477665329534	0.8563179410954882	0.7538247057091263	-1.5924383219960863	-1.0650965292979746	1.2402514913968334	-1.5759300645406538	-0.40129868849995537	0.9353949083982741
-0.36270867909639143	0.6570916056653884	-0.19150000135757764	-0.5173005323702876	-0.7303104577642947	1.2141496531630775	-0.15648498806393488	1.761404608498573	0.18809702971068873	-0.5477372522458431	-0.5533529486137788	2.2594704975048105	-0.3526222500315267	-0.3292267094274502
1.1728100847910325	2.012178802506061	0.45972073767196	0.7020919428927148	1.0339199642703851	1.7885120756303714	-0.021888158703928563	1.3726830772234684	-1.1675121125883268	-1.1492868157164897	-0.2574713367440016	0.7284013509142948	0.1709175707138433	1.1543854420292117
1.4065323190199126	0.6353138481681571	0.5438947935284477	0.16424266981225627	0.4265179778835814	0.04214695237265276	1.4904706444602587	0.3150527986349786	0.09570395477927658	-0.8080341139148968	-0.033220282117183975	-1.0591766851919102	-0.17152904506697225	0.48058797800056435
0.4962217115950599	0.892254622557495	1.4519788316410642	1.294144942325885	0.2187484453128003	-0.5755671748599527	-0.1641075960690032	0.17104942973437096	0.32430463703221113	-1.2027799116958722	-0.5346751574458876	-1.401460344111697	2.1089920520388925	0.36782655430909383
0.21865390407359087	-0.019279897775612898	1.104522117550518	1.7880193762839725	1.4208674199422258	1.120995330762928	-1.2049550006492153	-1.1657053935367483	0.27096272743022964	1.4392503561688568	1.2118779113429239	0.24100567873961043	-0.7486015031745401	0.8298636389813441
-2.4595236627728223	-1.281482102403979	-1.4465068459776016	-1.825709134175319	-1.8358921375173676	-1.3905281774011573	-0.8663471500366706	1.566226636667026	0.8001271603191287	0.24039585858394305	0.6133588984192081	0.8844032915047755	-0.8126974941606229	-2.05867858557207
0.6902119416997662	0.7222254586579868	0.0867367812203115	0.6171693278024062	0.722087462124338	-1.011073434594859	1.4680348443947073	1.3170170798104353	-0.025392897734292517	0.08969836336289636	1.4997707656537125	-1.0629411972620224	1.5487070827670644	-0.3777262057816872
-1.7830577782806194	-0.957585362963342	-0.8199917753894671	-1.3246813834556224	-0.23899918096479444	-1.6033380963659958	-1.6457622207761593	-0.284670574421301	0.018012765194475287	-1.2497685641492335	0.9149058122232959	-1.5675810956831775	0.3270320289127344	-0.8521894240931082
0.1386198432524303	0.5049141759081267	0.9658691430344676	2.2830857168402763	0.09294932499906144	0.1952276918301052	-0.21777799890178434	0.1191598559815994	0.3381368400378282	1.529339032604055	-0.2593396999137923	0.3295681012191695	1.8776225475299895	0.057893752813169094
1.764023642876543	0.7411837459335766	1.0158621694251238	1.1394048246086903	1.4262681484729696	1.69659251567768	1.03635168417732	-0.2222271918408274	-0.2173693479568524	0.03075785264509293	0.8951094468327923	0.874313702749991	-0.768392126199864	1.0281984862780458
-1.4259865764417676	0.27986721754053	-1.8782530411454252	-0.6032643766662821	-0.6461043674242459	-1.3687208326188074	-1.2019924912164133	2.111332277739039	-1.978394980216455	0.22027870785187273	0.5389804916030536	-1.136581686478001	-0.8147549126878002	-0.8239811665653332
0.14814537162235614	0.035296632577552944	-0.12303004797026434	-0.37007982040942067	0.11352659869673765	-0.6594993057268139	0.11081743563890858	0.8178110944814504	-0.9674894899764832	-0.48378317463793824	0.7142804376513185	-0.8638850932409592	-1.6941441043456362	-0.11656120324219006
1.4640909202692953	1.190850798470556	0.3508918010767932	0.7085957680506576	2.133947079781958	2.5538945320067588	0.15556477354617004	-0.23356638575201982	-1.6708988190111875	-1.3723292091677586	1.3382021142106135	1.6726224980633748	-0.10183246240850746	1.3513571224034695
-1.0755570591575214	-1.0769055482515077	-1.2414512271649119	0.44865936286881425	0.3629375112792447	-0.02049827563639406	-0.45084314390575975	-0.6083927998606975	-1.0115191256182692	1.14631221031437	1.9029818033287866	1.4950812823443962	1.297903868085432	-0.9714506419521757
-0.42757624881097567	0.004759620165873127	1.6383844433364732	0.42882178876648863	0.04790459978733379	0.24285051101772204	-0.6328351552239682	-0.14843759354317526	2.1753930699822055	-0.7037730799748455	0.16062231108165184	0.8598276962809465	1.7027602110465982	-0.2467298659175414
-1.9569694642336823	-1.5904414758428953	-1.5906638083836033	-2.908520669057876	-2.1960162910539953	-1.3024873109303567	-0.4754828258271253	0.5424268473352043	0.15017938764028987	-2.052229362964877	-0.4849919855015924	0.5347861536151974	-0.6939977874272645	-1.777098026758565
-0.7544582812719723	-1.0704252472016957	-1.5401867990997409	-0.221540735714929	-0.9961968488516945	-1.1661046903478927	0.5023174659966958	-0.18757165044435817	-1.1223580517923162	0.40091519222710953	0.05830673603957745	0.023359328830027056	1.3399710974513634	-1.2258764764253536
2.979494342535242	3.2212818903202627	2.7640392184764346	3.7386294521053856	1.0858643109622317	3.549000206514474	0.868643961604745	1.4169019317493363	0.5608468444129234	1.9376811064884931	-2.1427958393004194	1.5620442490390705	-0.22935032925892224	2.4170107971224453
-0.12866310292808597	-0.8653340865911456	-1.3288550391644471	1.3077424370970627	0.6718591389635686	-1.7760199399852579	0.5882633190440358	-0.706319241351721	-1.4203912988295633	2.450997870136456	1.8805884857937945	-2.2049832540961773	0.7731508915728079	-0.5961727200946747
1.801652706469703	0.9575237413941521	1.067416960838281	2.406504933343225	1.3910200969253863	2.0929405475936527	0.21876365200381515	-1.1595169016007358	-0.991440990473953	0.9218095727654507	-0.437027503719057	0.3853715809785839	-0.04335841195319398	1.6619055647452323
-0.6090716325833182	-0.32669935030828645	-1.1211705639110874	-0.09709408734408737	-0.08606138467401292	0.3943079013961848	-1.0845353324488989	-0.6232128900328424	-1.8839827521712726	-0.5857054584302455	-0.22122984305513396	0.3409723453452273	0.25514592427062593	-0.0038008011427062365
0.796817727986195	0.08399079932980502	0.3057512686825733	0.30950330290121775	-0.0994873729993958	0.6152887763848534	0.5215399083183185	-0.895047040799455	-0.8955538183978534	-1.7279836585129877	-0.9772145053563496	0.577688209201267	1.66632871848336	0.28775328011280593
0.9113651400263033	1.3144804495275875	0.16039844660439104	0.29534103675571255	0.25201769800941515	0.795134919980101	1.079248371099841	1.6959564403694767	-0.15626973220465787	-0.4373278670306708	-0.05696007938247307	0.8035401925274722	0.6904429129855497	0.15881800270879146
-0.9393096306032428	0.1798717638812336	0.5812852470010494	-0.006529113974308942	-0.018915411052751352	-0.8773405878921252	-0.9637991589543369	0.7055738662114379	1.1200532457680654	-0.6069072034609105	0.5438749681987685	-0.5755032147171859	1.5067915757142571	-0.5448308709884806
0.15906094034186624	-0.05248510689137326	-1.0559323042458248	0.36892049062961696	-0.7724883813098071	1.3329415016878237	0.6201611634670634	0.46784471160318886	-1.3463481335591374	0.8213070342006001	-0.7340023890240255	2.353401598806803	-0.321792278325077	-0.26883347818827114
-0.3290934776277802	-0.4517799124443927	0.8709402047004031	0.2678464598896362	1.2914742327316855	1.2798105700252909	-1.212257307979861	-0.8151086169146143	0.6459419859128767	-0.08781829799730408	2.0251881180700373	1.5539670184677945	-1.0749440552735536	0.25227406875908664
0.9876794247642507	0.48114019006226977	-0.17513962840899017	0.8588500247262607	0.593536721426341	-0.1678412621462772	1.6155236114013083	1.350310646737451	-0.4397872130526389	1.51763186062008	1.4801771520537512	-0.24623350312498704	-1.0293444631651725	-0.12317730534716627
-0.39038856100838426	-0.22899548348863397	0.22908080227272437	-0.1924580577521205	-0.5797678439503882	0.3384305722420886	-0.568626037507997	0.16793009403514472	0.44304143568624116	-0.18938587550275474	-0.4452198799453188	0.6138443230894305	-0.8095981841211839	-0.167833903085484
0.6035781590129012	1.5263915137984576	0.691969551419811	0.5116545213211532	2.005966289932199	0.7669032665015727	0.1444772169762834	1.6731717785412155	0.3458886946201357	-0.3632669810467406	2.4733875727138326	0.17004720549002056	0.25558347054667796	0.4713717525643927
-0.4646205893688323	1.0080123508036114	0.06471181994019395	-0.08939700795284	0.2280848352216327	-0.003857769372796166	-0.9967604815276758	1.4331608641364824	-0.05714455517739499	-0.7655822837213235	0.13776713632876164	-0.4112589269694469	0.4335650421498973	0.06140282389174249
0.5043160085149571	0.4710838848226887	0.8420820836018822	1.4584435865184857	0.1915491758217584	0.5266653173437733	-0.35836495573225957	-0.2389638598093691	0.26062768250179913	1.0614881993655052	-0.7060517281417901	-0.5596750231349359	-0.27859897698524017	0.6701819961053582
-0.4347757040892402	-1.1577866039913005	-0.8736324019254206	0.06969572810462465	-0.0634809445441391	0.915994244222867	0.017778921778543382	-0.9596088206190483	-0.6543421226732109	0.7327311782291837	0.8614640398170018	2.062819738638979	-0.36889062400965494	-0.5082431868179406
1.2395584031542795	1.0226686656531918	-0.5564989279113421	-0.26376467693110706	0.04501777309760002	0.29507775657138274	1.0467170995669701	0.6516672627793852	-1.8970567413859876	-1.8793399535342612	-0.9701199458653278	-0.6777833128504958	0.518276889052781	0.5280129301750045
-0.9630848655360958	-1.1080260684065375	-0.4893081325581519	-0.4205370699479342	-0.7164494921722105	0.030525376815280558	-0.7382595859426829	-0.9865530906661173	0.10081422856313574	-0.18232194714806788	-0.33337813329205757	0.6568542883230846	0.21453945709753666	-0.5590021054263745
-1.6340410831476064	-2.608784924306576	-0.7955010430825769	-0.29556146517061654	-0.6153178844650043	-2.370821591430688	-0.7076616627494372	-2.002851974285625	0.7351665419902008	1.4768796627871685	1.3104920217643592	-2.073744277889818	-0.5499351681377858	-1.2970867061076443
2.85745247974301	1.7189387170556303	2.1342997472264953	2.2569719717869963	1.3689623357953975	1.3827142596243183	1.8388587150738513	-0.06032337612737458	0.6627737307585035	0.5012305741192412	-0.6435564580071614	-0.917886797097397	0.10311987931279448	1.7345087668694963
0.9482066976407133	-0.3659395400606037	-0.01634438422897283	0.6148979214044099	-0.5967831916762314	0.10624749445232554	0.9132636947206312	-0.6772871687183644	-0.8340087830205277	0.4862130930128333	-1.1264720286620173	-0.40705900008708623	-1.0710317062569565	0.2546391024218062
1.1113682894935408	0.2715903797041448	0.8313207915427084	0.7549293470791345	0.7999788443640876	0.03283390903506994	0.8037276052134428	-0.7846204708357082	-0.08244165490521087	-0.9395001787524907	0.2545733752181914	-0.7256732852725983	1.4706264015579458	0.4482373818939805
-1.4582962465132083	-2.1331434081547314	-2.7885534639455143	-2.427207870218287	-1.6085501783916518	-1.7787726222471953	0.6881528845967738	-0.30259379736974523	-1.4800005725909997	-1.1329436125253514	0.5712093504141329	-0.10818475065081208	-0.21075315455497473	-1.9094364988218893
-1.1900251855843251	-1.2642216014813692	-0.24612879771436286	-0.039712029942698956	-1.16058093035546	-1.5843634540101892	-0.9749157602668832	-1.1838632272486964	0.5442389686925246	0.3394599268691968	-0.9728442112644115	-1.6275064637945824	0.8951675986355266	-0.7329371848592567
0.5576730641240941	0.06372006890008092	0.4513908146076846	1.0429775390675755	1.6265842175720064	0.26640669886965346	0.23308142681573255	-0.4281976638894807	0.11018109060184667	0.8604336416030465	2.1756347751088163	-0.4984665627028422	-0.2571112633319071	0.3720609199001508
-0.38424913930262516	0.7695412771933005	-1.3025476659016548	-0.027748530191218812	-0.33936877151933986	-0.636048407630906	0.5187102587269254	2.422861391472974	-0.9525097327149213	0.7340743665684415	0.5775830934903248	-0.10503676031506938	0.37482549345449684	-0.7591406563813835
-0.4033429706233231	-0.8090644253621226	-0.5313180946017083	-0.0754601805630668	-0.14014552915327882	-1.8904856110400532	0.426622161651615	-0.4103352325189084	-0.09191764427660355	-0.001649335944640486	0.823317920063464	-1.8510121161529753	1.3267278204313417	-0.8282088499370459
-0.3162651094993829	-1.78499343744137	-1.2129335194551076	-0.5779611473833559	-0.9369323868157702	-1.2441398592667852	1.4967817992830372	-0.5940138909297206	0.03885452922564194	1.0346535392508842	0.8075904718861913	-0.16781477515835497	-0.6007698803406752	-1.3084311268154025
1.641506052175878	0.46365710760394313	1.560906227935746	0.4715081255143939	0.3230300324191796	0.942535916335211	1.2987043482334144	-0.7222403591930929	1.17511358845	-1.1505544645131007	-0.9372140152061401	0.05988012224607409	0.7101993309450236	0.7549614569307941
-0.12362608617154301	-0.11346663625774894	0.08850277110763151	0.46351248502349535	0.8264272644883734	1.4977883670012202	-0.18651807536182524	-0.17435140661526655	0.21119962444382873	0.44828909639476794	1.392455281192198	2.242639350737233	0.1787618583517572	-0.044608163958940454
-1.04988551187687	-0.6058919532496982	0.07231361138395898	-1.6061302045081938	-1.071780919511209	-1.840050654833493	-0.2790179410790436	0.7661304260860422	1.6424529007635547	-1.2705690550266049	-0.01745756664482951	-1.7510329027318683	-0.5060121267339416	-0.9643677835545351
1.4636960841241706	0.7122306364817619	1.8195850103995914	2.580338788778463	1.4100216373653032	2.1518425182545555	-0.3557645900937826	-1.6287254950989483	0.2963859629796532	1.1219733323809864	-0.4623929360525404	0.5937309858012125	0.3930537735432256	1.6108551788324856
0.6127690901637582	1.4197267617569957	0.1357704375716588	1.4087726581871096	0.5132824662327705	0.20678132608603172	0.21440441853400635	1.5527107040565218	-0.5313764327874212	1.1930075743436732	0.04250440931576845	-0.7237433063856993	0.21280705160964747	0.44553892900115327
-0.8991352952851532	0.5470505477201736	-0.20966936799674482	1.6111329035593935	-0.5481232129439704	-0.6730637510783883	-1.4651867492015092	0.8061481033791161	-0.5396801561672876	1.8652424807470207	-0.9277127872130682	-0.9418131360517354	1.2098487163153984	-0.17860805757037576
2.0109795605819603	1.1301824110345642	1.048037752725905	2.0599749000100247	0.5179740302908726	0.9880689653223262	1.7774528886475311	0.9840412546762148	-0.060610148336108526	2.027606208019349	-0.13088456832767476	0.22588390963586397	-1.22430592340619	0.7846188429100733
-0.6312201584747972	0.15482396333579385	-0.06190610432225448	-0.021043729612111095	-0.6011503664554542	0.5147986566647216	-0.918885093541313	0.39118138785065576	0.032123853735512874	-0.23527186809677525	-0.8687758130681437	0.6599863788494575	0.006520249599654838	-0.08118891929453056
2.086757418631916	1.590769568132612	-0.8186228378597931	0.7503405266086491	1.075413034088011	1.3377234914488256	1.888918498792099	1.0515221153218488	-2.89753765002321	-0.6964658199191632	0.19375698841868133	0.40102186937162976	0.27590790716057667	0.9046747175073871
1.4721442771302777	3.443898494484399	1.1165960216943362	2.6921390291796055	2.5639525634562252	1.1635052342588343	-0.11670819749079629	2.8971674870597917	-1.5260122386173667	0.10071011679971376	1.7363654928413759	-0.180445335237815	1.872234241330962	1.3311511539823315
-1.0808500696539514	-0.3912774548937699	0.43293699106561223	-1.1398507367881696	-1.560506653264738	-0.5896175076801774	-1.0178339393518236	0.6162504782685497	1.47206083314944	-1.0558435486181657	-1.3645838086629742	-0.2170579954500473	-0.8429970830773384	-0.592428325239432
1.5985811612969494	0.7913828736133536	0.16859831265122466	1.0734229417941206	0.4176751949448969	0.6459530452709024	2.3067730565342104	0.9157513642712813	-0.04358551214919007	0.9732160530244207	0.30581253830479055	0.608053140142864	0.6186921414869985	0.11819362675318508
1.9527889076850984	1.293518373514922	0.5469663118406536	0.33739321132647115	1.705306741100107	-0.011209432650045426	2.323226396769871	1.0200405294810684	-0.5075718015132304	-1.625897433725835	1.8893832478852428	-0.645540398476184	1.5488454054871736	0.37172497472884636
-0.5123624895183034	-0.8940133374322636	1.111816827949044	-1.1117485751190537	-0.8767370555138178	-0.7653031603923576	-0.3455816101618451	0.3694096402331518	0.3065679936496563	-0.9268984889619712	-0.3818780936808806	-0.021658511710297312	-2.7353787671085783	-0.5685833681504391
0.20897209700634112	-0.0035214929619357127	-1.9295720421137361	-0.542647286339465	-0.8601899993517039	0.1417340409335518	1.2522013207937774	0.855335299516066	-2.274424602778281	-0.4492208016020945	-0.560947871388435	1.0197170584889912	0.5950103211448011	-0.6357247369005355
0.5386755424349714	0.7960091001025311	-1.146971686884276	0.7097805058843376	0.5786961044328959	-0.6053585659942563	0.0005646507741892361	0.38166566910232175	-2.779379056047293	-0.17939510695068092	0.033419432622475535	-2.0106273664128644	0.6350194079190429	0.44000581705732944
-1.8148769086757763	-1.2545197300802353	-1.5155173448606214	-1.368366415764961	-1.306309888166152	-1.0073599028837414	-1.2335721619579105	-0.3335215201041405	-0.685331292369355	-0.9108374869620631	-0.4120874306586749	-0.03702620982361872	0.5210057823875228	-1.1586079744952555
0.6956809443296721	-0.6947703366706415	0.41219769582762433	-1.1317990710236707	-1.1820460350699755	-1.1666421335291217	1.596936364236509	0.02984000177516625	0.7765711005241251	-1.2430804320740318	-0.9157384716030744	-1.279842842629301	-1.3827232580080515	-0.4361296861341309
2.0130400650399967	2.097723815419149	3.6404498353008794	1.414198294349378	1.035206595697335	1.6381253931433812	-0.1849004181905819	0.8131203131521165	1.9823147733127113	-0.9296341666081257	-1.1616552143993388	-0.4764794252890255	-1.6109350342743545	1.9320386343827498
0.32073817275868705	1.3194938654925692	-0.1573098794980199	1.1669016082746588	1.1670269577910837	0.5489337422509354	-0.7367753531300485	0.9235674253864523	-1.4911140423074205	0.3309165543176922	0.6697203698549081	-0.633223559884985	0.16829881198784802	0.7316936478631282
0.7087674021398103	-1.5427720469490398	0.7148279784987921	-0.9649924380506354	0.06882793908243168	-0.71110284038156	1.80926963976884	-1.2876315428511382	1.6116689380111706	-0.8216409159315832	1.3121475522378194	-0.42195489633565464	-1.18525923366473	-0.5331412745054109
-0.22066837109275872	-0.3750991736285082	-0.2835620992798256	-1.0678102392145017	-1.53839633244502	-1.0846336559384144	1.1559328975570258	0.6167957396387826	0.18509975373523915	-2.162076070234521	-0.9973946353689778	0.18517936296695978	1.9151937427271373	-1.1282153659572052
0.8374699006633755	-1.3374449930398509	0.99360246200929	-0.424501962642001	-0.11807889061636856	0.06538093524596605	1.7274616758416907	-1.3579033079953426	1.9092602753972534	-0.28199979767668343	0.6287854122238448	0.4695521642652884	-0.9504297725391316	-0.332617053734819
-0.3641338668987498	1.014318856323539	0.5928666874199696	0.8878597851403389	0.3721808971892903	1.4938975987281353	-1.0441977299484386	1.0968545195645723	0.26252886664628683	0.09314438030642146	0.1396442656254555	2.2426531641005214	1.3035646297822028	0.09549321862835519
0.9023074227004169	0.8201118054207809	0.8045219318136388	1.9275916063310425	-0.13347246578523653	1.0021747494113766	0.4826303082496043	0.018099781536965693	-0.8000597916897125	-0.2080860125114136	-1.1485207456017619	1.2026132153612077	2.120657074042601	0.3851205216900812
-0.1283165923138465	-1.529792376187179	-2.0031211876666086	-1.3047514620397245	-1.4491994633873593	-1.8705413229993595	2.341069419226843	0.2765897768275558	-0.7269426287953851	0.28965773542933354	0.40604796946999994	-0.7406218612704549	-0.4454909621311419	-1.606648049857484
1.7714683371005844	0.9222947026840477	1.2701855831406006	1.3452968274733972	0.020600636979733605	-0.09714364833050326	1.9994510037407656	1.7079631164599258	-0.07022061067491428	1.6408338587615956	-0.26203074079045113	-0.5286725073392169	-2.2062900036188444	0.33877483353186105
0.4902315092022163	-0.43960806997287927	-0.05207599955333719	0.13865655564091878	-0.3672516436924659	0.8879569727720923	0.3659860828690296	-0.717684412209146	-0.5576105293877182	-0.17158436117027398	-0.6253200426643364	0.995396646886923	-0.8066899799238635	0.15234057333738105
-0.7902537219065505	-0.6811233829245591	-0.6516173786602112	0.8516709295656598	0.5313397816927274	0.1290708279162785	-0.9720732305300496	-0.9412313157606425	-1.0090273744101577	0.8453628048744004	1.185728526909853	0.7370484952855865	1.2751891364501216	-0.371422420758198
0.046007507598957054	0.08532736951076572	1.3488271094851085	0.8378630064481305	0.09319146804966366	0.10357919511734998	-0.7282791767922162	-0.2854241979678327	1.471830005171983	0.579971366838531	-0.2864739602078725	-0.7354749766172801	-0.6383040413054271	0.3842426965525508
-0.3800589834040281	0.05715538887342181	-0.7995549390942012	-0.2361164458292525	-0.38614522249743854	-0.44469817287088387	-0.20206898020773714	0.5265711926761965	-0.8955484579872808	-0.29559986606827493	-0.2122628619262498	-0.6373007431785721	0.017498899325279108	-0.2622871065973519
-0.3108741520928938	0.8073129309238233	0.004862252356089966	0.07689213054062008	-0.13388548979573758	0.3084503751672555	-0.5086133846735751	1.362536926642082	0.02131351756838598	-0.1881855693190061	-0.20612718782524456	0.19402411379238654	-0.01128938418709747	-0.007951348224006399
-0.5832728575540789	-1.3721595097155288	-1.1835548283939106	0.5282448498016522	-0.5877263014126695	1.000379003304268	-0.4766184479969385	-1.7935312549411377	-1.4448711871900852	1.0381219473594454	-0.48605470581041976	1.868473176232241	0.11653787233295794	-0.319348331217438
1.86026183009034	1.4466159691389895	1.678801440634325	1.6916606181343703	0.6480405572644982	2.3784302700337836	0.2399909704428516	-0.09327452156277559	-0.0255902554323394	-0.0676587077595042	-1.435963198397293	0.9847778327939583	-0.5990334658623324	1.6223873752491211
0.5012093135527971	-0.07473804791946115	0.47075859601474745	-0.18669519808583257	-0.805084523550258	-1.0858309151111116	0.7579509166865303	-0.31522077082039435	0.5709321345638755	-1.1136499244042024	-1.4690916946797705	-1.8069878498455714	1.064822541616598	-0.09857009375054412
0.09852799938493761	1.3669771450749562	-0.6203151048897448	1.1035705225399166	0.658377107393155	0.18819580765696242	-1.0392888186172906	1.0915163346579493	-2.2292636329104925	0.31906666257037436	-0.0894846215741651	-1.2147602171728054	-0.025241518619596295	0.7171156480041059
1.768037757788054	0.9659635112616366	0.8046932254532058	1.1610344378936412	1.2575596130348297	1.9185157987353998	-0.06017260508769141	-1.466691570845494	-1.6807918919584675	-1.613981394201555	-0.9538348807532335	0.15142311592481436	0.7931715100359615	1.6873441517617407
-0.24285185416990562	-1.8513038179033827	-1.4763483163595332	-2.6586153199541696	-2.5301395318727655	-1.7022505463644926	2.151277029458965	-0.43899325548002677	0.13263693817762773	-2.120974937885105	-1.5705391393208366	-0.5673740758819633	-0.14022412227772466	-1.5598630401598217
0.21233738365594368	0.19876545819111563	0.43010731044943207	0.9281460548709198	0.2163256234854276	0.946825717234671	-0.7388874016992042	-0.7699702813797907	-0.32315653542589295	0.10168017120590923	-0.7399126902983657	0.23408061129624827	0.24257423705097253	0.6122327796087955
-0.08203507013915357	-0.3319932421554173	-1.362111963893261	-0.548681069147223	0.1960198223169337	-1.342085342648644	0.9144494019470294	0.48981925859489306	-1.166962452010612	-0.21470923056758554	1.3705682672969577	-1.439137817490461	0.23589486349694724	-0.6730637700117426
0.5177903366865724	-0.09258923244201207	1.1241201396887894	0.8233512371649196	-0.4582675507279853	-0.43631756514925535	0.13967528958224668	0.06067118375845354	0.4251190928522706	0.9351548626783402	-0.8197571389141834	-1.036385135505769	-1.789148997634832	0.22883785682988222
1.765791792975404	0.7587906367479739	0.8102255737344158	1.7283351764261354	1.0044277548315168	1.1507633443647591	0.6619196508875439	-1.0214658254681532	-0.8856263381064686	0.25508181632431143	-0.6117233479049062	-0.6344264897277296	0.18431626135140258	1.3348068797585853
0.6946969114092009	0.6969897692888616	0.514081334455557	-0.9670810102065015	-0.02762996756571806	-0.0864426295477746	0.22808967318464304	0.7016909475308701	-0.09524510350548966	-2.490764435351308	-0.5349823740506436	-1.1042168808239814	-0.8138744152096717	0.4387500838122738
-0.08358822423499876	-0.5665650721596694	0.6096635813035625	0.33053335221694546	-1.421411286658901	-0.6010587105407847	0.319096719306793	-0.04840386764320104	1.4730087349882601	1.038994700539911	-1.4960924845459234	-0.5999760486663616	-0.7517609434000474	-0.3871705628937394
-0.7784948405921429	-0.9729232076899572	0.4449873993921226	-0.3605637045070162	-0.2978648545735156	-0.24949910907597	-1.2802837729676892	-0.8539703864892582	0.4108969474490386	-0.3779305948435428	0.1376526668290805	-0.17149387970029983	-1.382804034836209	-0.18398016882916046
-0.25075070305743286	-0.4451976187519252	-0.6596401666309893	0.1183866352962265	0.06953942742766128	-1.5440898356820845	0.736066786345039	0.2897168162982794	-0.1111064901959115	0.5830392232018557	1.2202832674873894	-1.315785344482201	1.1166499656103548	-0.8423577016529638
-0.3951509814384415	-0.8519858533872933	-2.5437393096537626	-0.6679086294392933	-2.252321144808532	-1.1606899248241849	2.204768877616934	1.569446052909425	-1.3290975395243576	1.5367994076310874	-0.764874912061627	0.662183947626856	-0.19775604330525265	-1.7541022764718976
1.5366693119155306	0.3064551674490003	0.07590750104611788	0.4977366712327377	0.2702363686487881	0.5620835545142956	1.5290208217986556	-0.09515678069380783	-0.9005860180352945	-0.18036952625271516	-0.17658732827922224	-0.1608635706675322	-0.7302639472934447	0.5096020253239739
0.5970994511156373	-0.8972289472969157	-1.0676703027431051	-0.6748191800413532	-0.25651798794642333	0.055272927732421484	1.5176737455812375	-0.6524795654887396	-1.2093098569396212	-0.6551568958360073	0.40705176043571256	0.4701665930864181	-0.533578297528396	-0.39902554849799277
0.8234025299613139	-1.179584660271888	-0.7442201101504978	-0.013493589645976842	0.24045543094636923	-0.10131537031530932	1.7126496415776908	-1.503969264356369	-0.8540099354634549	0.1004941305699114	0.8623801704741002	-0.09768723758101211	-0.1906118764749188	-0.23908072636308283
-0.32508738430060985	-0.05540987056262614	-0.9024355115376168	-0.26531223126270786	-0.9033762649755608	-1.7746236769084223	0.5189657255728293	0.9382666818111278	-0.3901594169915074	0.2081304498970156	-0.4686405048176317	-2.0589700863788654	0.4877488150388636	-0.7159196426570755
0.3716985048292928	-0.04837500416210866	0.2868441511351152	-0.6443022373020091	-1.0552230381716696	0.37814725012975425	0.6826359701493212	0.2160188420570559	0.6004502437238168	-1.1317180221322651	-1.4650661691250166	0.4908583897982531	-0.3790913328465004	-0.10216804282704212
-0.5864557220939266	-0.6476631295290616	0.18095346754136538	0.1270908282524319	-0.04983207463275385	0.4485929310970833	-0.9413482241799175	-1.2480596877387258	-0.1514183438895451	-1.0110147092950288	-0.0681667624159138	1.0889779421979624	1.5503137406530456	-0.20889006501643537
-0.7596548878615673	2.044176564308238	1.6777303110182846	0.6973741741873389	0.5436218158169513	0.7257187367981609	-2.3468082608842957	3.1190810246957144	1.2940206441120707	0.30698374610013696	0.4588801903510044	0.3981043857446948	-1.4730559736867992	0.46733914422816936
-1.3245595927649514	-1.7761377910106897	-1.2146100472689607	-2.031925496076859	-1.1426753744657951	-0.7804442336239013	-0.2637185494556083	-1.1054104280980785	-0.14471135852229083	-2.0609723728976803	-0.00830791767978588	0.6581930996060081	0.9189767415755695	-1.2966868824669566
0.6118742236047949	-0.8778587285677231	1.9690205232369975	1.609436784102699	0.9566211499369828	0.5019588230154505	-0.44138438551236603	-1.466654594325594	-0.6968126862293567	1.6656459790922515	0.6449794203978928	0.16609721794551285	-2.9892507125076135	0.599984170529156
-1.255291081889161	-1.0730199753958696	-1.9548817450794238	-2.6273577157647554	-1.2996983923922276	-0.7197830111437712	0.43883549756718176	0.6674904134169092	-0.7551037354431294	-2.41056676529654	0.32031256051619983	1.3075521758333761	0.8293533029473721	-1.6393848840354894
1.4130902183037954	0.11958605303238774	0.4907279509212499	0.7041185029868888	1.069637476828444	1.1884940844172411	0.9495231160733686	-0.16514216206307764	-1.5778539437607668	0.09190285670274394	1.0458296557174604	1.0878302380581788	-2.0186990361171335	0.622411157493661
0.5490547926432949	0.4836069495904486	0.7308198058416203	1.1559393720681643	0.516797308509656	0.6954757856830094	0.13300252888372813	-0.019795559500161552	0.4720170380666313	0.6925372774742125	0.047488049582881095	0.25981750527997294	0.6030848609422376	0.374867313102098
-0.9040314006938448	-1.0216586844370679	0.24972241515578675	-1.4539148623454639	-2.785311801339783	-0.5873855820118755	0.35104491026681156	1.2999283743771113	0.9727915201795925	-0.2070305579966786	-2.1326838893864304	1.482758845803413	-2.2546898301908382	-1.3506777430251669
1.5067084933114128	0.7748691575491137	2.714287291046986	4.391834308217195	1.2595418601632398	-0.05645771055560139	1.5357655757222857	-0.20770582932384926	1.1182269116647972	0.47606357763358226	1.5154596961342781	-0.28538365580650654	2.943213548694306	0.310849945404562
-0.5376931239753402	0.8156403524276598	1.0251268363030888	1.0215947597439188	0.8526209847103463	-0.418865514595953	-1.5645917287921298	0.34589063524033886	-0.18228142715092516	-1.5795259781102828	0.8701055500169603	-0.7835478573511727	2.1976302914801376	0.16857991298742894
-0.09945013123064653	-0.35573887819457667	0.7056408302100867	1.0615940950298723	-1.5515521155430076	1.1737698803836891	-0.4156728544662014	-0.8434407452626215	0.9449799507038684	1.1847883657925213	-2.8364494172473336	1.3937982140142058	0.062236988629866506	0.13787817123702284
1.4006443985026933	-0.4508218619884878	0.14858770349902833	0.9072573220928374	0.025420918823378186	-0.005991860990677278	1.7305678357824599	-1.0008772762698448	-0.31870673419936224	0.88029734980286	-0.21867595059910486	-0.7339777664748209	-0.5956898289325008	0.26884246955991925
1.4338582569473948	0.20130193702697208	1.1846583489634528	-0.049884761733782645	-0.668067052646489	0.21475229788437478	1.385030190492463	-0.7056123440368722	1.0160421859072126	-1.516892056061669	-2.1458133410049105	-0.7877627547163581	0.542643520611565	0.5161406393267824
0.5501927854636391	0.5793013337515385	0.6696270043161777	0.6141422418831897	-0.05314692401437349	1.3494520929117972	0.34057286603755155	0.3680427805351956	0.5984927009641668	0.06239571419551557	-0.6825467068842973	1.4772999730230663	0.39861661114224545	0.278752343201972
-0.6242540286361161	-1.6776425932232355	-0.5239468772278693	-0.48746749921237315	0.5611130157843034	-0.6125862219758442	-0.27271960013949914	-2.0454392675317483	-0.04628156996217978	-0.41888389079812727	1.6882913581471282	-0.4645305796694736	0.3550673009009869	-0.5213924928843838
2.2770752753221246	1.7751154339127926	1.5702984299190907	2.005769709500975	1.567547508727583	1.962901884872133	1.1089655874980155	0.621498103227873	-0.02974289178658601	0.6250557503280775	0.26455630436443384	0.4614057698129039	-0.5861113962549458	1.519438851227058
-1.4731586209816954	-1.9171070210921812	-0.8243688358938899	-1.8874785522202173	-1.7344405855875014	-1.5888790267295025	-0.2743417552969153	-0.35268402369180124	0.5914593166785976	-0.8031024733505964	-0.13701456772294981	-0.32636461287330887	-1.1974277318579016	-1.46601106050552
0.07446681723741827	0.5444643037338821	-0.24637834884214957	0.3779992440332259	0.42950286831063333	0.10415241149638288	-0.29858567082962584	0.4845752232273019	-0.8231362066976856	-0.12637357272598507	0.2929746700474163	-0.5717360939829643	0.032110026934960116	0.247297164410509
-0.5439859663245772	-0.6535876548855042	0.2347450600548035	-0.25625491661364624	0.20562616217860552	-0.03551225893303714	-1.4333440737686403	-0.7273251619767612	-0.7478335410970922	-0.6872776500911113	0.47597872699366445	-0.2208709444119498	-1.6801808897572081	0.11884362025199417
-0.7874175908188212	-0.35461139949017534	-1.1221719133526569	-0.26188161597140003	-0.7179632136784317	1.3380729774719358	-0.8024025170749904	-0.09434853685403224	-1.3023717402501183	-0.2908874560053078	-0.698294739213707	2.5124899263175946	0.3095609260790984	-0.3599144625935757
2.510265592272229	2.668067199599525	2.386302525211811	2.985842950484187	3.1561470628270936	3.6951583598289774	-0.2197787579145609	0.3200989650174633	-0.37041753839062896	0.48653115825956905	1.12837371846631	1.58076200044312	-0.45536701758314146	2.5670812241056753
0.09815744419301414	-0.8592533873226794	-0.8845656558408401	0.1014205150964028	0.49611897515009956	-0.0242395020355054	0.44497004335362683	-1.078752677972843	-1.1619665210951853	0.18706447302713838	1.180125730380975	-0.05528638236011972	-0.11080290337900577	-0.18984119986317255
0.25541873661652803	1.0304820877820307	-0.025849525552107677	-0.01992559062533039	-1.0520352335263752	-0.9159305712294751	0.12352585090632989	1.4046731021453767	-0.28954599119688845	-0.6930958254272077	-2.065048444242581	-2.0688414358271574	0.27416994585285204	0.13284423732423423
-0.6235090225131253	-1.3002381911470067	-0.9260180623105438	-0.01962183536740969	-1.418334984061933	-0.7859375821934675	0.4489461122685107	-0.18725245752274372	-0.09349903059783599	1.5200773600639734	-0.41771830711932484	0.1660608185460937	-0.856407152520065	-1.0166052861293475
-0.6224488850708689	-0.8225176748933625	0.28886579127746503	-0.7107702967629436	-0.9522317127382618	-0.5178101126493312	-0.5781977577153196	-0.9178841320695481	0.9889708148808081	-1.0725670727340357	-1.1335885662553724	-0.6676001291372443	0.20614205812490022	-0.3130156072766137
0.37618429689195915	0.4860340046290974	-0.35784435638335127	1.4458596907441288	0.36583389861243454	-0.2190104724844921	0.5441172023779786	0.8967011973452754	-0.6239153108774629	2.1519734885652313	0.6952816314672199	-0.689559673246022	-0.2697127513598637	0.0019558364939048873
-1.128399114250983	-1.0301895715171088	-0.9533837940380933	-1.5770553065339965	-0.43537464821522126	-0.7799001671480186	-0.5913452847503713	-0.30506660459527346	-0.2533840536991348	-1.5556167190585066	0.6858985900073801	-0.27914862697334475	-0.19208470197415936	-0.8087326683651127
-1.991200920278375	-0.8391237294759114	-0.5993436283382942	0.33722102154068057	-1.1757252264680922	-1.1398315377507187	-1.9917952537752894	-0.15662271993231672	0.27484377218872436	1.2874380352892347	-0.6796024811616788	-0.5691224780133757	0.8930661894960732	-0.9237633354157361
-2.2843462114467905	-0.9135854949758493	-1.3674132532957872	-1.2560191430867893	-1.0475777858883997	-1.0655809416662074	-0.8744064331320707	1.3328622812481916	0.6204034656202762	0.2683190369503506	1.1417568064922727	1.1392936261429405	0.8438570273879197	-1.8820742692023482
-0.12758444448080303	0.5820163561809183	0.06871278001230235	-0.6668186422754039	0.28380835187845316	-0.006494561943829025	-0.8613136746783419	0.8764235852289811	-0.6272670598670211	-1.6570306585470844	0.32936863622812373	-0.6168478669456093	-0.981402732022905	0.2524427514481107
-0.3249309996696059	-0.018625470467414057	-1.3714946009454396	0.7490207640463811	-0.09840459600991033	0.016257932855519408	-0.10040014437658766	0.3843441227284063	-1.7880652618289097	1.2916790538973837	0.25626897154440864	0.29057164145853054	0.4463110692803471	-0.33849415796052723
-1.8185348777632404	0.2708441704380051	0.10401360987242897	-0.5713859878910454	-0.06943160931745293	0.24583257468902786	-2.5613460299720225	0.8076466217248193	0.5064859849888513	-1.2080750112224001	0.3039398436450038	0.9595167959236485	1.0650921229145056	-0.4267622271797875
0.4688435240120158	-0.05867945477174363	-0.4564352715235452	-0.9278392464864514	-1.3830715014902482	-0.3573827129035138	2.1940496576935806	1.5852902546756371	0.7086817712534259	-0.22512553136940855	-0.6268432707324225	0.6384469617501425	-0.4439525234394078	-0.9210631028892443
-0.4412423118511661	0.004615116680027231	-0.9066313749883947	-1.0713592202157267	-1.4428508613957123	-0.13276608433891823	0.05999799632622863	0.9858954268238147	-0.6586670159776533	-1.1536614857206244	-1.4279268575472732	0.3403414742934789	-0.2921204896114565	-0.5284980414919702
-0.047879138772491725	0.09301438962330233	1.592718235256841	1.4895860820150713	0.1534838682427193	1.202959742870003	-1.4352070823590026	-1.2080228269172337	1.3504485200043201	0.7767626911607737	-1.1065695312961343	0.39384189524184327	0.2296202903266746	0.7719040277083076
0.46198016310126294	0.004132644165164678	-0.4928363006698677	-1.9051076009201173	-0.135768843812426	-0.596589244452002	1.4173980514286284	0.8623002539540309	-0.11506042973070617	-2.669880217040159	0.6270540271710405	-0.5653746484694373	-0.335007381332075	-0.4462460319408389
-0.05862337897812453	-0.3270964418104	-2.6537488029790763	0.7826741114911441	-0.15157094605746801	0.15229253065005977	1.4367670250189468	0.9847409324000542	-2.844915495299387	2.4956178665468483	1.2775800673766406	1.5137640590868962	0.1748731366759387	-0.9529156285856203
0.021430202183017888	1.0202424704106874	0.9059505822180941	1.0831868977105985	0.7860632900141589	0.2954710323004863	-0.5031417166101153	1.0741266119082438	0.9113070697193192	0.6549243684621645	0.723820508767334	-0.03587627536450374	0.9086553384012095	0.19403543558549935
-2.8104964444020233	-1.1120856537139412	-0.9903770771127679	-2.8477417627346435	-1.6618279601340002	-3.150592338722002	-1.8681122360722502	1.1630831139490239	1.2239155130133659	-2.0785966567956926	0.24499696581277625	-2.658012935761064	-0.32221997410233216	-1.745491527262889
1.3976541679682617	1.046433439856913	0.6881909261419633	0.2765390327844619	2.184482462311359	1.1960250677980633	-0.0734496324244727	-0.6696553976511063	-1.1999505983058192	-2.3002148906084	1.228270821112385	-0.6485761258508549	0.27712552100029564	1.3928015742475177
1.225675084930821	-0.6494086318942405	1.2301371874526215	0.8554380825965378	0.3578941197748451	-0.8984558563893138	0.5568647913386154	-1.6278551658869749	-0.1658480511532827	0.2268355825145438	-0.22188819156552012	-2.56714757697065	-1.7938412657664944	0.6860727207912433
0.3340072336531006	-0.3398583242335308	-0.7051305480005401	-0.5893720201565755	-0.21540959712746705	-1.2606974065292216	0.5667170828825575	0.31385491278742883	-1.7380931821272532	-0.7133205936656708	0.30714798010119976	-1.744494053049067	-1.6399727021410808	-0.20017673147777196
2.0616650839821298	-0.0699318670244986	0.11954491648949131	-0.44449799903084897	0.6864108660121305	-0.25074290072206984	2.9027172294707513	-0.661962418561176	-0.27710570305821935	-1.6353965622055773	0.60000145740654	-1.1847381449266474	0.293085111552891	0.2686285618016288
0.6328205443709822	-0.24990387225588404	0.3188952287814664	-0.8758082281753676	0.17457465745110434	-0.3598775553493955	0.5930822872587925	-0.004532395282912697	-0.5101016781314919	-1.6609838823957996	0.4862063642561668	-0.7114454670671575	-1.6472548413573291	0.08226653318532945
-0.720936613042258	-0.5826981897585136	0.09746071296420156	0.2858394657598255	0.9661363994071759	-1.4997088759090909	-1.9031695108764186	-1.2139661408313698	-0.5540563724083203	-0.18150983365736295	1.3406088394349067	-3.240525250801878	-0.7926968741141239	0.30422086956313305
-0.17203415842586176	-0.7809479244193127	0.46503548497619723	0.23710225137682187	-0.24960842844345377	-0.267609323099041	0.055691605190107456	-1.1007288249406257	0.8845183338336443	-0.1295661674055533	-0.12065187117539783	0.04953978222259868	1.2239997034907815	-0.36531057015309354
0.6894403122251279	1.3046431798677733	2.387495023038378	2.134312449488491	-0.03371072352422244	1.2357410161681435	-0.2020817961889613	0.4934855570487791	1.4953872027909543	-0.21994231502421493	-1.3094046812204214	1.2657981918146128	2.130507368467403	0.5824503719450252
1.202609435186855	1.8391367136654369	0.2799667092327325	2.006753877771989	2.195982213277918	1.6356878677866349	0.016820592459038646	1.064302853002941	-1.4628982121182699	0.9924120650667395	1.6607070528910697	0.5115083875896078	0.31091490487055345	1.1383720208895614
-0.46268218109167003	-0.30222038180716326	-1.9252507410841606	-0.38546127286923454	-0.5925381238528864	-0.8488494340134823	0.38217773256239745	1.490777933051579	-2.56878167017902	0.757537390679865	0.814607738371718	0.05613072445654327	-1.5769032267553558	-0.8813064962870395
-0.8885391233128234	0.14769366152331403	-0.377648296821056	0.19300689583470232	-0.9301206807062352	-0.15326250987099055	-1.5802502034984505	0.6788954003037379	-0.8004849140866884	0.31173320016689876	-1.1610329384889684	-0.33235435681117537	-0.9357684881099141	-0.07248988103694584
-0.2920946205524325	-0.7485899770657044	-0.3567586002301592	0.42926845009829534	-0.4397160311125392	0.3598238689861935	-0.4459704696155215	-0.41233268485680524	-0.9781723130914092	0.9824447187199804	-0.05786641170048036	0.9114714639926509	-1.47653124662413	-0.2058841168267952
-0.41062001797419917	0.7430673978779033	-1.3753251331788148	0.05750740292070261	-1.156625545011332	0.321269799171505	0.41951428172618255	2.3412375491054473	-1.1640381935805497	0.8641227762277488	-0.824885567082823	1.3337329652685785	0.08302929026800951	-0.6782809896389669
0.11550716712611056	0.21180998568373316	0.5332189254945692	-1.0656973474786795	-1.5674497853052856	1.0933394931174745	-0.258882564396242	0.1967689984220724	0.4903995475595805	-2.2996947708166737	-2.7750440373361824	1.208893251438775	-0.4880045807796925	0.19134950278642823
-0.2211410695378343	0.25705585096955025	0.8128494637194261	1.3976738522541772	0.21536550146823116	-0.241141577086331	-1.633434140061905	-0.26075223890523996	-0.023918969584388695	1.179513853553293	-0.3866224463528018	-1.6056667129113733	-1.0226517184789257	0.6180375380084794
-0.46256489250994864	-0.19892779788756754	0.16814970576280677	1.5260895490821615	-0.8242933523241041	-0.4322950081019148	-0.0790616569218064	0.06176973705451124	0.015425272864712196	1.1585672045653956	-0.6209639329930203	0.4727596607750874	1.9914492652521805	-0.6342794931707104
-0.36908859965778373	-0.9194308096156599	-0.7202505057313158	-2.4872363513122884	-1.2431136331026766	-0.7289318610448293	1.114127937664714	0.9171659668723674	0.22896219077709487	-2.2247617130212847	0.26072953029005347	0.7119444823741341	-1.319481477703892	-1.205834094198302
2.930409943991336	1.0254263412865448	1.7175827724644495	2.626302121935435	0.7348604529566719	2.4728105155369544	1.8998287872697395	-0.7181354151728656	-0.2165506710133314	1.4971213484170598	-1.2530281657408258	1.181535487198963	-0.9852703199791351	1.653361654386091
1.6443584015980055	2.197190173909224	3.6143920224304162	1.7016891002790513	1.069209895734826	1.774495586727526	-0.7449242539155541	0.9371122889493667	2.1733110664686084	-0.4387387478079348	-1.0823080130689255	-0.29072268055703826	-1.404576832277511	1.915838166995106
-0.7254286138133506	0.11883074373739697	0.16171215129288408	3.6953240031588015	-0.6474587930076166	-1.5526525517253118	-0.5687817559274836	0.34025712772435207	-1.3294076110345932	1.5450141610516124	-0.08954538029905694	-1.1807966723612517	2.8395301353165494	-0.6532295599605242
0.5215279191855275	-0.3196881211827754	2.2990396890126776	1.9773886695439373	0.8983594297902155	1.3629868261408213	-0.7916821645813339	-1.035318950863275	0.8260090082241205	1.997366642070918	0.4846255835126513	1.2257610615909096	-2.2856157620380952	0.7586264017428086
-0.8779607530123145	-1.1766549885130955	-2.243383064087419	-0.44038416325695445	0.2685350721769011	-1.3898390517974408	0.08520644816156406	-0.4399295102018134	-2.1349785494963673	0.41226646508925985	1.974112324294154	-0.940017388176525	0.4611832508825964	-1.0049339325685267
1.0843864092760631	-0.03296391053745834	-0.49846017825570677	0.40632022181824357	1.4197654404214306	0.9479981281261902	1.3248336329652515	-0.5396602158824383	-1.2801490752138147	-0.14337554516203743	1.8816526150526502	0.8045441887931477	0.120546130072591	0.2667229929774864
-0.655026886645757	1.426382963129205	-0.6820787902974264	0.2815183761668802	-1.0298402745411899	-0.40417388704401325	-0.8948690221978032	2.969325875735664	-0.9190679260022698	0.6670390008978321	-1.140840070095218	-0.5664233837638627	-0.6716964786499291	-0.22087326658220743
1.1572958078969329	0.1451544158323284	1.1885637132096667	0.16854199965916317	1.5757731204531307	0.42626524567270496	1.2983669537730025	-0.45186719904632633	1.3497992409909958	-0.8682170324074932	1.9552033347575426	0.022246070643380245	0.7490926871161132	0.26645619783690155
4.250501982200364	1.2410278552347298	2.944024419470528	2.8719590381175673	1.0827316541847702	2.2096782911007735	2.484786367713499	-1.5479322474280675	-0.5278887212899458	0.49035826666059246	-2.1246001682778313	-0.45888591546345625	-1.888483251514363	2.547483853994443
-0.42210197093172785	-0.9046087272258649	-0.9974637948959276	-0.5291813681654545	-0.6418775507203035	-1.2732967136368294	1.0784082736519283	0.2389985239624115	0.1672153263455299	0.4744177985384154	0.685166962345142	-0.4850230053474363	0.5327758218864361	-1.1545630059805991
-0.7089951228292172	-0.7750803237555917	0.09974888094811174	-1.5111421695318992	-0.40300431545477994	-0.3024035775673035	0.0009332391601749657	-0.10920996762908115	1.3497334756059105	-1.669314252414389	0.5109167139555375	0.34614966696855637	0.0026915506312580498	-0.7100926533043946
-0.12260500789846471	0.055050547632158275	-0.04327862859496601	-1.3772443660736646	-2.0175069589666776	1.4740707751502096	0.13413421584741894	0.5786282351141364	0.3182391767805831	-2.1503535048762927	-2.876348902275272	2.541279659929535	-0.23452113234748964	-0.24522216696682564
-1.7157476409445986	-1.5729807948839964	-1.973562403775385	-2.1513597490470904	-2.7214287870137195	-1.8780063992240739	-0.05641736555100844	0.6959349160709405	-0.5425384044896222	-0.7037306831937225	-1.2571493226442025	-0.3197091033145835	-0.9008968260456388	-1.810362379317433
-2.007054058807899	-1.216542568396417	-1.060970648685525	-0.5481492150501182	-1.3331994035114212	-0.6370496486203746	-1.1824957143352082	0.9311310287096533	-0.03310951413757931	1.4758956059783013	0.5753160465485213	1.3733952907104066	-1.4800457638893492	-1.479212032844339
-0.11488357506219848	-2.323597385888781	-1.1774983304517255	-0.7771225178526899	-1.245923937589856	-0.29416904292264867	1.1185119340895493	-2.244937671475298	-0.6042229882940948	-0.0401782610443723	-0.4569143241162055	0.673378148994331	-0.5287619878483402	-0.8708823854339341
1.1322771385104389	0.7390946629589764	0.1900747149614348	0.9113449773866864	0.6637940605355039	0.7445084205187764	0.7347816993177411	-0.04056310214427534	-0.9938394355646368	-0.39083323812527965	-0.09574880636433765	0.18640529164079636	1.1039281913219288	0.5426468859811558
1.2463848369161301	0.3344295357487286	1.1667041000437388	-0.2657087370403297	1.4819694483590156	0.45907764355087144	0.6891286038717108	-0.8536278129579025	0.6145399811320339	-2.2206794461152843	1.0629356254480615	-0.8115951082446182	0.4171179198786501	0.76318263954774
-0.29750196246515903	-0.07233657363827839	-1.55678668783704	-2.2181270936883535	-1.0802396423456362	-0.5233027677997275	1.250863322613318	1.991281043751171	-0.8143786436124091	-1.9703533661936188	0.2987208942767572	0.762317921965123	-0.6156740075384614	-1.1439703983812886
1.2335200558869595	0.6066955082267931	0.4361551997565183	0.4724535483644839	1.0476206228467453	0.743195668300461	0.9650702674920645	-0.09655238571859522	-0.3046297987076256	-0.6771036673312772	0.6407568290886809	-0.06404579234229435	0.35326657975867415	0.5939736237062153
0.6759702600858601	-0.321400173050002	-0.38601435994864997	0.7012644316572473	-0.016577827047109247	-0.671116785258847	1.1564323886133805	-0.5552534304627587	-0.5868535569436281	0.7281291824592765	-0.032453754389253416	-1.1881944476122692	0.647409107416632	-0.11772993625567318
-2.197089910303731	-3.066510820642175	-1.3075021695720497	-0.39488184848779817	-1.2251969058568886	-1.6635477449832023	-1.0524934019530678	-2.6262176619854882	0.2563461405960889	1.171027955924589	0.5179033344350519	-0.0532715475628358	1.1303585072051436	-1.716851924891911
-0.4252357424660785	0.37507391623847774	-0.5476398490767892	-0.035618345231000145	-0.601702828365443	-1.5824205485136225	0.5158578428406511	1.687650358604167	0.0015144055599591328	0.18283126195322244	0.18021461532661098	-1.2086528952255748	1.3335700525788388	-0.9042303094397901
0.40830417676908615	-0.11128948032838104	0.3865704165031094	0.41701796001661917	0.22763524506470903	-0.11708249699303702	0.306688811513779	-0.6312696315094932	0.25014989042244434	-0.22934846602533773	-0.038001082322209584	-0.60174165985383	0.808287071350129	0.10581488430728907
-0.5828566556526682	-1.3473809757895296	-0.9813593628157763	-1.101789785520747	-0.6505385809494436	-0.43510421405015165	0.44445043618013264	0.16663810370567966	-1.0892441053191155	-0.11240400753133478	1.002056173142891	1.1611850239816615	-1.9182131196284484	-1.0637212140872478
1.4159341807225518	1.7978037909535725	1.078766406704177	0.6166148071804092	2.0915018461123394	2.7390906118758602	-0.45426520670350623	0.3735735880021289	-0.958399216612817	-1.942596672224982	0.8614754286788492	1.5223780810947374	-0.3066792997206885	1.6349954980964327
-0.43651624594041194	-0.4283042405267887	-0.6786346841582418	-1.3714963358698788	-1.9391965779824016	-0.843149085182253	1.294902146886997	1.2981054971970207	0.9469221511646742	-0.6207633702150097	-1.2189322278546932	0.37636554805407957	0.2721890697535023	-1.2616053527957016
-0.810832936625959	-0.8260195434664639	-0.25721114301505116	0.03503341154971814	-0.31753744808370143	0.3376389874236661	-0.8283248969624204	-0.940258980309739	0.0367816046007505	-0.026811815631798557	-0.05343773394381777	1.0941300343393876	0.903633803744924	-0.4425909160296054
-0.2591014296401592	0.0019128371175115289	-0.4239881235605226	0.2945525925885427	-1.0015924212758915	0.19650363820264066	-0.035835739046215766	0.3979473554182689	-0.284922033605725	0.5509936017036007	-1.2745225510180553	0.4198374917432098	0.08877820621736143	-0.2546112173769221
-0.375725817616247	-0.5789156384776312	-0.23658973764066557	0.2964140749212993	-0.998575678400083	-0.8308635717093766	0.4350834050302958	-0.14393587339321304	0.011566651419442969	0.02255855957988601	-0.598611000499601	0.060858615451970265	1.7227517858285302	-0.8371044716074094
0.44434465085275415	1.4352175133035057	0.7687477157723142	0.6347188924942688	0.2277629155263972	1.4246771504112397	0.19495641794375418	1.6928529420908758	0.4580926046058011	-0.42103619108435536	-0.21018035745599528	2.012014508361482	1.2886266701039633	0.16178041402818777
-1.3519084009945872	-0.34780775400686953	-0.6149534279081104	-0.5048415293144696	-0.9811407223564206	-0.47673705262767896	-1.0129230574001642	0.638774911011024	0.27395432044854984	0.012026325561536579	-0.413077740609471	0.253244648326168	0.4065473265164749	-0.8123821659167789
-1.397128506715184	-0.5620715456394554	-0.09950278669215917	-1.8226076799034572	-1.4419231881152847	-0.4823101206870033	-0.1533536283622338	1.650206638528659	2.022082582318223	-0.8500533324290174	0.16495677613191137	1.2945066406522643	-0.703002894164344	-1.4115949499237819
0.2707319265289117	-1.2183468934545958	-0.19456570434418924	-0.17223335445514676	0.6772071049739954	0.22384330450033596	0.19676140262043917	-2.375856267704673	-0.6478417420436914	-1.1671477128310639	0.8261878834155315	0.13848978886320543	0.9299562402955542	0.021175619109097047
0.388335298129722	-0.8250008157354243	0.47565263494598675	0.7728234878218176	0.2016289992904702	1.1292037033791331	0.1979642366090726	-1.637927891124588	0.4008392298768357	0.678336787606983	0.0716566245857249	1.2010805534523297	-0.29810142864349287	0.217376204668027
-0.18684356468659602	0.5186906560422351	0.7645750901662058	0.8338920339564704	-0.07242984283917378	0.08467686121206808	0.06300267310380894	1.2284140511563217	1.7042462666178813	1.4068739782140907	0.24432864446960995	0.27470013827020673	0.2721282724092881	-0.2727834291334156
1.6237318323488934	1.0168147914408328	1.4923483300878169	1.7593792399310053	1.1954972124171819	-0.5517978842955258	1.8039123968338782	0.54398381581671	0.8901049019864918	0.429693628346749	1.1013376051177086	-1.4205649464029264	1.7606761815492407	0.3382892656409586
0.525877360440485	0.43075302110969566	1.9633251169058163	2.3258042474657654	0.3022542475560599	1.4252688825910338	-1.3045396064945398	-0.36995015536821063	-0.04908424538860875	2.0369945800204916	-1.0147931402229537	0.7540881738659105	-2.1363350980180416	1.0799901339342304
1.1796545164032852	1.4142820564894596	1.1963192146917063	1.0447859967327762	0.4460347628431889	1.3820538604547432	-0.4219594666924458	0.6524325457336345	-0.6395650449966268	-0.47377275325583046	-1.059940324076244	0.07707593404169878	-1.2424633606483717	1.2713152011789532
2.6983429562765293	2.631827943129335	2.283751484548013	2.413110250639784	1.8676904322677934	1.2766705795422308	1.785540727265965	1.4654566140208127	0.5851788901741123	0.018751678431461326	0.38275820994043147	-0.26834394646247606	1.5725907321217585	1.4380358282924959
1.1635881228672647	-0.0589944853066221	1.2235517838092713	0.15567309439842303	0.4616243165211694	-0.017342780034117267	1.003829890304955	-1.0592882795981593	1.1605595793558716	-1.0730667664301146	-0.18679015729239487	-1.1431016512905923	0.4435396712958991	0.48787054819309367
1.113994471006655	2.788812062741194	1.997195522832894	3.5612125275679607	2.036624921181567	1.6823041578245457	-1.375206476299275	1.1891856445544589	-0.4944310057591197	1.278482633792632	0.15642249730246766	-0.07277856469574905	1.6587783443779205	1.7435450071329346
0.644748287432604	3.440934703054238	2.471828355931377	3.12610469129599	1.4697754431407177	1.9035511070996596	-1.999791940096842	2.450491500054611	0.5323474988937271	0.8385818917763358	-0.6425943678361192	0.4156015891296174	1.5765223025410786	1.6553353425132555
-0.00028685053837518293	0.28685400366718916	1.1318364478814622	0.7836332057297992	1.7222468651380862	-0.26789255127444656	-1.3552426415904593	0.1461279016689694	-0.40801835243293166	0.26882627132368936	2.1854874502113955	-1.3057514159400265	-1.977367752954145	0.5946508132566365
-1.9754356003098092	-1.0784344394269976	-2.22620726158054	-0.18706809005956448	-1.617922628423696	-1.5363729364778478	-0.6879334870509238	0.7518313028039506	-1.0899602195587215	1.802512879614751	-0.1294124865244711	-0.037893812736758285	0.6910770952267858	-1.6677486401547252
-0.14935833224224015	0.19302952288991204	-0.2667218930885463	0.33214245396877007	0.27559771955969614	0.8491273226074146	-1.3376047220121703	-0.20617211027103818	-1.6319202618947233	-0.4287656329539685	-0.12030723865159063	0.37427463146366485	-0.9928119020756645	0.5152951694676678
1.4120271312892676	1.6119134232504768	1.248762108476837	1.8096447521550094	1.7145420319753701	1.2553701880340604	0.7811390545703748	1.3349521618560882	0.5683052856453478	1.3122623454973528	1.5034914112854239	0.3094304847817281	-0.35684540890642735	0.8823112079181094
0.037483467535714854	0.47627827750997126	0.5957950219371664	-0.04361334598776978	0.3117862731877565	-0.16058998578166295	-0.6827243282713095	0.0817646795862459	0.26332720833560497	-1.118470374183564	-0.19239575558052485	-1.3293798287666017	-0.05036000571253191	0.4372914709007301
1.1330325683556601	0.511986637207761	-0.05931293475841404	0.8404616601099736	-0.7426692046533291	0.6666729063929481	1.283586470874834	0.2450292027834172	-0.6642741028322885	0.45512499516031946	-1.8458706868507226	0.22384650720491953	0.15155767045859417	0.3346575814459919
0.44665643598797233	-0.7240878734769698	0.342598350755094	-0.2615212776376929	-0.08589529111837471	-0.40815551558226265	0.5163216470894054	-1.5012819626161311	0.3355332588883292	-1.193654224086003	-0.412991192516182	-0.9572754730147691	0.7701582066992185	0.022649662752865216
-0.17358805062041788	-0.21514087413279945	0.9654803261981573	-0.6789367539165906	-0.5154489143511012	-0.5225929280515079	-0.012746093532290403	0.35300567818097117	1.8856415486928422	-0.8269293681714669	-0.1700342528695357	-0.652999354805561	-0.7470759359875289	-0.2775290938438764
0.8227633172949357	-0.9290775202136072	0.8627441317441585	0.31342543046886046	-0.5448297237569746	0.8316376091918458	0.6388938413179138	-1.3672208351054738	0.0377028852367125	0.06653854928643863	-0.9762145283924214	1.043460859370673	-1.7348013555486916	0.23821525195941542
0.6700388787361173	-0.40878206962430774	0.2378385223293446	1.6995489354378217	0.794833180757225	0.9836070730525761	-0.005015647981286297	-1.5681821118340196	-0.6661398824054348	1.5909280576854465	0.43478188509216753	0.31593855308530083	-0.3814625752024345	0.6084197125165909
0.6096890798927189	0.6057351312382568	2.0992393012503454	0.0973182548620406	1.2238968907817243	1.5380009774646317	-1.2140424036174466	-0.31974702861897547	0.6293425025125032	-1.796541334233608	0.47181995614972805	0.7102907769174049	-1.7068648025345838	1.1389563089165589
0.935831045306908	0.6914298958161164	1.0942427744780217	0.5390593142888356	0.6885012789417657	0.8241050552291264	0.47676603134014356	0.05759952613152057	0.7976721539187843	-0.5452284680360932	0.054076186439998584	0.056235975689484866	0.29060441755439337	0.5987492966263254
0.05865081892883618	2.1457342559959964	0.31309266862769114	0.7740570215836661	-0.3327870155973971	-0.030917721967297127	0.05243360021772963	3.3528864305732693	0.1019525789884547	0.16491743539101344	-0.6352472675121523	0.14593462023532755	1.4162934125665838	-0.1492562848612817
-0.3839472005853457	-0.9777199825967839	-2.4826338443983396	-1.3217931408084116	-1.7510758325385354	-2.6547175718121476	1.8593118846141714	0.9307227044000326	-1.6115918013249555	0.022518125603566575	-0.358249265493635	-2.2273508886944215	-0.09361115906558308	-1.5174313734236868
0.31574172126063	0.311862638126555	0.7477043237419576	0.8912456136009923	0.4082339619998865	0.3107858577074878	-0.023897523847962166	-0.05385174357593161	0.7539483383189379	0.5438032226376853	0.1109577128798731	-0.21822937598986547	0.42378856783654567	0.2594159707048048
1.2929926677389252	1.4044403962484289	1.5241121928829444	1.034820750637712	-0.1390195441250912	2.0213340585041903	0.11893038258459228	0.49986628967841573	0.5622513110900752	-0.4642627012881709	-2.074264531613771	1.1065176996949346	-0.3131444637563483	1.1671495151926492
1.4258809609837233	2.0496014495853268	1.7236321423903762	2.433003402245753	1.6401358436782516	1.2110274711315487	-0.035486493735264454	0.879464146676425	0.2873162253346619	0.8634164286909672	0.2721714833519638	-0.2838649854184876	1.129759658957716	1.2959710297879283
-0.8225699343143845	-2.0582293546608135	-1.6781330508017895	-2.10193626065308	-2.1707949638759994	-3.223232149466323	1.3510880113833996	-0.7441267211817565	-0.027768642591118834	-1.2083822342349044	-0.9232321274319049	-2.7929548817641323	0.537513777778377	-1.7192560775074348
0.48141493152310544	-0.298103143989214	-1.2874008763655138	1.0998944106559034	-0.5524029052472941	-0.29134057397775115	1.0059457073045157	-0.33632880075392046	-1.9050239098690147	1.5868512664327654	-0.7484941257719745	-0.40123176668829885	0.5979625717495431	-0.2158983778867704
-2.0260624687176265	-2.4047044703284692	-0.48779750279796286	-1.2728087700622388	-0.8211525723141054	-0.8995294299639028	-0.7329459053382766	-1.3005446236483633	1.858656792619531	0.25108272303915885	1.3386571721659282	0.8438492826948705	-0.09743668187419723	-1.604890359764612
1.007319302849593	1.3245282668612928	0.2516773329632782	1.2024006968401348	1.6829144425936415	0.1579963829263643	-0.06706239378146703	0.2737891163057297	-1.7421094441747216	-0.8852116608122284	1.0283054766810351	-1.2165341577149313	1.4661475104513186	0.8670252949875913
0.5168389003173299	0.8438801178003398	0.7944877266869212	1.4648613148171408	0.3278830321200996	0.9863972613750498	-0.4687202231654143	-0.0704254783891384	-0.2580409001920466	0.21588914219231145	-0.8295672055288439	0.4801261454039312	1.252252823086515	0.6356848402165198
-1.2043181648163082	-0.6217865206283415	0.34564399795363543	-0.30366036535415053	0.08254726422370678	0.5656136854513997	-1.8131447328184702	-0.8509616606648263	0.82329117718047	-0.665073594643526	0.323754945813473	0.8868401272436419	0.246240114726547	-0.1604575471747551
-1.4820005940635226	-2.268626568295194	-0.6532497695310855	-0.9364166097998936	-1.112810863184046	-0.4713843348862974	-0.018530171244417023	-0.6506954818077871	1.1236063757425556	1.061468463789037	1.179115450733904	1.8232349089989608	-1.2331988983291886	-1.6315694995446837
0.32936223700160305	-0.2330642437587359	1.0907838411373516	1.9856321801780725	-0.43271774082944847	-0.666395767159992	0.6066949198312607	-0.7018851040558447	0.49486711374242104	0.40539055386121686	-0.5105316096122748	-0.4290761608138242	2.3107964466183493	-0.274092470648899
-2.2817058540560473	-1.4119122790811713	-0.5762843585796185	7.855095377869683	-1.8434107229349588	-2.7319574175320276	-0.7602930462102654	-0.0922221244310325	-2.5668079734272804	-0.5181487273782657	0.7421993583366921	-0.7460972865031141	3.942658442177572	-2.1451106928580663
-0.6451660479204525	-0.20664619790251082	-0.5660946369806534	-1.0391602714120425	-1.0629497110695363	-0.21803786021541405	0.2793769664709446	0.9520039237629427	0.4211456011526015	-0.8778575096469625	-0.4555441440311371	0.9185032673994217	0.7129149417967423	-0.920431540519625
-2.428743988562962	-1.6106408452160499	-1.9239185152002203	-1.5522205583982136	-1.8546190330828125	-1.888623436920557	-1.1883796882357258	0.3606777793763715	-0.28973551927906227	0.11138279052257623	-0.04739830586610175	-0.5203132336914753	-0.29677571878506026	-1.7676923690848607
0.7189198372446889	1.2526835994897403	0.45400746309933654	0.6291148022373403	-0.45900281509855134	0.1018409548153657	-0.12450374737189147	0.7523539079108356	-0.5084239776343616	-0.6371892034008607	-2.0989239474322963	-1.3830236936047349	0.3026349203035834	0.7407442706825222
-0.1147695322220777	-0.6591017212834374	0.6008777128001513	-1.439099480567052	-0.969791127678448	-0.2831733120372421	0.8210236828110132	0.6536555715342088	1.6829749699162322	-1.185383403363671	0.008295659758219933	0.7571187402724708	-1.360628650556546	-0.7791693340926534
-2.4959695423534853	-1.1612633259001497	-1.740113336327636	0.052408412891841616	-1.264960574684744	-1.94001012067798	-2.0173341151115776	0.48258056408655536	-0.7014153876519729	2.14249076725546	0.30464842901715217	-1.2659971242084602	-0.4527527502338439	-1.3602611143053143
0.9042691990134488	0.15783942162359713	0.32095294169272753	0.10257494869398232	0.8578300584390202	-0.10669738333697332	1.0370626686506248	-0.33314075481299993	-0.11389843782930613	-1.0865298598578401	0.9103656366531045	-0.5341088744523935	1.138624028200138	0.12999906887136944
-0.4847207400404757	0.011882019145688039	1.536966504913598	4.103237855666976	-0.830807579235582	-0.6168654153548376	0.02851801937768367	0.2975940587091359	0.6996436756529215	0.8731088531709589	-0.09907890809979587	0.6099309471728235	3.0824936743404026	-0.7831731509478741
2.2649057907341588	1.566468328076373	2.5867345968705133	2.172028210966255	1.0186282076317459	0.8560377687872947	1.7594925666271772	0.3073320625213074	1.395971413022901	-0.3644736465632964	-0.268079152503624	-0.10712358399116746	1.94409601220484	0.9932498881226204
-0.6301173546823533	0.060213211586599646	0.4865322936867757	0.13355382207485056	-0.05984083111951788	-0.60212930182427	-0.632496700429471	0.2516125985561622	0.44262425040765335	-1.1202129500983422	0.34556899818199927	-0.1471444287498797	1.8448272955834912	-0.4597198066637959
0.046754233252776944	-0.5508875536471287	1.0562205185908529	0.00798259593365902	-0.2989604027127142	0.942549020433506	-0.694479416963871	-1.2758947758612071	0.9992056466353617	-0.7447222765725232	-0.8752766214222488	0.7238978234301876	-0.7084035309863179	0.3563300180668592
-0.8349645795526214	-0.11633057706808636	-0.7495374975265798	-0.5202314284099212	-1.0505460464290397	0.13767667676425233	-0.16853739228594256	1.5900592537806493	-0.12495461884077033	0.4624062416044348	-0.018741640334983524	1.5003456652386251	-0.9929859395090735	-0.8717689414346611
0.8839839171280073	0.023505059715173166	-0.3059319151742289	-1.083907958959633	-0.03724736341725424	0.30444431046634673	1.0686681386888788	-0.3656925752007191	-0.9027073694568365	-2.5449522494668035	-0.4669436724146975	-0.21804199968877652	0.03755053430526936	0.23541049797455074
-1.1626193731015007	0.4873886996303495	-1.032328290040176	0.02515995900123466	-1.0078928782128829	-0.611179312611739	-1.3909028006918365	1.5769603437357667	-1.1145242484786166	0.45482111016939974	-0.9175832422171849	-0.6842101814386977	-0.3519793590753956	-0.38839163479603134
0.009527697931228984	0.8486819996995378	-0.2979102637975074	-0.015227998573182688	0.4798779340623509	-0.8908349582951857	0.5411569841268842	1.8341747210116002	-0.08348596464952857	-0.18985797088402387	1.2754073309228622	-0.8997007317274981	1.0196351984788556	-0.45574987260319333
-1.1285418223398662	-0.3228044950453329	0.273257287818079	0.33492720732324666	-0.028585942006265498	0.5964597798799989	-1.942500214520088	-0.6028885295755994	0.4323473821393637	0.15621240193210348	-0.11234795175518818	0.6484845147275877	0.1470110778336373	0.00952640713329926
-0.4420274777257347	-1.6524065219858015	0.36182769479825283	-1.8663767073423028	-0.2024994899376525	-1.3888227601410892	0.0803654788571763	-1.8651105296420463	1.4510094926108206	-2.5570258273202993	0.5513261109275135	-1.7939624278227069	-0.11058252281052931	-0.5112236996384678
-0.12664594911670035	-0.7750316232539184	-0.6106793259381548	-1.003489732903487	-1.1577178226806988	-1.344329356083322	1.3010691028941617	0.634278133809796	0.5060079629436282	-0.14650644294434853	-0.022671113235999567	-0.8036426682971238	-0.7068852468968709	-1.0142214541604218
-0.9067223898080038	-1.1801983265478115	-1.0973512344499483	-0.16587692061991122	-0.758439697342165	-1.4461654905353813	0.06620337690090716	-0.40842936870391133	-0.19223435485837592	0.9221245814055489	0.2974084832998078	-1.036923467857051	0.3748983655074413	-1.010120378426953
0.5402760972088932	0.8913492583729561	1.2594551216600758	-0.06698078201231816	-0.3270168449048476	0.9308707174058584	-0.3710778407605656	0.6668608179110372	0.8165664176748261	-1.3433703707891902	-1.389436386866752	0.23564256419277915	-0.7811762240785733	0.6474680124420485
1.5864328545141428	-0.08277589313855516	0.2584030065495774	1.0949413162601755	0.22069757181157962	-0.1314346145436659	2.201619542764675	-0.2578925705387873	0.03533317383260792	1.3310797527227556	0.2393975232408468	-0.8044727354470914	-0.537408919050958	0.1794414329949088
-0.13812283426534533	0.20903523118242026	0.24107052235917786	0.06085760580502103	0.20412348134640962	0.7534020962375167	-0.48870309595516354	0.025473667268935355	0.14023534668334472	-0.6796636710258216	0.0406782224883185	0.942612806515774	0.7566932364526963	0.0424123835305198
-0.5069881695455251	0.69094301666166	0.977344742087727	0.14032486752866238	-0.8866228823375784	-0.19281611681976607	-0.748056782801867	1.2456701237709835	1.7621510763530919	-0.008582771106332644	-1.3834670509195468	-0.5122201178175426	0.13590417554713752	-0.08363989271035759
2.7492768151558282	2.495305052359544	2.2139721076129164	3.0852100842048644	2.489645601055374	2.332476052824141	0.29053679275249666	-0.18507760584795005	-0.5802116765735704	0.3701705139874584	-0.1782064878414347	-0.49465842487628003	0.6695213509966416	2.4724473456689853
0.7021704945457787	1.3347740704940672	0.10505007148728955	1.2570141666384866	0.16393853841774383	0.8131824133455902	0.8295797077933842	2.3317862622813355	-0.1734735732764086	1.790881876850046	0.35561421422168504	0.9663272006815461	-0.7716758673653219	0.09003748659833033
1.2564850575391386	0.780859522155341	1.0688299696221926	2.7369100307498218	1.3392763386237823	1.4233055312400245	0.7809663302405682	-0.01045375454715172	0.46885086168403034	2.9162964697033518	0.9202409391646338	0.7263120024740484	-0.0019346457863929959	0.7875187040409106
1.8588737106832471	2.389362821333009	3.250686732682649	1.8533614765481532	2.6818749193034392	2.114102655528113	-0.14763546792761584	1.2617723699174785	2.1063608346344256	-0.0715251703219189	1.7075273575924041	0.29424451378721955	-0.9222707768204197	1.8167535547466058
1.6640062364577763	1.841393041483525	0.6793580309968178	2.154412102599469	2.356885882365995	1.6560832333244406	0.17254975701245412	0.5663957404797461	-1.4289543917775436	0.7510702408236702	1.4253533189215313	-0.12277786655697154	-0.15259125364835643	1.5320738479253486
-1.023363365735671	-0.5459640549145108	-0.8426530356026979	0.012960359281998762	-1.0978915782258893	-0.10191383892543784	-1.3465148566995335	-0.5397370246435113	-1.0398912887906802	0.05842389979605609	-1.4596164906648235	-0.13851921949609705	-0.01673773715548511	-0.21877429269730705
0.11421116993031516	-0.5223656893954776	0.17139972312512844	0.7703975003419987	-0.70062244463169	0.5056711205203865	0.4156061778857193	-0.6067419821066319	0.5287996884943844	1.213965834041421	-0.9038478379907507	0.7543109922929921	-0.05875043695730695	-0.14657041274003707
-0.3894546637705674	-0.3083664699300096	-0.20831817865005553	-1.444079860213735	-1.6986309253493854	-1.1484895734344684	0.6323303849673122	1.359773347415387	0.8027208619246475	-1.0010488047560462	-1.0192173679463095	-0.5565546687985842	-1.0560844812772823	-0.9130135821237853
-0.38948836012853133	-0.250158839119986	-0.34867476089285454	0.1855516182219717	-0.35282226211203505	-0.24454030963106027	-0.145714846445414	0.33687829025726657	-0.019143385072039262	0.7053399325979769	0.16201527643616348	-0.09584257510152257	-0.40856228026678193	-0.3705733572209895
0.2424589247061839	2.8497325213936393	2.305792302938062	2.7088569717778705	1.1796056804395585	1.9299782366971194	-1.919595563360322	2.153933378300433	0.7049357161574874	0.37944699574481106	-0.3247401336627098	1.342689248817183	1.8701430195972062	1.1833438904939384
-0.1846463396756497	-0.5660180771515115	0.09257906636856861	-1.1419220506634549	-0.975803781260631	-0.6525009856434246	1.1616905030644247	0.6610040144053001	1.6728807363166471	-0.6391759186028922	-0.022502470574471144	0.1202524500055441	-0.212288952508994	-0.9201626952928929
-0.4732881048033315	-0.7818112672554446	-1.89190578419185	-0.32916183944174526	-0.4038850533290863	-1.7677037654625267	0.8413591640133501	0.33902388185508503	-1.5172015927255125	0.7600532716533391	0.9689005872944001	-1.6433716441750457	-0.017884001548382773	-0.981648796058819
-0.2820517856796281	-1.6066223760382234	-1.0633211988838163	-0.5552764946998567	-1.310004979543705	-0.6909196416331194	1.1866407935204986	-0.8206177738825322	-0.056989110047923966	0.5827295431563524	-0.3280999780688128	0.2820275394800077	-0.32196100532094035	-1.049859510644516
-1.2781559022902238	-0.9935264952343721	-1.9614716597997306	-1.5146181851242035	-2.5454546539092378	-1.4849401400968467	0.6123179026139626	1.0805162857626371	-0.47836432023931796	-0.1288255758037856	-1.5055517409120185	0.0035473662061415666	0.20518481182430182	-1.6828732290568147
2.6164868093711844	3.0042547785456244	1.5027546125997941	2.1603146196222824	2.5106123304597148	2.1618564343953106	1.2078466350994677	1.802586963905335	-0.6255023950807193	-0.03003887513007332	0.9957310966276383	0.3572001901086188	0.6636069901593801	1.7899812021705475
-1.645818224918135	-0.7048440032068786	-0.33515421306437343	-2.5853080126571193	-1.9963039342015618	-1.5961546285362327	-0.4078682344832343	1.5866632982056776	1.7815333590344227	-1.9514789524848564	-0.5868458012026088	-0.39062156244495616	-0.7303815539198767	-1.5107656713463098
-1.2030728119929228	0.5087595298890577	-0.7509167251590155	-0.7880442045785929	-0.2940065415987767	-0.7414926825972362	-1.5050099320107837	1.8983524196213681	-0.8399559761115566	-0.713078781482877	0.5117590489039422	-0.6972794142480623	-0.971918446096253	-0.4358682326645126
0.46653976156847216	0.36401859838589906	0.5856766573043974	1.6125304425390248	1.494272784536866	-0.41506256446201406	-0.4054063870391427	-0.4445454529237163	-0.15841141786144156	1.2962993431945058	1.4387196178939292	-2.1382386945511787	-0.20702771473660625	0.6721514130874501
-1.0861836189583085	-0.5362067668702329	-1.4651808372160064	-1.770157491503087	-0.6942797615327239	-0.772000771807407	-1.0182040359069564	-0.1155238993009415	-1.5915425042567566	-2.524212805315381	-0.37720419689417234	-0.7192086362730645	0.3178312234805901	-0.5304586719857861
1.8295668662233182	-0.5569492019574787	0.02087879176360119	0.6750705466869042	0.2643784462443026	-0.28468465043480995	1.9281559522585374	-1.6583452135218844	-1.0635257335885753	0.002106581602686609	-0.3053686399964004	-1.688403659089627	-0.6639078695521706	0.570839500066086
-1.105883977502827	-2.5097883616040164	-0.509743466860713	-0.15049868246332243	-1.784878894743484	-0.6601680249679417	-0.994065915664533	-2.9492248891337036	0.02512069844732987	0.5919178654251628	-1.7561191414602495	-0.3488197015874104	-0.6520363323148349	-0.6098461616608274
1.7749740782549497	0.19958096670226033	2.7658042717643103	1.6401902917778974	1.9918594840033315	2.011710368626279	-0.19468922711836847	-2.2312645665145756	1.3286911049793357	-0.29680753105822516	0.6950749133168166	0.27311192964813463	-1.049596563892846	1.7482590193895748
-1.2009418172565223	0.014548736040251975	-1.8067340843240403	-0.3122856956310296	-1.0217638775911242	-0.6341910442518304	-1.2710534955032302	0.9063977995865147	-2.2282161521742716	0.019472736269157128	-0.8215545695170117	-0.5785849152318496	-0.23988360804987305	-0.4813132221016822
0.8419366315112183	1.4078029246548283	1.2346164017420478	2.4428280168935066	1.5894095110480724	1.7549880850790647	-1.170081146365899	-0.3930454092757841	-0.8417984975098071	0.4918010264796515	0.035589858018491294	0.5656189116378367	1.3545915106869282	1.3727118680829131
-0.320033395487645	0.5249095163599613	0.35856680937141305	4.207987390876438	0.11199262880631639	-0.31934533020662925	-0.3115145802272704	0.577121609826868	-1.5795351294626865	1.4699219572203317	0.7933289423217932	0.4712119457582792	2.9265730326791983	-0.4066780560719991
0.8621649432429823	1.075707056955043	1.5191172792179088	0.8503915282006884	0.3264391461713171	0.1414588815939546	0.28606960239149165	1.2454290578750191	1.237068089092192	0.3970018726346684	-0.06912712288727398	-0.828707404230668	-1.078649428360461	0.5441795079021239
0.0497119096009683	0.013435767368484064	-0.9448635911228181	-0.7327081250728147	-0.8711015304328261	-0.5091408095239556	0.2449225073419712	0.9628594909421194	-1.8084379281876393	-0.8402660445368318	-0.6615407602813062	-0.4315823797057103	-1.4422655495407326	-0.275826817288641
3.2656879092514037	2.0581752700158216	1.3164128800955783	2.82598906884653	2.7576123211984993	2.475026746714064	2.158030442003997	0.07917953800446793	-1.098044978949617	0.8956412764472048	1.2695228571302517	0.7912549012407541	0.7699288818578692	1.8566817708415668
2.0039114376774823	1.7013266911679763	0.02547801778517078	1.2792669091247642	0.7613918506637495	2.624749272548648	0.4612550960032719	-0.055345546566261616	-2.7788698423434046	-1.1083494429409955	-1.6204588959679862	1.2638247060628207	0.2967033684061604	1.6751933454265011
0.24681782042294453	-0.5970790055379906	-0.3268021559909873	-0.4343180677804799	-1.1275975554278204	-1.1355002709708015	1.7624190063211176	1.002693153790114	0.6102198194054073	0.7812007388597685	0.03602604825521892	-0.4146456658593762	-1.1669745801568594	-0.9652999817806872
0.22310458986491355	1.0990693726818153	0.28700032935984104	-0.6771224919272035	-0.49316957131740524	0.5942171266098843	-0.8676113654497158	1.0511125858663175	-0.7759854689436222	-2.324305435653036	-1.6294305213687204	-0.28851147711058617	-0.7926519051237065	0.626932202186766
0.12482039515419907	-0.4131634680284566	-1.2332396354061332	0.873921014034466	-1.0258057970205958	-0.8621804708826704	0.874234036662072	-0.033161342352320614	-1.333349021762721	1.7646983062360915	-1.0530684740272624	-1.0102466082161823	0.27598615814459715	-0.44846389424598365
-1.4949287704371552	-1.9214663893756228	-1.5928962029998557	-0.33109823822240136	-1.6632476554496842	-1.675929216640136	-0.7660880022574879	-1.0464929464413046	-0.9268108204772347	1.1986827239638294	-0.6378991825126066	-1.1299206277398277	-0.7384686326212003	-1.1458768949866
1.6070533772162965	2.02672736727713	0.604261109734259	3.125131329851759	1.7679149682449067	2.609758169925408	-0.14850040831584244	0.5139837020824821	-1.7742173745377872	1.9508084675923083	0.0916196448488575	1.3836757623877654	0.5476648942771442	1.6088041671722122
-0.12367741118584441	1.563229823035519	1.4131724808748825	-0.047933167943922994	0.1316466759400926	0.24797019876647136	-1.2917267068903733	1.4537315696486472	1.2630237604365284	-1.6940328989515578	-0.9078041309706115	-0.7221215699559015	0.7680237243849389	0.537386136369343
1.6036345138465453	1.4973491540777104	1.5800559636585052	1.5588452555470815	1.1865614394493178	1.1253390636478473	1.2791607119120285	1.008641954564957	1.1635724538726446	0.5681084151763574	0.5356081022422418	0.5088636967511563	0.94580550689837	0.7030028799590621
0.6265646117586161	0.3786317512090589	0.24790076947625045	1.062180531620601	-0.11079941151058098	0.2173876736248722	-0.04694288962544791	-0.08713148249916029	-0.6475585848547692	0.6645358051010702	-0.9164890758963751	-0.8352581127871826	-0.6303213695240769	0.5569749146133705
-1.673106925206405	-1.851749269301353	-1.4584592619663286	-1.8881849640581176	0.2715189093630477	-2.1038936251361635	-1.1451857764026117	-0.6378215484954309	-1.2313990465009506	-1.272742012225972	2.7336752148550154	-1.5816406146519306	-1.4992955085958857	-1.1691972384849174
0.43482286177276364	1.226307640716277	-1.112443507285252	-0.0013273083278236841	-0.6907417253729937	0.01819559225652881	0.9412230834707219	2.615574416061039	-1.6003735218180983	0.18698293812174077	-0.5911377367277055	0.127333907479652	-0.5973094703089766	-0.22357511485855122
0.18011341921739898	0.6999927413189575	1.428745778516975	1.2706418501893537	1.0258909558869675	0.6649039028932341	-2.1589272377677613	-0.28688909841520877	-0.9714478590894908	-0.030014964969423165	-0.07894803113952349	-0.8717179443234593	-1.9387376792129436	1.2598737362106716
-0.9645376239026819	-0.5359211229984304	-1.60023719258692	-1.3902055137394547	-1.766123984981364	-1.8929399282571753	0.06864106151669433	1.7155818226042383	-1.702483312885108	-0.35681186926325303	-0.6006314691392818	-1.070197754684852	-1.7765357582356551	-1.2099630649138422
-0.17545229123950457	0.5562353617032141	1.257275988730933	1.661979321009237	0.7840159112845555	-0.27907929667330345	-1.0546752782260844	0.0874679627117134	1.2997842279185363	1.4365433466626878	0.49931993452038004	-1.2449519162694809	0.843881286955435	0.33497832668509897
-1.5218722461579641	-1.738211670293885	-2.4713874377893887	-1.7153289976530515	-1.6713156516340761	-0.18053224608828367	0.18998155113900747	-0.17371155263351376	-1.3547475490409153	-0.4724995021973837	-0.062054847946644336	2.1402738474809557	0.1433080436221112	-1.662646347438199
-0.38026843635164753	0.9603309892198126	0.8111301574340549	0.14768844480603172	-0.4328961471495857	-0.5264872520290003	-0.6920467675873724	1.82403529703831	1.3489059746478436	0.10537090228235121	-0.5035019502068385	-1.106760005537173	-0.4640455426185067	-0.041281080479472064
0.4016256218096168	0.5833182593423887	-0.869690437999892	0.5312713369899437	-0.03958472296664339	0.7689484162650133	-0.018999875939779923	0.2003029019012941	-2.1871707577594357	-0.3985811008413419	-0.8009749749821803	0.592938366195062	0.8838977627842937	0.28635696564475355
-0.5468686502152191	-0.6830316614664863	-0.008197010617211675	-1.2088629982497827	-0.4901696177914387	-0.4157076687676392	-0.15191171475692553	-0.3962962692441955	0.8051656569123051	-1.6303619259793305	-0.07229852087747794	-0.14302290936155992	0.3593320371339962	-0.5171203073467683
-0.5487239985541817	0.25021205173514255	0.7722419633970902	0.44803434480684956	-0.2261630919170749	-0.19674998476222186	-0.9024333109611296	0.6635018191973214	1.3583971851553762	0.6385214771052724	-0.13349764925636437	-0.5177830583248179	-0.38060403158035455	-0.07176823346717937
-1.0815424071782294	-0.23007122473633035	-0.4778042743791444	-0.10111864058437128	-0.5359269375701745	0.10798678122072647	-0.9311077482674348	0.483411217911478	0.11874533098995739	0.3595546969280899	-0.026048716823282577	0.7771087058812852	0.17545044669497473	-0.5552080448222121
-0.2846514773179182	-1.2104391948941788	-0.2992636866686268	-0.703636718894005	-1.0041961277075102	-1.1122661956419668	1.2382246933880128	-0.33787275078818635	1.2640180687654792	0.12073761399413926	0.013324746018578333	-0.2930198851830853	0.5143207006380295	-1.110579684548873
-1.5833564295214015	-1.1590928103604166	-1.9654153829603147	-1.191761364014021	-2.089741094742658	-0.8267716635315783	-0.4897449093769719	0.2165195237318586	-1.104864604366881	-0.17216536784864483	-1.3345395619868001	0.4621877458067107	0.0727535590590279	-1.3035552364113372
-0.30448383456547656	-0.3067789311328476	0.3785814421148167	0.28993845893346787	1.0114768592164936	0.7621214478874854	-0.7909681083659075	-0.8033430166077519	0.4003959397562224	-0.15291999842946652	1.3945536675307806	0.7359915529949466	0.2439043203285166	0.12644601476610015
1.1924100395990427	0.5796182128547924	1.7078878703555098	2.3269685761752132	0.9082984634227886	2.6245192807178013	-0.18491793906584653	-0.822378016403793	0.7001876954846754	1.6991109202816173	-0.28954950148038544	2.1036966765569565	-0.6505003919330848	1.2031451010836853
-0.8494091077062982	-0.8466973912712439	-0.96262090883559	-1.0608997270096072	-1.7465431421062236	-0.3693881746377037	0.4438608535060788	0.5812366471033378	0.30386192543666385	-0.11589125919758574	-0.919011457528459	0.9810382131457093	-0.2088769831065825	-1.15366398291193
0.8294554651052903	0.6149494421223887	0.935050332844432	1.0236923881345275	0.627844922801285	-0.45905003936715416	0.5895392335970894	0.13959499147103632	0.6919021759389477	0.2808495330799468	0.2052321021035542	-1.5336785274820663	0.9399805679873628	0.3431963336422943
-1.3820139339968414	-0.2316914108485031	-0.13842326268165417	0.11282198489936401	-0.5302351336600806	-0.7362508997152007	-1.1236220307521785	0.7882680678435646	0.9948795438142088	1.0227527704170882	0.29107165131773904	-0.31692518485079696	0.18934534781801265	-0.7425213211182443
-0.21369616345212616	-0.2794996794139473	-1.446267739418522	-0.2540407783655916	-0.6221067795073794	-1.1050632738336486	0.9185200804457561	0.6165996625565437	-1.5703072322571228	-0.32147144949513173	0.20951033144962664	-0.29065894281444266	1.4883725939230235	-0.9471339957324783
-0.9287213247220183	-0.573556014185535	-0.21596002250353424	0.9632523396926881	-0.7020213037044161	-0.796468797916352	-0.27884246174019883	0.11331363419426695	0.4417536211395639	1.6500899110461915	0.07487006447796231	0.23552668290086104	1.5259922015172012	-0.9467426350055355
1.004099194591882	0.28006799340324995	0.767917763655105	1.0193247731578092	0.291352808297648	-0.15870031903706813	1.3591544344251552	-0.1560863570973188	-0.04626581145731932	-0.7989827808931858	0.24355547327642824	-0.059064335643847235	2.0361598921789605	-0.033512170774150855
1.119802979857153	0.36263544672179815	0.6010341059972004	1.5998980036546582	0.14140180949966064	0.20072906475195185	0.19591831622573655	-1.1491203096143205	-0.7168872256457669	0.40213110023352167	-1.4812804248732405	-1.3373212354033446	0.8811745590557583	0.8758727206792387
-1.737167993198832	-1.8037302849748864	-0.7764140224726738	-1.5308538580832094	-1.932603473635076	-2.648446759458335	-0.4562208307235274	-0.6648857393083696	1.0562321722951182	-0.7674242522407632	-0.8309442653647183	-1.936343518697006	0.9724696579682122	-1.5992927729835071
0.05939623617101519	-0.7607007085284002	-1.0029984448434257	-0.2591751224272474	-0.17232689059496598	-1.2823966246151544	1.115195788106304	-0.25915524054014194	-0.6043566011675837	0.23404622515130113	0.7221224634125891	-1.377453895222243	0.22775856247220855	-0.6507592766987568
-0.7316295831762016	-1.4349710812289567	-1.4027517532277447	-0.34217625950218056	-0.392113479659679	-1.25563130926426	0.8013488693338171	-0.06749760576288702	-0.2656832720547368	1.384612506081849	1.6636244171626062	-0.2282808402088939	-0.5028228352414045	-1.2939079507229436
-0.2923794218096122	-0.6268485696887387	-1.323496298278686	-0.799985470039785	-1.9156352417775855	-0.731620552622849	1.4778568347701313	1.5124068510268056	-0.3718498316929232	0.7560093044247492	-0.6973527037062415	0.8216899862679102	-1.0554842992487738	-1.3231958204550671
-0.9935226178953546	-0.24352074977141588	0.3324887142176054	-0.22946723551821988	-0.32172778262615565	-0.4928537034277869	-1.5502928270408476	0.00816387201337187	0.7101610946039327	-0.3388397033164868	-0.129538730929533	-0.8686390980910365	-0.5119563489466449	-0.14602780319011002
0.03354836215370355	-0.18917896582838484	-1.902157490753617	-0.5853222142101794	-0.6779989355971775	0.6982944414379204	0.6439959750604005	0.436023334117528	-2.5277476359764903	-0.5678400912737985	-0.37964109100828064	1.5065414157102512	-0.2592234754378281	-0.398948271211336
-0.426926961630116	0.36781435201969503	1.251014854697044	0.5703488415181696	0.6347617089513835	-0.6127031548843268	-1.9770943658496727	0.029878711602192725	0.5754218815013019	-0.14247922247797265	0.3766042803914407	-2.1259250867211303	-1.2405094092504694	0.5979890069084732
1.241069055574194	0.2715986810693242	1.2620800046360405	0.9345880896691918	0.4914075077390765	1.6493452297497935	0.9999391673743377	-0.6643380945882678	1.0632219220674808	0.02168236810939107	-0.28369207220948606	1.5781145329452932	0.6404513006929285	0.5421112776836992
-0.009659573358791862	-1.4131335981276432	-0.30879647353631856	0.10364642361258758	-1.7701925493188007	-0.2664921641859175	1.0114506718169511	-0.25010377536029	-0.5812521530496136	1.5367555336539833	-1.2579605536843124	1.1292022529763006	-2.1009864967017022	-0.8428740335711288
-0.2447099294968659	-1.638935792988108	0.5453879531407158	-0.8534865189289438	-1.0747477290840326	-0.08824179957992297	-0.05703350444046542	-2.3966494009345536	1.318852232818572	-1.4427564133487207	-1.454135732507517	-0.012398715786191495	0.34152656568136447	-0.2692514655636488
-0.30757630530648084	0.7517684682483255	-0.6573448800593937	0.09824315499045805	-0.6700443535755336	-0.7033996363194241	-0.18629754666982967	1.880477671064713	-0.7172997746809018	0.42257174624340055	-0.4960230050462949	-1.0038025369969958	-0.4988821730806131	-0.2767416997743797
1.0535785472923551	0.2906977246073995	2.059304944333608	1.8473647561086117	0.16961301068308543	1.114073431431575	-0.09958069397319189	-0.9270307694617043	1.5711631668920556	1.2574277042387239	-1.152927998225836	-0.05012690213679502	-0.7642999207346968	0.9997761704313614
0.7542599656514564	1.7269527365774056	0.3671540282897132	1.9164517524235496	1.2319435734459179	2.0893685958583434	-1.3822064148952318	0.39675666631012696	-1.9738194794299595	0.36964321666107613	-0.4291255760750787	0.5944396811265286	-0.2501565808428247	1.5389300529598944
2.847680486020223	1.2379280943304127	0.9695125684535322	3.3889351319958427	3.387365921443406	1.8467820918941962	1.140253310248842	-1.2922605871007646	-1.9314796057912584	1.9350229050567924	2.286377063055445	-0.7195993987597505	-0.4086140141375098	2.0950072494183734
0.974476070575817	0.676544975723767	1.5642539219359533	1.5514743480572315	1.6519690267045177	0.5556723300549709	-0.28017023362608157	-0.9421681155112762	0.3791031082934616	-0.3210111647803475	0.8086391886103923	-0.765761052323793	1.3513113764344498	0.9715835697436429
-0.877118074976063	-1.4797584501647316	-0.13135410160458058	1.0822641766560435	-0.7188107767222145	-0.3751260089583862	-0.9859063587258614	-1.9947164203874526	0.3000066150787762	1.936787582565393	-0.7261900324290989	-0.42490356665393353	0.17159074860462686	-0.31724674765318556
0.589114233803159	0.8495651570365189	0.19512206946441457	1.6549639167718513	-0.02588586607396348	1.3955621082960565	-0.4757750969694374	-0.07489665627584283	-1.0823778274005489	0.8811988314101586	-1.5264888929201665	0.7167181869196401	0.5151021691685925	0.7914827169683061
0.3773953415489433	-0.1426000317775688	0.9526985473922105	-0.12452364957652343	0.09680305706360634	0.29915182016240527	0.7918959543055137	0.1208143136116819	1.8088859262222554	-0.1972138517893842	0.5181111497518004	0.43541049692577766	-0.31380468050827565	-0.15232768384292283
-2.3260944751923818	-1.7643753547284402	-1.9655544904957374	0.3705615964118194	-1.2027989566099169	-0.2327786628966032	-2.0639631364595536	-1.1662041336446003	-1.4193698519427194	1.9951302072171662	-0.22063824319288033	1.2907115932248405	0.5600122992216726	-1.1766553343860147
-0.12511636882981134	-0.5960417638904627	-0.36220324185340697	0.23637078319599752	-0.9348458523993108	0.4728173413129895	0.41053972122869936	-0.4196133075248491	0.04900887045241152	0.5560644514356153	-0.9715794880186933	1.2947913097661277	0.615438625483401	-0.4673615044722335
-0.037062379720119006	0.5648017710395291	-0.41283903746952644	0.5534644533349368	0.10292211596423895	0.7514705459872808	-0.16260500489195934	0.8295349932927396	-0.7328273523404907	0.46304720327372917	0.06093619250637045	0.9131654655221509	0.27890501056239875	0.011299772951405608
0.7206538194529742	1.6965119823098198	-0.006752145024495837	1.5680555173430708	1.9747619472098557	1.2788336972801437	-1.2968142671973373	0.8552302008040079	-2.575158960910218	0.20103346621946447	1.2771224571629285	-0.3497085346250327	-0.9229711340962257	1.3679680886466603
-0.7485405818381888	-0.8305059892022565	0.451715561568685	0.18216521576336525	-2.0966256284514917	0.7321811861276826	-0.5203735880579461	-0.519169601268879	1.5298234819638552	0.8279706258936451	-2.6299355643660873	1.6874525702931191	-0.21702754769709168	-0.4755987189015108
0.5608198434323777	-0.20045389525000495	-0.2725448453673899	-0.6019675871458013	-0.5344891523773676	-0.7478361158628206	2.1775054073598077	0.6716623740312199	0.14922598206255036	-1.2659969757969705	0.3536915927970403	0.37362114256373585	1.7070022474374618	-0.9448517691562293
1.6310312033551746	0.8239570111786907	0.6893853556396363	0.8744052368173534	-0.07347787070932277	0.39180196483197377	1.4413998269781616	0.0036649521661017165	-0.20213722701516845	-0.45280861650691306	-1.4477652313894347	-0.5992075571011538	0.9410762517394691	0.6335427895311357
0.7646892207293124	-0.03403843894404096	1.0571177551072806	1.1395200608765477	1.1113847858601058	0.25114103094240303	0.6656169566294742	-0.7717623625854295	1.0389322887636885	0.59789747244812	1.1937439079837113	-0.12896643413433148	1.023160602692189	0.2243868580687789
-1.1398372358155784	0.1139841532977467	-0.2967479523226625	-0.8573650160791962	-0.4042659929563999	-1.1027615714162733	-1.2984502635034865	1.2151301625758775	0.11297379353411534	-0.807046517469817	0.33068362191410766	-1.3040457948305804	-0.7258909327600234	-0.4699157576957751
-0.7325205375530255	-0.051945385645345676	0.7111676711883035	1.1824045704219153	-0.32445577643093265	0.7915867083529697	-1.7869996672345188	-0.7472477684925343	0.5395458812555528	0.7631904735528765	-1.155487868448716	0.7832091727033416	0.9529727750361872	0.20580872044293747
-0.5549460048077737	0.32718266922712824	0.8257798188009051	1.025447963905187	0.13831548217170828	-0.673532273863622	-0.7822638807428417	0.4793316334134182	1.0123039065092116	0.5647171339362478	0.3544237483822378	-0.665717661664262	1.5696115783692246	-0.2743386264947676
2.404617284675143	2.8804591776965736	2.6246251094735014	1.9608840008307746	3.524715293142716	1.6880922687606696	-0.415754299502615	0.812032590735642	-0.048964714021597265	-1.127437786844569	1.8633152334816472	-1.6687715089976394	-0.746523795663908	2.5425443823879696
-0.6921768978824602	-0.7583808960123151	-0.44080047789330307	-0.7849265169673837	-0.705194834153835	-0.6341784294906723	0.2660688130627119	0.8898275664640735	0.36346072461856904	0.3095383651175996	0.8540987129754288	0.5738415572000262	-1.3485136234638828	-1.0225747111979826
0.3349377114634329	1.2628595649357892	0.8363287141453166	0.38416681430884553	0.30692987988233555	1.376309457451573	-0.22862735054241357	1.7004924745385723	0.6335502776647262	-0.1543776601252306	0.09246611118860328	1.4077959956613366	-0.6481168654231918	0.3721874532972842
0.24454546402874436	-0.6792177383960106	-0.5683780216225834	-0.46462097529754	0.4106504884684199	0.8061861832252064	0.2797579770820493	-1.1904337320305838	-1.0450961323329961	-1.1679403564932038	0.6259457063129836	0.9182103906000487	-0.10678314476785908	0.05639912977591144
-0.8684246961004058	-0.5810359900014955	0.18620125603920434	-0.9305042645000139	-0.7847241131199858	-0.36745397074436353	-0.4638648997216113	0.07356314863192291	1.319763527284619	-0.8435152093332992	-0.2659569541086172	0.06768139745465798	-0.08956347770652415	-0.6072611836393444
-0.8233486907046972	-0.13045085470810308	-0.08154225323015152	-0.6859998126401969	0.4907900404455235	-0.39129141107523635	-0.683283850365582	0.44942056346786613	0.6115611379187122	-0.8420803352378478	1.4886156824599905	-0.15440905914028727	0.4098818329235474	-0.4820795593735322
1.7942455182396353	0.6785618240975304	1.2858875412373776	0.033329792417807425	-0.21856001428804694	0.36493722405019396	1.672322722100918	0.1743518519722297	0.8599831694231226	-1.2853229986354793	-1.3331647491332916	-0.8247532254450705	-0.6089340076607612	0.6957375144463449
0.9122887122514851	3.375766610099544	2.476971131848587	1.3265304222163181	2.4255583096240296	1.3118035142377236	-1.798446591041503	2.174276587460943	0.6067010750915339	-1.930557796917078	0.6751734734666099	-1.0010286368029564	1.1773102286644148	1.8357386118900956
-0.08215005513597218	0.6763944775305464	0.3507211878841359	-0.49962550201507283	0.8828122827672685	1.0265803616899682	-0.4608145906343452	0.9620848754907388	0.31434162934919974	-1.3409983861353858	1.3052327922952591	1.139029444345746	-0.25157387540584814	0.14945832731727265
-2.870102105838028	-2.1869249378166766	-2.3260918903702996	-1.7260383747984298	-2.1967157894754323	-3.371136702318788	-1.1168636878807146	-0.0558734142204944	-0.24435820567129657	0.2175636427716037	-0.03975197182547571	-1.9686352180150022	0.8458606823336379	-2.3225730257511072
2.2852253624603063	1.0492902404281998	1.8263239521723	1.1510228273545062	1.22252346253739	1.4170356361963343	1.3616024588239817	-0.1795434017569641	0.5366797990582901	-0.4473840922604396	0.06908628538810455	-0.0745097814862457	-0.9094321396487087	1.3389027094121202
1.688723397066533	0.8336124883860756	1.8743313417394116	1.7466788123416532	1.661421494985349	1.4009268757375868	-0.05690170794501468	-1.5200797678159625	0.2967293854908063	-0.39426520163903606	-0.13098195241761768	-0.6722070657991731	0.556274388902709	1.6344054712951113
1.5311057969137534	2.0978568535537545	1.2433150288325108	1.2512978343404333	-0.07076126960280082	-0.4339124057983552	0.8451882996838506	2.2620997133532215	0.34145104914369284	0.43124760916080834	-1.3817550832211394	-2.458148532721189	-0.818801300053335	0.9043572855524888
1.2426785580184836	1.303624801468187	1.1696653896761204	2.7217994153386176	0.21636398847763072	0.6394824253007622	0.008021786988928624	-0.014972372252544617	-0.28707465556077805	1.6936494889376636	-1.7519369763069292	-0.8876262356468299	1.1296902341345048	1.0866701779928127
1.242081669913317	1.3739809323960084	1.7003230587375202	2.158116236361196	1.1956656468733113	1.363488702448512	0.043048203539317605	0.2939346927507733	0.8213915433623444	1.2671292310433655	-0.003263261306651232	-0.07222231428587056	-0.04711980394868315	1.207044077535281
-0.5273269640610805	-1.8228420629681552	-1.3330680137353463	-0.6286198303782716	-0.8799832062397707	-2.053765415248676	1.5445188199620363	-0.5793614020708721	0.2180812658197498	1.0772041780752546	0.9920614420137059	-1.314974682770292	-0.05366257096915857	-1.4644927075318002
-0.477514118306454	0.13680958650609798	-0.498846948903146	0.5092919090762966	-0.49696472587115836	-1.4006550832994544	-0.06573402183687406	0.9574834058891345	-0.0819682695198133	1.2442558795726468	-0.09879253564867024	-1.9162656572987997	0.06402712334295023	-0.4504858816959727
-0.9887943170434519	-0.8534887991538518	0.3361208105435755	0.07440261863876135	0.13747505825327083	-0.6930049951955626	-1.3146984908633261	-0.7033655371054994	0.9186134385888942	0.45177217694164423	0.9330177450455598	-0.918467104004253	-0.6541711837522004	-0.30063524014011206
0.9480673613856443	0.2297347622184831	-0.897956810897619	0.48107884423898073	-0.8453640546820692	-1.057906770353798	2.5739393916620017	1.8867817520082206	-0.555596241873344	1.871671950725098	0.05701495419528907	-0.76593318935036	-0.8923634999755569	-0.7238615889913378
-0.5030487825084792	-1.0027440510148367	-1.518443780627473	-1.3741315654218074	-0.11717488300065992	-0.5515336259005927	0.1258999070606006	-0.4307767405363067	-1.5103632011678427	-1.4127927362973445	1.0400239221537642	-0.12967357384047795	-0.45407585329020184	-0.6534628360350124
-0.7041648600873638	-1.1268559566687066	-1.1182147477191469	-1.005708365317383	-0.7428537344134141	-2.301481770833278	0.7629810735159807	0.033408477979078144	0.1299314095109128	-0.13552425784650027	0.6780892032859834	-2.079365584929039	0.43969038093061	-1.2348391196422754
-0.44921042715937054	-0.21515344991922164	-1.1382455508287967	-2.152778839092944	-0.7402469404055017	0.6494917598788955	-0.16338922155500923	0.7532817594867709	-1.3786230125670682	-2.916578163192679	-0.16398318583352448	1.6854209897714656	-0.9248697525085029	-0.48214855510958354
-4.427399396658956	-3.6089031112680856	-3.2562726512871087	-2.3549189956312926	-3.831438952612533	-3.9128859126064834	-1.0400997689306333	0.005761415555354632	-0.15505206572383431	0.12150838718199557	0.037030688259821816	0.35479125852843096	2.0797445185036887	-4.028308864302036
-2.535623710012884	-2.422537877674812	-2.127615418049612	-1.2751440539931058	-1.4163417255197737	-2.110238730367534	-1.1313046154887028	-1.1137531501120819	-0.7968895114978635	-0.06618400043947284	0.6958978180043488	-0.19661031216696165	1.3797848499964893	-2.030242957606861
-0.12002135756745824	-0.13850968926918358	0.5370468637483964	1.1883293834791688	0.21809315164582463	0.7295656728925173	-1.4648076212449463	-0.36443178516140695	-1.627102672514751	1.0698138760800275	-0.24628252984763385	0.5436601654872574	-2.2231958113855734	0.5247885441047753
2.2894255662087515	2.9367032998131095	2.702381516675218	3.728501900149377	2.977484082361375	2.584713913880227	0.47536365593179053	1.2526093555549873	0.1905046074574712	0.7654698750074072	1.6864585875228997	1.474455559744386	2.0048937931306288	1.7841589278539913
-0.8144794936280567	-0.9969541115144299	-0.6378271365430545	-0.8714319190519135	-0.6490651735135569	0.10044705969531909	-0.14040743922082866	-0.11788650224703193	0.20002067666510145	-0.2836226267799115	0.4530703377672758	1.2444149299184097	-0.544946571897567	-0.8172328957866973
-0.21172325983341783	0.1472937656517888	-0.16105005659969027	0.9725992001110517	-0.528556585224181	0.16721147677903483	0.06511174944417009	0.8767383735292125	0.20867338057083412	1.9012630818155252	-0.25192868545327374	0.4814451961568567	-0.3440828558961137	-0.3099326872865159
0.7551583108965638	0.30465156571596785	0.11710456512079714	0.5431514153051412	1.2969140640700147	0.6244615463593314	0.2947496432092152	-0.5135668939978605	-0.7571460208386787	-0.5564934914652366	1.1593816058689503	0.0018819627995499324	0.7073701462279481	0.47131767286909454
0.16583774813457264	-0.5010588899873012	-0.3176880636621069	1.2710194756042084	1.8146674420859044	1.1716191257402389	-0.3832792322271028	-1.5799668979645203	-1.2429116330525152	0.8562574152788505	2.3177874275649555	1.2974038563504369	0.8945736140315973	0.2680065259850915
1.9181309650854614	2.8556897113171926	2.356566585910107	2.285209239198114	1.292752395222681	1.44757660787048	-0.18740842995316412	1.3699444558018943	0.5889661860153503	0.07952975460547118	-1.2345823407302279	-1.2416883098733862	0.1880397744516072	1.9961150829457348
0.5256429759193456	-0.017842545539187515	0.930867275772011	-0.12055438793937867	1.2108115541889166	1.5818171489131534	-0.5015753232396799	-1.4281985026840711	0.23272545738170358	-1.9627049055099002	0.6229861478678944	1.062450077990388	0.39618657910140526	0.759839240250974
-1.1835023600895922	-0.6048029742895515	-1.7265316584561963	-1.2342904371627308	-0.7041481273163205	-0.11322489523807677	0.08287670985896199	1.0457970933206777	-0.7936162953386086	-0.3384233799611394	0.8802782102445711	1.5669441259061294	0.1005043865764795	-1.252382107597254
2.64297704120815	1.9422197367271445	2.204153770105126	1.4137841001265181	2.5257992570344134	2.712020064800115	1.5923852149836597	0.4213517246711108	0.8987022845928968	-0.7962721211177197	1.3941457424014378	1.4219976048566738	0.14276270194092244	1.6608561615362936
0.6388387874351638	0.5136504885182074	0.8531231728135591	0.9895156650287072	0.33779611880446836	1.0355686665717299	0.1720784836770373	-0.08395078464135945	0.5593731302083796	0.29273730590546887	-0.36330249713832624	0.7275653608007114	0.6318775072843766	0.4376454578461478
-0.6699942153954227	-0.850854936978123	-1.6422880846947574	-1.8727995376330404	-1.4504135757428505	-1.2675949982197148	1.4047763984376411	1.084908526114114	-0.1564112510274632	-0.9776385632295002	0.08844824075742631	0.20308537906530852	0.3704099045391231	-1.575882033554416
0.10388844160667032	0.9260986651096802	-1.1097883088861036	0.473944049563757	-1.1263551878441278	-0.26872781445082805	0.7405525294219244	2.0996445346041037	-1.2258790457752915	0.9980302248225437	-1.319859173719129	-0.11751965235760158	0.28289202879841846	-0.39026646141246574
-0.38984286701042387	-0.1508356673121229	1.2095286512991286	2.1410658660882147	-0.1967509357221937	1.02778799462498	-0.7552834983685235	-0.7484205619378201	0.4020410890676765	0.20542548917141673	-0.25155813906963637	2.2603428708530733	2.3974816573658275	-0.18127966162259632
0.05431170992058199	0.06926407093301401	0.4227261552792826	0.3054304883137906	-0.027001058156937152	-0.29603217766818907	0.013597789536952226	0.9238194451146339	0.022594358865023284	0.6972611910242126	0.5373845425050756	-0.2086653136252963	-1.672782934505924	-0.15047100923458145
-1.2703874751606732	-1.8130732322630596	-2.038558258502528	-1.016950233143482	-1.573749800814309	-0.5874540497356954	0.21783025180208074	-0.6423534442272624	-1.0421919467262535	0.35044165979110137	-0.2434981633580663	1.045261600692329	-0.06753006642787766	-1.4141551524411267
0.0064732312943522885	-1.0214379519231027	-0.4745167203919294	-0.6547437725057441	-0.5588606759213021	-1.2168121829929057	1.0845009475694734	-0.65206045341557	0.3408138584000259	-0.4086866288607401	0.12305873399861869	-1.1408031687788818	0.42264870906649726	-0.7147314216870603
-1.0657382707043088	-1.0816849420787369	-1.3474355130919748	-0.3755810257700399	-0.8265822215401587	-1.1005698337650516	-0.3343991337332313	-0.4010709138165376	-0.7624673148305223	0.3753868670400284	0.03442084610830031	-0.5212623453765413	0.573731594149082	-0.9557887126186307
1.8436928345547494	0.3239816304503017	1.417218462749943	0.6536786685827709	-0.8945866266370941	-0.052058510085625176	2.100166232707016	0.2753501734372706	1.1080904544150076	0.3021531443895319	-1.8662530578368306	-0.8738068311147233	-1.293868255632223	0.417545177514384
-0.7757911185621991	-0.3431210065163369	-0.30013555621218035	0.007045030673799246	-0.3124368667329006	-0.5692413932032765	0.15345322262491778	0.8225751063792301	0.9682515981900738	0.979049064323764	0.889839972692106	0.406161606493165	0.6670262736465493	-0.9700713250731848
0.1250259493894032	-0.11268405920705121	-0.8718536962818301	0.12088773266918112	0.12016995964160104	-0.8832281691229495	0.6738471303528365	0.7224651132558251	-0.99356757397189	0.7014974788364765	1.0863264302425744	-1.0573177785041497	-0.7658000933438308	-0.39300310849178005
0.6346191415767661	-0.14745412561216986	1.0623064682324845	1.856879759279809	1.347913179531255	0.17699529143641157	-1.0537861027622946	-1.5907976478156984	-0.7159830258753229	1.1966469789828378	0.7585857508754402	-1.573444990025983	-1.4168617851587908	1.0903968201090073
0.0400865689060822	0.1593620243748074	0.4422041851180152	0.8825642623549662	0.32181962587492075	-0.04112629148913549	-1.316924647523366	-1.1461764369271874	-0.591778592756458	-0.31712612719690786	-0.8697774070586396	-1.621763448515697	0.46810531072653533	0.7534468243858128
1.1636483668120525	-0.08222777824802596	1.7925280368634637	0.8730806965006597	1.4331770974700127	-0.36936086288135095	0.06390291179341685	-0.9037246084549277	-0.07584359193456999	-0.0735574892773071	1.1727813988914577	-1.917740621837464	-2.17210329628111	0.8944276460811528
0.7255718740324417	1.4267293457728558	1.2292259327383597	1.3674633586397085	0.2400653442531594	0.7884926576879404	0.1260789805608299	1.2931126293351884	0.9939302758429832	0.8592803255315764	-0.6846052411584288	-0.06896365078749411	0.0999625076269288	0.630869266646357
2.132788032625154	1.3969998167208655	1.2286030751338521	2.4616944924459974	1.8398345203687072	1.4453933299826842	0.7793532049686406	-0.4681687705752553	-0.6688073990133494	0.9423250717407112	0.27342523382437006	-0.5610425715649422	0.4003396900505759	1.5978331410559035
-0.9964891392129953	-0.3580244728719365	0.2368760493007892	0.3708685889015384	0.3752915686710341	-0.33923117076759246	-1.0914388699351973	-0.10509259788257563	0.9296823157448658	0.6146643306911949	1.149630944666733	-0.01237604218397321	0.8466667996524968	-0.4643022740728905
1.1408857040500298	0.7500483169294779	1.3276342527222087	1.2708842137058312	2.013296279732315	0.8296923386893278	-0.07711732186257308	-0.7971079950155915	0.22170558841511429	-0.39836778408940327	1.3344087008181627	-0.6382341315703297	0.7854626572277646	1.07122058249328
0.6544763414177495	0.5848330368910234	1.6347198319945915	4.709279107984062	1.545449747855458	-0.03658665780214165	-0.5737206118850794	-1.1571856801473197	-0.9585550709870022	1.5898678443018075	1.210532753058787	-0.9847103660789795	2.7143943072625727	0.7362655835269007
-0.8818236400346717	-1.30028955030983	-0.6427065600893541	-1.225818220859172	-1.1911478484347853	-0.5515698847767144	0.5022734477661945	-0.18268550069202882	0.9068969146964972	-0.391958576233506	-0.000783034185949213	0.7256350170312	-0.01881374782941237	-1.1869155003287302
0.6852017239898999	-0.417015832820665	0.883518969590084	1.698487756209516	0.14232960159453983	1.0046484089107295	0.09018078626499224	-1.6947169178848258	0.4441547594420489	1.4967578044633205	-0.762502650192914	0.31587978318031495	-0.07970594276160553	0.6157555064625515
-1.8162624366607716	-1.7268076694861376	-2.6173214701950025	-2.1270579333745356	-2.8485716855394436	-2.1007873325012936	0.4834606378285588	0.9834164719824984	-0.812964692027706	-0.06500578428693601	-0.8973638120084577	-0.11342627567452535	-0.5892999993051897	-2.1989975528145984
1.0383530376729089	1.2007666629568194	0.8265352518963335	0.8832932047741864	1.6346679363185408	0.37633865564348773	0.7722412792249618	0.8585180869097769	0.01802030007794219	-0.607070696820151	1.733782040044801	-0.07311970120355048	1.4488605298952395	0.3958837048319053
0.791460056617146	0.8488529939870291	0.25061274391761224	0.7760223189934724	0.5275313673793949	0.515391084499339	1.0855404082429492	1.0718950703812251	0.06036003936714988	0.3530867974626954	0.5958325006911541	0.6950873158357537	1.0416676496664181	-0.0026175781749896367
-0.15558205570202088	-1.4850446224234817	-1.5838667687699035	0.45862751013230285	-1.9949761605010359	-1.3044846939989414	1.5696255729422246	-0.7694251073444837	-0.9799121937299289	1.8201062154906145	-1.545563570795515	-0.23888144459361024	1.122374909057416	-1.2478645398282748
-2.867898449174944	-2.552343960418646	-1.4828691855271325	-1.9293712554925242	-0.4438508901679812	-1.7167973367789031	-1.9080004563546165	-1.4961709827498166	0.26144332301340134	-1.0728029500621512	2.082194533929151	0.0928293675807393	1.069676186239089	-1.8685766080165738
0.7042652381905807	1.4819633209953371	0.7197452440837308	2.04512950070924	0.016578701025115272	-0.26501921307998266	-0.06260186275055114	0.9964357119158859	-0.676489854159163	0.666057773328592	-1.206986872370702	-1.3007107350159646	1.7073468075358937	0.5426325323386268
0.8211424762417988	0.8613120006602694	0.49794192495850265	-0.1400206558830357	0.32645265979571536	2.124569262551472	0.0121833765143895	0.2608197209283756	-0.46962146209244454	-1.7541757185260716	-0.631965061686155	1.9501110006881572	-0.29023614859966196	0.7628673978231764
1.7513815770579229	0.019348508954105732	0.3663632690587693	0.7410464908961878	-0.8441939541242716	0.1531753197878343	2.104057576582447	-0.04585094986212604	-0.5302125545115639	0.61952104196754	-1.6109506549395503	-0.3458420536476562	-1.3542272283815786	0.3177045245476971
-0.42503802059628126	-0.019957535892397946	-0.36007427037182543	1.4239134840839176	0.0561921233543165	0.825809274516984	-0.8495307058537372	-0.214912380048083	-0.7004266829570609	1.7902588318764918	-0.07748972450373502	1.1077656774950082	0.5771960901198783	-0.0064493258875238215
-1.2066281540970862	-1.2082507826846334	-1.3012472568540863	-1.4085696659976876	-0.874981610356486	-2.093999778883069	-0.28321174358123885	-0.3537938141289816	-0.45169299812533287	-1.1550375875597543	0.22728255089597604	-1.8066940549860906	0.7805622589404896	-1.1520869459953424
-1.1033936423483062	0.5258907682573903	-0.20120838552673248	-0.025402926432564754	-1.3507856917145447	0.11767616220613125	-1.101645029257358	1.694809181892728	0.43606750347224676	0.4401507886445902	-1.433093557334385	0.6420279476484415	-0.12508340750721397	-0.4659780593768037
1.195099357607065	1.505152819871734	1.277666880623914	1.5075837343289666	1.22379134119835	2.0524102436154608	-0.02164057404185798	0.4903926480498963	0.1600011360164444	0.1555085308923874	0.02176917660767863	1.1337180334651349	0.17790554202027117	1.1753361226377421
2.27226482585618	-0.9409893786329674	1.074725287825913	0.5490259639687429	1.2233223407870206	1.1740066877115043	2.3206779900968195	-2.72356440657986	0.374608359961698	-0.6112922865287554	0.8760516188984095	0.3393464603486099	-0.516884965308136	0.7965262583765758
0.0880754357606909	-0.4026874140187373	-1.0836478755632521	-0.05217185402145885	0.29771696946057036	1.2147932896943103	0.32314418357287705	-0.5974213957245785	-1.7330430040407845	-0.5871702279872961	0.6230782385161017	2.252876144333466	1.002058280706577	-0.2446462327253056
0.20131798899320585	-0.040570684206604146	0.09256016719463267	0.564061656187359	1.5150962627408524	0.27617127053705715	-0.8520774570684286	-1.001779077314196	-0.9749963227812316	-0.352386596680871	1.5870920915643023	-0.9170390261576176	-0.41395076093151295	0.643286914368216
0.5541080313178783	0.6024930186763804	0.8586452909248599	1.7815379208209134	0.9041511445186965	1.1930270861852799	-0.7227309979580272	-0.6438022093233537	-0.18560139896696518	0.9860420071311132	-0.14097469985616976	0.043861300422825954	0.10483050450062247	0.967808243370268
1.3500737872168749	1.5123510834547989	0.7561381924732711	2.006147321635332	0.4922519655582901	0.743075094791591	0.3361300906385425	0.4191563407401858	-1.0677319167425225	0.2889026006368451	-1.1243960802023758	-0.4103965317062892	1.464157828127992	0.968025713385089
0.7138007288996133	0.8643740326935819	0.0016299447235752496	1.4476015983011286	0.42242011839811133	0.7204385919398308	-0.4147066245467293	0.4250844808540183	-1.7293968532951767	0.9306785871010509	-0.3722143777886073	-0.33062527864098634	-1.0491041161256884	0.8191441674063087
2.356602841947814	1.7808249343686198	1.5725141110425502	3.3335075183615004	2.917305086335055	0.6722384981134069	0.5074198659213743	-0.6609296140452087	-1.3064899894465152	0.847857356892828	1.4232394099677337	-1.9854350673957994	1.5701060739821882	1.8633614879993072
-0.6555080570873344	-0.9782797757073379	-1.433053818220817	-0.6819317213236888	-0.7648662133380218	-0.9947657383995074	0.31924724113003805	0.0042945011597333065	-0.9173633305125862	0.1455610286710513	0.3573898054196735	-0.4553362008251357	-0.3608735577595366	-0.9086817648512705
1.6202753166624237	1.0113151488906027	0.8666686972481537	0.340849254763276	0.9617489871475994	0.45972278261342964	1.6363849088372813	0.7222201694936818	0.4207161182889368	-0.732444077377265	0.6393963204926486	-0.578588349020484	-0.15671903840378384	0.6093268548751504
0.7237913939055767	0.3269092248574499	0.8271070315185286	-0.2934965537302694	1.798575621365758	0.7306401213149885	-0.6566751823960234	-0.9560897865008968	-0.4497627922797833	-2.374543402615908	1.4843125175730942	-0.7597484009276019	-0.6099585805975165	1.0225548128774913
-1.98550366225183	-2.5103105291316394	-1.6681444871662765	-1.6947424098252633	-0.6881026818845533	-1.9305717082864966	-0.674483169390948	-1.5498367203937098	-0.12596300680212355	-0.5246099396721062	1.4871916249668375	-0.8945615997364144	0.06501831181984527	-1.5934121592593828
-1.854492696057071	-0.6286945201217139	-1.2238685602858506	0.6922034819561517	-1.2380521320039397	-0.9198766185865682	-1.6533076553792976	0.17314696886795633	-1.1449501609491126	1.2459169733073925	-0.6394335904724405	0.2364695150151395	1.6083416389500682	-1.0542510292325014
1.1752713179479088	0.15065191576417636	-0.9205781961943221	-1.5544037277254115	-0.30118138689469515	-0.44377882440264804	2.9337327392076626	1.2235236528125317	-0.5247061602887981	-1.9544106226132518	0.4705839948277573	-0.05521219286647436	0.1277918868274128	-0.6090206532888253
-0.1062479545081445	0.3951466170749821	1.4593541489448199	0.6837786394265402	1.0887649049600763	1.106725519479715	-1.2420903822602583	-0.40701079051287203	1.3854839208848349	-0.2599040245782854	0.7490317188434795	0.4662391948210384	0.06005281549250888	0.6273425282842036
-0.5459437029837314	-1.9194411556009743	-1.2882647531722986	-1.063474538540084	-1.7586964021916671	-1.2275682871739821	1.074506336694669	-0.8173412035392321	-0.14281073180479795	0.21443504619375137	-0.5661860213554003	-0.149543934355336	-0.6757085510193743	-1.2938947232735603
-0.02150569440951211	0.9659592555210658	0.912188182761562	1.2715040957479449	1.6854373154739544	1.4028703221194387	-1.6788007296624552	0.3930014890559051	-0.117563105898907	0.4982775490306424	1.5710902602027552	0.6294645790270632	-0.7299749676586582	0.8761533556192543
0.30020132403226163	0.33519206851908756	1.0525761489242553	-0.31185615037262127	-0.07898709368197304	0.6643300334661042	0.10174821734196426	0.1073828503361747	1.3764749081240417	-1.3998033168433466	-0.5664205300756863	0.6191813993509806	0.672174994300095	0.13632735945736377
-2.057542567927261	-1.5779361249047021	-0.7868397501391905	-1.9643378645424803	-0.846269768448924	-2.068875751684486	-0.8215036337203013	0.7222931492560811	0.9580765935516616	-0.46316060550474464	1.8116185497050603	-0.6190916705983617	-1.3703292600343973	-1.7372461624514712
0.8405687023775757	0.6118063719561118	-0.1181736407073104	0.805689171342844	-0.003738788511928437	1.800482748054045	0.4848126247332237	0.055088833773621705	-1.084757910995555	-0.04064298362517499	-0.956542119294674	1.982260553678043	0.6401433943873904	0.4507243928144606
1.6991250788878365	1.0139810389615378	1.225014153425472	1.5709055212705931	2.7029712224476556	2.0466691702146815	-0.39153457614372283	-0.8381560511517816	-1.4441895563925304	-0.4262399075829266	1.8724988950161343	0.36093833884914106	-1.2672764605578601	1.7703299617641788
-0.36083542882050407	0.20867144474340654	0.333530178677671	-1.0891672927215306	-0.33546357886704203	-0.6682699954701715	-0.5450302859915763	0.39929987266648753	0.6566792166574288	-2.1028622885235286	-0.5072662959937826	-1.3300669209004152	0.18038204415505943	-0.06698488768749786
-0.37566783865447145	-0.48012801338626865	-0.2665236823258349	-0.7782630775661266	-1.3413908401366412	-0.5053128327527036	0.5418966356813241	0.6042612843121481	0.7829738227525156	-0.24770003463515206	-0.8343052567583711	0.12517829051712118	-0.38424207091783785	-0.7658363697899899
0.7140092060037502	-0.46151194313988153	-0.36559552356205716	-0.32844873458381235	-0.3547343132234679	-0.053986339873244804	1.875514412608731	0.0131356946947055	0.1153323125640426	-0.10201254623778995	0.19090970161225942	0.31264737409780097	-0.15037853922243657	-0.4393176521122175
0.9494799035384924	0.9626559845196476	0.8104519162462857	1.9382528721081842	0.9875309353835557	1.2597575780936205	0.2361219622212137	0.37105858809750797	0.04819562564550948	1.6588238106152333	0.4122121701406945	0.4792568234124114	-0.17643813167885944	0.7753084579969147
0.13729308384401545	-0.6844884613783687	-0.7825457469747981	-0.35558721281480044	-0.24662258605464119	0.3175993637498607	0.7461075400600696	-0.3700538454945785	-0.7286150124433897	-0.18021881463081807	0.35581413439172394	0.8569193951831101	-0.4140005869058766	-0.37965603670044634
1.1930360431489355	0.40283163820667633	1.1324582776723	-0.34019803516733993	0.24079040624591497	1.2282607523993947	0.5353588330024971	0.21343690403829738	-0.4317236198673578	-1.712474940003748	-0.38131194243680494	1.0632955197503233	-1.9152877197230733	0.6578270397283126
0.2001987423755533	0.5137399209866016	0.6460735698969275	0.6046211842229614	0.48778022784476677	1.2909099996111537	-0.6206259197603401	-0.10423948859656283	0.17067182453648494	-0.2936240711236923	-0.14702695647015254	0.9330853383521664	0.2051537601520301	0.5352528621141333
1.3259045948700345	0.8963880459896044	1.3473303290149032	1.4561197280431675	0.8912728600102824	0.47753265850485405	1.071061170821378	0.18548700458170117	0.7660512787795304	0.2598144269100504	0.3079308242429384	-0.12010540805028633	1.373509354576702	0.5103939723252432
-2.6117338388117863	-2.2509840883115366	-1.7147767113980823	-1.9500323615327582	-2.0110223520948796	-1.9912923403389755	-1.3273745507306736	-0.8700634458831383	-0.07406405529805175	-1.1044925753589663	-0.3727488144047463	-0.1341785597310333	1.2369116044764208	-1.976328341676938
-1.6457094889473407	-1.5303041159749637	-1.2097666500739128	-1.8719845536584692	-2.6230746669667573	-1.2114836267572333	-0.617952012772724	-0.2585415037386413	0.16362318402528703	-1.1721266889269448	-2.0808633775605543	-0.1373604277817825	-0.2656325921833975	-1.3220526952950993
1.0199991921892848	0.6583954617142161	0.6974780148449985	1.0435438314958088	0.8564437341900869	-0.19420763703493704	0.47774322804987857	-0.21414848576680462	-0.12446685614670659	-0.10197875979500073	0.15739307024900895	-1.5304499258709432	0.9199617563464765	0.6028922019050037
0.6488520606989687	0.22459437448165542	1.687170732147571	0.2862967444754928	1.2904354324404355	-0.08652186380816596	-0.03802238789077068	-0.7558529532671021	1.748336311949819	-1.0002657000679973	1.0217085223748925	-1.503228287856173	0.2756921921135716	0.6229677080192024
-0.36578362260248454	-1.6633866600992095	-0.07843459825518545	-0.2446870934184975	-1.014748296595016	-0.11638293162902238	-0.5306043118368888	-1.752969301230545	-0.7815706148483951	-0.04178786419475016	-0.9446748483862893	0.3011585985950823	-1.793591997298925	-0.2528866799010978
-2.1375089799356877	-2.0309311411063122	-1.5972158934202834	-0.3181540079849318	-0.9551899768447005	-2.430137015438442	-1.6465251607074332	-1.614168451325935	-0.9925591072260286	0.4985215118008097	0.2777405615406647	-1.9717558778284938	1.2441425979813447	-1.3112585899070204
0.30357713546415355	0.2866479546901056	-0.26505807108396306	0.3365946640678899	1.6878015954308387	0.908598755299948	-0.5644578296969749	-0.303692447705077	-1.4580179343591857	-0.5863234253504094	2.0256038998546013	0.2777744259767986	-0.4769576915567956	0.5642549616245109
0.42276419999262604	0.22698250087067248	1.0973685078928779	0.05883181930524606	-0.49602173426321017	0.6357301240508112	-0.15748429296413127	-0.35402210303115844	1.0148400594360092	-0.9740821299592047	-1.5594984927456408	-0.0671459713683117	-0.2038064703521305	0.48015705675979364
2.3070402406022663	0.010024679505954731	-0.14376737351216462	0.4555182868576072	0.8491490957927222	0.19239224876095057	3.554414432087121	-0.29516822302880114	-0.4714551830369422	0.08329782481898924	1.1069128143738682	-0.16467851376888804	0.4004981661785745	0.10702598008752051
0.41467281067420403	0.037772392321519854	0.42858927657528567	1.4985114943408941	0.39325091093103454	1.2597766440753957	-0.2574271649039065	-0.8872249321558876	-0.20528014276490572	1.2122054826999602	-0.2947014733517131	0.8519190391513337	0.10219344764586487	0.5496686620858795
-0.11236349823559844	0.5895974475804036	0.4726716318631533	0.18825659419496432	1.451951795492367	0.46567578931223974	-1.3478986752643003	0.34616740481971014	-0.43755148560720825	-0.7622493720884659	1.7419526214042338	-0.36897847192519134	-0.9200449262944127	0.56590598994746
0.864379394081518	1.6116575883996962	2.564000994534734	1.6955924583453768	0.469184317619348	0.6727740234096447	-0.9372014157816146	1.3963661005258716	0.7702261188364985	0.7881405129477752	-0.9326021288419617	-0.7013464256240608	-2.124907041352762	1.1988193363547257
-0.7815991482160694	0.02674215218832679	-0.7959328872354314	0.10136087094791407	-0.3277621831036901	-0.4093766464197224	-1.6423617212627355	-0.3135398441817466	-1.6069483632825992	-0.5484487084181762	-0.9015812348812512	-1.227760233384404	0.3701910627739109	0.14082784614259256
1.7373585417837658	1.275302335860828	-1.0354685680067537	1.3250878679478924	0.7279602309800324	0.8121931215377136	1.8923372572213437	0.9965783847796478	-2.906149724747314	0.4202175940313395	0.16066438591603274	0.4629047411697829	1.1358693334663774	0.450181438299764
-0.23610067729685685	0.18566364889464182	-0.7778585548647818	1.1758236087657616	0.05423410188310973	0.6279271153687142	0.6172633597218314	1.3024395044859012	-0.22636023325037555	2.5945043665803578	1.0860286270711563	1.8489017181499678	0.36292996530345645	-0.6683860468575901
-0.6424526725196473	-0.6331638231843177	0.178253509802212	-0.31628294879152824	0.16783438024757896	0.8476502167330655	-1.3736668297518817	-1.1631986261115077	0.05228289886590255	-0.9831291314631192	0.17010638739608783	0.8833997976104989	-0.31279892347395355	0.1273151371773776
0.032635543367305675	0.95256664860926	-0.44125322723297145	-0.18328651231635262	-0.6133367005557298	0.1387355758401207	-0.5056038041506717	1.3141394155437316	-1.2408558993443368	-0.944271500712463	-1.3014973508162584	-0.49656896965782704	-0.47256699792510315	0.2585963988680417
-1.569624583252869	-1.862029898736859	-0.711981664724898	-1.5504927877095052	-2.682273841149156	-2.772053223088175	0.2374827069723452	0.28499199029904937	1.592689405285772	0.36042760236489135	-1.126397175859771	-1.7417217556336002	-0.9412317388607699	-1.8447787451441349
0.7124954252458489	2.3426075802635724	0.47832130324439337	3.071632603021725	0.1630847079279083	1.2413083007040708	-0.4701045126218114	2.156486574112368	-0.927953477670036	2.8384850148406806	-1.4337278555700121	0.42959963401759493	0.9264841969537887	0.8634187964053937
1.7939836144875936	2.0943318587196873	1.7609208357367327	1.9237191735088102	1.639571671822294	1.360936481600269	0.5356261066473745	1.1828929053396917	0.5320893036738525	0.5569117912435129	0.42427024696129634	-0.4410867413726523	-0.23168004625160146	1.4309321247661926
0.49331960309726924	0.015444035017171731	-0.8318416138976684	0.3774222765292763	-0.29948535825170375	0.2948969936664191	0.6662941073497225	-0.09036663169477967	-1.5239259666801077	0.1789976177252418	-0.6152613028221735	0.022473150912448857	-0.06057984300345952	0.08177998263473144
1.1933598302661128	-0.09610742764884822	-0.1543850678263058	0.20516505107837724	0.008081475720133513	-0.5539887032862765	1.6951627332403152	-0.6020975239668335	-0.8082536436825689	-0.8548293268048024	-0.32589193526546156	-1.047394535993391	1.259657921870047	0.013219502357242443
0.10555681618355661	-0.4008910455045873	0.10205910490808956	0.017437075219971565	-0.6588618244664163	-1.588332219197119	1.2244139529791151	0.10347683280083782	0.37843414121405183	-0.7810104818102716	-0.011744256955962417	-1.1391721958935823	1.8927953284039054	-0.8415362108658712
0.2650332890599343	0.24419779906132788	-0.20053614926185137	0.07937059221305287	0.12225553186252835	-0.2229868748188626	-0.37997333938210165	-0.39658363769786514	-1.147175365873649	-1.0047525872913952	-0.5998218871092797	-1.5175523792183006	-0.027357035519063592	0.4876193887838597
1.0362545470669544	0.7512445191465824	0.5005301730079765	0.47171896991794876	0.26890118307094896	0.9829909304203033	0.3137672716190341	0.3238637193914493	-0.6124250530089352	-0.5666009594655276	-0.5122295204677322	0.20731408598073012	-0.8436125135276628	0.7256487902172454
-1.0421333925584535	-0.9497876076356444	-1.91986889854838	-0.46321848578997904	0.13559069529552592	-2.1136180672140044	1.2737051439549465	1.2390717187393663	-0.6078645840112973	1.0905615212562085	3.2063172211168336	-0.24435819066913453	1.4697434989152092	-1.987179338662306
0.2012062166039712	-0.6877331076717802	0.276246704208132	0.19194679424367733	-1.9151658704321735	-0.8000810778705084	1.6237595121340076	0.5849406217574229	1.7441381190231642	1.641520212646184	-1.4846450811580094	-0.0974444339443712	-0.7618663033785861	-0.8863242200505168
0.5024895761795647	2.056928126559395	1.4115400285660724	0.20400206215698236	1.7069493274018175	2.49664592938311	-0.6310642161943529	2.054192376867472	0.9224745019062414	-1.3707684592539957	1.4707191931212558	2.4084041417272313	-0.1466940040831355	0.853751501255539
0.30568629629650945	0.9813451221924645	-0.23317850440444987	0.8134550474150146	0.7419790812864269	-0.551984415371788	-0.08800593431270787	0.9604826483670273	-1.0202196827557675	0.18604245044945494	0.5939575459282975	-1.5342523082203539	0.8456716077201201	0.23592121162822405
-0.7778381256902027	0.08956627561189553	-0.20166753712804364	0.032173583241097314	0.06347065957644887	1.4079036855066462	-1.8489510028335188	-0.4034346498039321	-0.8787889816930862	-0.8325850564030906	-0.4469256767418283	1.4709790956794027	0.03107150655162163	0.3254127641839305
-0.5996671373868123	-1.6433829749418623	-0.06407346277799153	-0.30260288610751046	-1.2501384860227267	-0.7930616231600534	0.5309127259044812	-1.209771725978701	1.4485261766795823	0.6902689472635632	-0.5543293031738544	-0.09611689586512291	0.08568870055898366	-0.9346576794664383
-1.0136818249738206	0.08374493522335225	-0.8953491289174723	0.15912436011797448	-0.5273124940796152	-1.029718241161235	-0.3253240220608473	1.4402642279531932	-0.1290533166277816	1.1102431019543548	0.4446190952864089	-0.40942385228247646	0.7499646235746207	-0.9304065262634879
1.4137250824436864	0.4418010014275231	0.8856445862486171	2.068458562052859	0.6753601921874317	1.009869698286982	0.8492137109848392	-0.8894221501373027	-0.1849965280333318	1.1892120923266558	-0.4311753854729894	0.27068949218001026	1.0966079598811578	0.7561326995336731
-1.7113365222991055	-1.5631272947291486	-2.100544960669475	-1.3821486752400372	-0.8750343209577913	-1.0484204490021614	-1.0303561772805747	-0.8040877841617357	-1.6200921849047678	-0.8656620318054014	0.34614339010193873	-0.12202126792910745	0.3954778849837692	-1.159770201228861
2.0715656796667075	1.492213634004872	1.6582243635288603	1.7051953759057747	1.132876103096223	2.2093695588603164	1.1520427045902724	0.11561016745705348	0.4454820881784467	-0.0048985445482840504	-0.4556639916100652	1.3457184745443096	0.800728923543715	1.2627017488218968
-1.0255321328981595	-2.0326003140423565	-2.2440474207562136	-2.2679397580677687	-0.7124722109465148	-0.5481223301724504	0.5026037825277858	-0.7688960509209821	-1.5130608443997817	-1.5589600367396563	1.4132019849003816	1.2176883315259748	-0.6938420527302241	-1.4324942729437227
1.6710872149164897	1.0635886612946819	1.2806819963786182	0.6943712149440835	0.2983584306435758	1.4522384414438299	0.6389373566441027	-0.4710381347350854	-0.0998134730582057	-1.6429004074117926	-1.6979128311530014	0.31218883756052795	0.9709487131196383	1.1520217995118054
-1.379600858190115	-0.5704182995177677	-1.8090774283808577	-0.9535536784391925	0.34750620048402125	-1.2406934443951054	-0.11575393026618185	1.1953099972090362	-0.7867159298151111	0.16166001728891738	2.7344240662227044	-0.021261932532775658	0.5527459643668768	-1.3981534907165647
-0.19565648495932114	-0.14993362815251107	1.1255134865760554	0.37773694555349	-0.708778633430662	0.2658199115344867	-1.1027439868620244	-0.02859836914327882	0.22565499531917443	0.16150906997373224	-1.2875381851904053	0.13834036647304657	-1.9216679128764689	0.25155897590875004
-0.6880622608136113	-1.9735083545614747	-1.6622670517993443	-1.980221482896073	-1.0868999207823	-1.8550634197182467	0.9080133393414891	-1.2828137219035705	-0.6872655364799148	-1.7127886146137152	0.20912622194533984	-1.139509783937457	0.6398640680792771	-1.3317929350351878
1.0559364660915407	-0.04112503973039361	-0.46505402475031327	0.9964239754596629	0.6646173989461929	-0.9276676112887973	1.1126801229383223	-0.7387645404116472	-1.3641703835947006	0.6233494533173501	0.44152173968835007	-2.3812011507207442	0.4189283992414	0.3183480046683147
-0.11102590955865721	-0.48454040666799963	0.02387728209495449	-0.021098852542829213	0.15211053977939376	-0.7526576697169065	0.41351998908476373	-0.21978259784135037	0.6942333602997728	0.20530530076317688	0.8424697246037118	-0.8952340980716055	0.2763025047270276	-0.40793134890859495
-1.339911785108581	-1.9596041527448465	-2.316279426785159	-1.5981101823687434	-2.083997372830196	-1.5353230140638188	0.7884283481756998	-0.3085392643831541	-0.841304111296321	-0.16350773799458151	-0.49264316313943757	0.4073877371071817	0.7547904443615137	-1.9254386829872567
0.7446172066190947	0.27194987822939265	0.8864838890501084	0.9615981120692416	0.9477934364048145	0.09580378901241238	-0.16084607769571632	-0.9535238970707154	0.1201933064602001	-0.14327375567651432	0.17321299985399394	-1.5145057830932684	0.1813804094051453	0.8077881345907928
-0.041834194606191186	0.2643820320766522	1.424239326567694	0.21485902047620617	-0.42521206854113924	-0.9310766564560842	0.037504362178377465	1.226187140231705	2.2426194845212555	0.6357346527741642	-0.019428525909349074	-1.2876956062451235	-1.2320477590374226	-0.2249207002548863
-2.1302409433463105	-1.4641897886279847	-1.1484654898139535	-2.6101166098116324	-1.6743273938428862	-2.2998261712563326	-0.9133198290346387	0.17530673295920568	0.7817083955863054	-2.0990005335657203	-0.1713168982320637	-1.3897347215297327	0.40296131601852353	-1.6499660916072127
0.4777116869558897	0.0550356141989603	-0.9085120629004877	0.010792205569603475	-1.2699815285825706	-1.0094195904712402	1.6177543188478356	1.4740963995661454	-0.7913440268280715	0.9459022645607625	-0.786019132654445	-0.8130469314824089	-0.9928438946137034	-0.6308534466179861
0.36445804571298956	-0.2663036488309176	-0.5895247227394398	-0.17904729526307428	0.689007324497719	0.8479486727572791	0.6749267391916803	-0.08994893120568395	-0.8604613028665741	-0.3098146393509055	1.4964467123072767	1.3128574853451223	-0.4723331452954071	-0.1178676610484258
0.13910393473232857	0.18205925209064044	0.6571165666060255	1.197643753368955	-0.1278140626688674	0.6559500095247092	-0.698837184009146	-0.6272463520790047	0.16546748888485535	0.7320597824772963	-1.1437018753742412	-0.1698060074435685	0.0028631479307285237	0.5578344337518976
-1.7065743396010338	-0.35436382284205314	-1.162766492179879	-0.9849944971891761	-1.6234232179946166	-1.057019106732357	-0.3440960256892172	1.9091264644394759	0.5786859026134803	0.5242552366217414	-0.2059639926288072	0.42303245428868963	0.05356037497903785	-1.5105517765015462
1.2991416304255172	0.9397554133373328	-0.12956439725202284	0.9648070991538835	0.605469747319913	1.9234596678114504	0.011471456186216828	-0.37783109637146794	-2.310730016367376	-0.686468371676479	-0.9371052547988536	0.834555526219915	-0.33791270848516497	1.2340366128572466
-0.1999202736982545	-1.338532423234617	0.7536385262278538	0.793304272867103	0.829741540315112	-0.8916678304742458	-0.9026390625707932	-2.8541626676881315	0.7052320040444964	0.2673621079961084	0.7767519642042631	-2.141505060033674	0.6807504691957097	0.2378150835391201
0.9345939700874182	0.503071864143114	1.6984268092175168	1.5966605541190164	1.8244220618206426	1.5719337828648792	-0.5171821337455667	-0.7012177628513808	0.6813887304805675	0.6775097597641045	1.456630708103341	0.5701705633846893	-0.9418582611949656	1.1121741740929356
0.2962820666758076	-0.02701428126315103	0.7953438019898182	1.582292863437354	-0.5295719447290796	0.30086365671191745	-0.04669444880895431	-0.8519913729802602	-0.00103099221741031	0.33589701040901754	-1.3954860796107236	0.3997038602849715	1.844956978485296	0.11518914682794583
0.4377584906044566	-0.08119002254761208	0.48113221656994776	0.5861906721896275	-0.30820567453484826	0.2360686181678956	0.08510678587294156	0.17919649589259293	-0.6176399720143944	0.6266327489991237	-0.48905327285692257	0.18334137436201509	-1.8349776442845787	0.17828760877374794
0.6923699680696751	-0.39174103082751177	-0.10361545935556016	1.0238547394020372	-0.751892389811124	-0.6741375903060269	0.855143458412577	-0.17529898028012975	-0.8637498485755967	1.625550991088416	-0.9244962544710605	-1.1694288037975176	-1.4380352066580624	0.0010453986721784899
-0.37418898453959626	0.18363905149997894	-0.24845175815871157	-0.5761840166486686	0.104183283059541	-0.8145951287074884	-0.24305185366086507	1.0721334416351118	-0.008215604329369183	-0.5854810799298025	0.9245292383151097	-1.0740788636942127	-0.6535133677595548	-0.3289383399291771
-0.7539117861520462	-0.29920544700066887	-1.0912917903087276	-0.7610177342937405	-1.4073964553369178	-1.812886994321777	0.5474115381547409	1.4808781409465914	0.0412652231930918	0.36592938110783124	-0.36732171531586627	-1.4556106720709938	-0.2800045107050374	-1.1317314294276162
-0.5322002132774681	-0.20719774347275632	0.5631747046847906	-0.5841289952709481	0.36775327518325185	-1.2482829095415306	-0.630477575305615	0.8818510715799991	0.3912619701843085	-0.41849880591460814	1.5392274174676814	-1.3782397025720035	-1.860853562797745	-0.36413767386120677
-0.012235611162713989	-0.42745987442070776	-1.2471017026290776	-0.9654099335913153	-0.06939361359429874	0.3433986130542709	1.0028806981749978	0.6934626107834371	-1.0287202128860977	-0.5935146007467751	1.2754245745231065	1.4964375172220659	-0.6481895879891765	-0.7138995232929347
-0.9625407686217831	0.1597651016078495	-0.27667694984033975	-0.27134365270634647	-1.6817056477781476	-0.3728133608847455	-0.3346450085949463	1.6429433322046945	0.8506249650273092	0.5867010767345674	-1.426432469967015	0.3709799730597558	-0.1668919284945718	-0.7926225120160527
-0.16251176352167085	0.9772726752751333	2.2846804141293524	1.714977820884056	0.7365695423194165	0.8973067728034525	-1.2482129254503935	0.4919063867514092	2.529992980264604	0.9133965489128293	0.20788736733765106	0.716056333499451	1.3202310124175451	0.4180826407407788
0.5732318371165737	-1.0166466582360765	1.2814868025671222	0.893644199803934	-0.16575027246488622	-0.6291486772254699	1.3961595848042136	-1.0322296873094283	2.635868358512456	1.799218490038213	0.3833956243972142	-0.8179592749873875	-0.3581218832720325	-0.32568446919601285
-1.0117495009278707	-1.1871134542298458	-0.6434900551993286	-0.6949630429377757	-0.2427640677800642	-1.6204321469270568	0.22820065464487793	0.15604835315987803	0.9012332616321824	0.6241516297754396	1.7274753969705494	-0.9972269049615574	-0.35589851602609596	-1.2095627629205534
-0.3153472150561071	0.29817204186407914	1.0127687362908973	1.1304886074366345	0.47324182401949677	-0.18515211583892377	-1.9630006055765339	0.17872739778015667	-0.9693225956013951	0.7969097228643706	0.008917368107800491	-1.163710394863633	-2.1957621282818605	0.6300880288523573
0.9693903693468936	0.9067638895720682	2.509923701530478	0.5530870742623902	1.321456199042251	1.456339937739113	0.05531090182575227	0.5751446744599307	2.454717191948963	-0.49659580175319873	1.1928429267585163	0.9725164362187435	-1.1208274144167696	0.7858425677794638
-0.5327709681705144	-0.2835469500510476	0.9927714144828198	0.4330867593647256	0.16466671464463806	-2.0039695038477205	-0.9301466522520467	-0.04511815243217643	1.5902016803998356	0.7303120398895733	0.6729560412386086	-3.4126542828957795	-0.8136332532991469	-0.0937494079319123
-1.6856901327926872	-1.305247150661192	-1.6514195302436496	-1.6891954856923423	-2.6323910465944387	-2.007461484383939	-0.3387914483121435	0.2892390455645855	-0.23385288751892208	-0.6913398284656179	-1.9222060140601303	-1.1400782969087067	0.20265524834254367	-1.519321627668452
0.17172410079227496	-0.6398841297307747	0.8892832534120619	1.1713587903512956	1.2006555295254062	0.7270122600056741	-0.01014188549395769	-1.2935635624357154	1.2157522242235312	1.3900149748390562	1.7739353923821937	0.617640725528379	-0.10653899770455275	0.1575618072715651
-1.3003831361390223	-0.1103877338291348	0.0194199572300493	-0.3677650616621895	-0.715257414524085	-0.5049025710878426	-0.9934785817977463	1.1557945691537908	1.2610334894302337	0.3828601176383724	0.14666260980862034	0.08854556466024599	-0.26375499636113137	-0.751113476049183
-0.04017850809653023	-2.8672272403413577	-1.8991968757548574	-1.016097970528374	-2.329180852651298	-1.1557236136365434	1.7519428671723298	-2.2362762629021637	-1.6513557239864678	0.31835206566139	-1.4582137738095662	0.09344051072984098	-1.326305069309455	-1.2602004687381685
0.18438389013304846	-1.0456805680351202	-0.562988214817618	0.20867304295062522	-0.37399545071108753	0.3517553498360564	0.7667904096870963	-0.8949046930762282	-0.45485502976474707	0.8035596384096911	0.20901173006255605	0.9509517475284914	-0.6590137083542492	-0.3769350105185336
-0.8799536788077301	0.00014420956976873844	-0.7450691765348645	-0.18708017274845168	0.39756209479363863	-0.08653654673496858	-0.7684390363011538	0.5729968534837101	-0.7198205955114474	-0.3973030575800759	1.3113879297539048	0.6657311308064034	1.13433856611616	-0.5705216157436893
-2.200836776819854	-1.4062261095641386	-1.2197182961299469	-1.026296504147974	-0.7958820568791767	-0.8020018862257825	-1.6201083815373643	-0.39829367624634354	-0.08795215963928223	-0.338705459342461	0.6720214604073882	0.7629077093321002	1.0015122305086637	-1.3675523499180653
0.6149626476670592	0.937103674402862	-0.08694093858497243	0.6332126788844893	0.5852381598951828	0.3926435655805943	-0.2005453935810697	0.3167824088783963	-1.3111948226200907	-0.5509155506631697	-0.26656373673925376	-0.7722054019155705	0.3829161430585357	0.670451000464117
0.3982134673649269	0.631252689476508	-1.2523311503330208	-0.3483573140466018	0.1158558728439888	-0.6222598555949986	0.6190229441150685	1.007091155610674	-2.1178314787342565	-0.9592711164315912	0.14810158887990849	-1.400024806875243	0.045193773143828164	0.017959241481337897
0.06286113988529507	-0.2045389011399113	0.47747569354424907	-0.35666418421581353	-0.5009025618799894	0.020213125742087557	-0.4741531633195261	-0.45718888908043953	0.19944284074646168	-1.1271865669412502	-0.9786832066318031	-0.5815108555969165	-0.8000683766402821	0.22978810763640883
-1.407895381498409	-0.8904691817001607	-2.0232492415204715	-0.9750341629338439	-1.4398683215378876	0.2010118038407247	-0.8529543267706395	0.008132534778957156	-1.8523755502656416	-0.467552160350734	-0.907491425859322	1.525494378442733	0.09058095301727696	-0.9134648931709903
-1.3016607131821305	-0.8975874531283977	-1.5115485575734484	-0.6346448818707309	-1.7220268982157727	-1.534827784793659	0.4736940983953552	0.985092971093213	-0.1864541791196708	0.6030003301076842	-0.26844774778440855	0.28921204848468607	1.333568190619939	-1.7553568739083134
-1.3835590518403085	-0.8769353198397595	-0.7239417316845506	-1.6443295415426329	-0.9273163657795629	-1.5249814124128602	0.031414391469703325	1.2785840299980331	1.148025761564889	-0.39693839763012523	1.1770965054017672	-0.2880905278202684	-0.6860197072879848	-1.5068817963809824
-1.6388073607741385	-0.667701134309979	0.25593874387483495	4.846760434492857	-1.8037809515224503	-1.1444562671040894	-0.9086968212537934	0.046014501133249855	-1.3196246645567276	-0.5729215067090218	-0.567615822289938	0.7289768477613755	3.4941805035758953	-1.394145935705108
1.5179057607263156	0.4579486658675332	0.7004735001127019	0.48217496752061934	0.9332206862523849	1.2701276499840948	1.2103528870973828	-0.4544007978091072	-0.11137620918554367	-0.751328617952945	0.3374985263666257	0.5172577740038236	-0.15844544599773247	0.762278233752544
1.532726263710467	1.1190958495705905	1.915973681863939	1.4986255249176463	1.2831722110921553	2.1826479893989785	-0.007621742916778478	-0.0004910014226270476	0.36686497945624624	0.11515377820067699	0.16804156926481512	1.2500047223823334	-1.2698364949424346	1.3733577494126537
0.1318445198417385	1.0549643670582833	-0.37304989998605054	2.7491060067989666	1.7074018220270712	0.8003892123296608	-1.5560256375407118	-0.10589811616226567	-2.4599588536681645	2.190481470421539	1.0222922284563127	-0.42853573501227604	0.9148624799810497	0.9355307407594328
1.3791176988531402	0.30713945503734097	0.9774972738051587	1.4534464190924963	1.2016927159844628	-0.13573538762838955	0.7775808938032862	-0.5713011010942495	0.10653498304902735	0.9313482549969123	0.8966266960548491	-1.8035666376857704	-0.7523102017508514	0.8003821560440609
-0.757873824118896	-0.5389616576455474	-0.8692426215473117	0.15479231633337795	0.21721041094027524	0.3875239488540803	-0.8307355320425308	-0.5536675548815507	-1.0771000493583638	0.0773367869492493	0.746909081793918	1.089802572499956	0.9109655264394054	-0.388954230004498
-2.599315672547641	-1.7058959697071565	-0.1188650635215196	-1.5082314989027754	-1.9213526740335152	-3.2504189325815913	-0.9990830465845341	0.2261565913926333	2.3626353685054946	-0.9168392516967508	0.15593738320465877	-1.6509329945582394	1.83256076769114	-2.2081020780809646
0.30728934500596894	-1.3812527368623482	-0.49740831408098374	0.34384950909470147	0.1427755215342446	-0.40344594761328684	0.9957953306642843	-1.5811340844541075	-0.2862206166700148	0.9388104592896879	0.9557487093366108	-0.38886989514339493	-0.3857097213842378	-0.35543034191303613
1.24796661925844	0.9680152930726796	1.6614413725639547	0.8883320004977422	1.166021230256088	0.7409341043897057	0.2291471470792732	-0.27689718757807846	0.9605826835196442	-0.8087388241626906	0.06315594982909252	-0.7467744810047076	0.56848929962562	1.0204557456944028
-0.6673600399630182	-1.1197861062423606	-1.0444524838160265	-0.5679052651225573	-2.143475169318673	-0.3173181299633844	0.5924097307309427	0.030625862428265576	0.021808572789191998	0.6027748264225823	-1.67714060830947	0.9477217753301415	-0.3081583885903132	-1.0765299459812574
0.10277528752336554	-0.49692702055151444	0.19057610731704006	0.660829753129622	0.31209089820893365	0.5004724186423704	-0.1895267447894802	-1.3089584445830749	-0.2011033700234635	-0.016284478794606427	0.10960185548637312	0.5709123575638921	1.103283031142049	0.06779143996992068
0.8790953306547029	1.0225781687371716	1.804666333904699	1.4591497402018558	1.0022160768208397	0.40651232943929894	-0.7262725105368929	-0.5542468809349562	0.8073005383184895	-0.29194807413920215	-0.5630590240157457	-1.5606515838970345	0.7753153974577164	1.200063217806602
0.3646367181687776	-0.3593283414620523	0.21605335709808915	0.9242561642712162	-0.15515313716240287	0.08735525976158742	-0.6386505309868935	-1.342479595863757	-0.9332164648192468	0.36560686085620153	-1.038376851090258	-1.103577263682336	-0.8780853020285706	0.621776476461916
0.8740269377138814	0.7157499683702139	1.9192731098766243	1.782782791303502	1.782945198485641	1.8356217004185358	-0.6664309551899198	-1.1223224246288745	0.6417561362522137	-0.32356932681498546	0.8200266292216803	1.2123058501767174	1.487613297241784	1.0916207636991817
-1.3760737016679574	-0.6400550712618932	-1.2158501618602506	-1.4787597397854673	-0.5745977442173511	-0.5984657974476475	-1.194212947321696	0.30693316009390087	-0.8708935962110066	-1.4535781729477502	0.41098214032666347	-0.0740988756499135	-0.45105458093788486	-0.7340040511306568
1.0538772192864636	1.1509860833851557	0.2526392208592252	0.4106613455754779	0.6390358090292623	0.8109659100809494	0.7238253410417893	1.2117605591737532	-0.5654142529748776	-0.3969115378899375	0.3497010313906393	0.1785230793432378	-0.543930133589523	0.5327157745988085
-0.6469495036472944	-1.7261457974281487	0.24687749247798194	-0.21484035364280507	-0.049329167888220726	-0.19881272130508743	-0.6630479093442468	-1.4352276653123974	-0.12297611187055528	0.3759730709941561	1.0026506757470144	0.582796670276178	-1.9856310645800044	-0.4678829853247092
-0.4198839247390999	-0.6027167773160449	0.4612226601406737	0.37529822152974	-0.3118415843488234	-1.0779892882298765	-0.20570340751039537	-0.26905274200085033	1.3218156551458746	1.004984324346074	0.2123981329852551	-1.5000539141621547	-0.3928000872778954	-0.36272511465995555
-1.3591836393135839	-1.9577514199278783	-1.7754202002461286	-1.387670647645046	-1.7920857847075633	-1.3302766879861914	0.11423990060192783	-0.5852557621865109	-0.5269438694714023	-0.003095429700105327	-0.31573620828931476	0.002503788780396416	-0.49333801913720343	-1.507930358788531
1.9259934511714674	1.721519834552133	1.213328439325559	0.7926771312967776	0.3776699790231005	0.7746290127672275	1.6794054480688878	1.301318848088733	0.5368193598057724	-0.6412710344387978	-0.9293063279227104	-0.3774642900232971	0.5504131799831392	0.8306458897022653
0.9172957300409907	0.43247078803801653	1.0299345926327197	1.5543067099301489	0.8694395520225087	1.9964838284622788	-0.6212255882866332	-0.8785160199813771	-0.5224560066060939	0.5409362134306389	-0.19901293214869462	1.2162431848221706	-0.972799709005833	1.1541403418280094
1.4170999256935928	1.177730476225842	1.8065580331283333	1.044983222875283	1.0462052547942249	2.0191696095453824	0.11620073630634396	0.1252981619519225	0.7799388047571856	-0.4941251496283456	-0.11218632962733659	1.0399024164205353	-0.6959163248725504	1.2417348440291986
-0.8706166651710248	-0.9502644971273692	-1.0133848006772002	-0.8558860973524134	-0.6208907721236979	-0.42006379295095064	0.435178655572718	0.12380641572373158	-0.17982321728664583	-0.6239707867611943	0.8163740920285325	1.4303314747148317	1.419395117064463	-1.3084273699745008
0.8314451893880934	-0.28786941137677763	-0.12049509599752709	0.44625361562617955	-1.2167109478262044	0.018726137100847487	1.5092606343953656	-0.4581310319021723	-0.1783415227760811	0.1940776443337545	-1.9537399502317112	0.20455814503756403	0.9974967834247567	-0.21249014892042561
0.7787146775478314	0.4750769808625135	-1.4571177910190174	0.7180528195330267	-0.3615800051231496	-0.010278752513460138	1.2210611986534161	0.6834915565966098	-2.453499730498978	0.7055535707049623	-0.7040803683095533	-0.25131689644165184	0.499956651303216	-0.03500928335609562
-2.117490979875411	-2.6602003416390376	-1.2024201857799732	-1.9384833833617094	-2.848841900049129	-1.6305114619443657	-0.4726903635386283	-1.2864718564192528	1.0896947185178898	-0.42009030070180015	-1.6010287980252942	0.05275826511156225	-0.14062551813356122	-1.8601921241607735
0.5231964578725589	0.9492909915436478	0.9416884821345306	1.120703777456756	1.0728034470458943	2.2092601091319897	-0.34636354954781173	0.22687556790448765	0.13487780745490133	-0.19302663777627668	0.5217434082890158	2.6051084651545118	1.198556178344428	0.5734544151320696
1.6049865197386228	0.20410901148217797	1.2994101092064396	1.3018134093830378	0.897346727149019	1.927858466575771	1.1217152263124899	-0.549755610219704	0.3945632498526381	0.7791105319020615	0.5160983205180291	1.802350657275017	-1.20104347634159	0.7741710728823183
2.4014159729397715	1.2128378123788337	1.2581059035110995	0.14987992422737184	1.7425003923350393	0.716449768808082	2.0567062076215445	0.06678645748735516	0.20474327297537473	-2.0494908418793734	0.9504233927801229	-1.0001394783629551	0.25005998880277364	1.122753940125866
0.4093676039651474	1.2877963613075223	1.567245906450668	-0.2373985115489008	0.9468226428270494	1.2260990075175913	0.21277914552635951	1.643737997124757	2.192754622154885	-1.284256794925386	1.0828965367006247	1.4220135868257815	0.5140659384807512	0.198740375336518
2.7770462920176766	2.8405159986699413	2.175439289044625	1.8943773033418718	1.5425753795240456	2.305701228818873	1.114646982592268	1.691245205046442	0.08893959694133474	-0.30502879188439164	-0.5011725915323674	0.2995182495102237	-0.8158773788574457	1.9889443514135652
-0.8447345167421729	-1.780882913536092	-0.03867420172774483	-1.15878064906513	-2.8176059132257114	-1.0506213749045406	0.10614924193390653	-0.7557108624010596	1.182589393505921	-0.23671411537056974	-2.5894277231373777	-0.060757164225852714	-1.2737369566316177	-1.0727090047691326
1.2379519161294466	-0.6806509457355084	0.6272069625489995	1.4714758619495671	1.0109506727406803	0.521433159192627	1.0699389569915956	-2.0156883726078907	0.0955661589598976	1.233041225900284	0.8033507441332499	-0.3987701760480461	-0.1749266232111272	0.5637474024714515
0.3305373781833856	1.0754589286837595	0.9919387291215498	1.1250861082559176	1.0061664691220449	1.2692792280756255	-0.8947403585591631	0.6156608293879168	0.26453775749326947	0.3368904178083481	0.49544986298645555	0.4902237533917053	-0.44115260073640167	0.7942929511982899
-0.48108878385661036	-0.5311263916279687	-0.24333707157273438	-0.639050724174413	-0.3626203257982909	-1.074629841669524	-0.31092683213752503	-0.40499752301628766	0.14108895070488064	-0.9320337319162567	-0.12300478820056551	-1.5400368836032166	0.27486186659593365	-0.3431002511373829
0.5212531106552623	0.3029676156842395	0.8238885388828737	1.7656011345794913	0.8482950820435341	1.2023609603634484	-0.24454888701156033	-0.6789088777722673	0.24287795065601828	1.2841484766227156	0.25739076329734534	0.8537886266261488	0.7987375615959836	0.5505654300284032
0.8683147779479405	1.0921284771723003	0.9860525310912245	1.2449068433244146	0.5505564576705632	1.444485919628218	-0.5435406320967714	-0.35264578544472447	-0.7389227839312791	-1.0219746108225645	-1.1065456838931993	0.6693215627218166	1.437257309949773	1.0162644864491803
0.8190475638760977	1.1092610056603023	1.1615749154178525	1.9915177703270146	1.671146416019037	1.7381135075648666	-0.530556742250036	-0.04027961646084822	0.04357536787883122	1.0967986888766708	0.8961960134595833	0.6711887569437698	-0.009906457861354452	1.135410067109082
1.2811073197085137	0.29177472904806606	1.3528879051622702	-0.5135607084042557	-1.6348402574434102	0.9271836665574148	1.8542730593639905	0.5788986708036983	2.0042050017588067	-1.1510470562356965	-2.6458226007237773	1.158404895756133	-0.6312147840731643	0.07067848338047998
0.592912637173526	-0.08395194411284157	0.5659286620041094	0.5409061696999113	0.6206141105418755	0.8612592095061502	0.4443628633331012	-0.7176801158036776	0.4486333639029958	-0.0639359326191843	0.46436989137597584	0.7424848107263923	0.5215079395743698	0.24235453745449106
0.34826630574830053	-0.2012351413268315	1.0506536778836282	0.5451929510542415	0.021932773947468953	0.8440540704161038	-0.8444595905288161	-1.4473256572424824	0.3756075366842841	-0.5748018866495496	-1.0830910344451012	-0.16780346227665058	-0.5201198528957266	0.7711842235978033
2.0923226747500774	1.6046571675331227	2.3223676087763025	2.3660757803420407	2.611502360657127	2.537380730151527	-0.47954486183171935	-0.5708234785069807	-0.3979207316000194	0.1686629561385037	0.9896439846383942	0.4609694999269329	-1.3220438977958284	2.2115600341964767
1.1777124807033148	-0.3197638318655864	0.7241354248708413	0.16146526121326799	0.3095958744476734	-0.1736867172512871	1.328509379488465	-1.3439034795855131	0.20376372601708856	-1.436263285347318	-0.15425093807370868	-0.6843942296734052	1.4091175209368327	0.20475475169835494
-0.09783716287975014	-0.13547489107744654	-0.7317671576978493	0.13380493522392434	-0.846351412239355	-0.9228076234291853	0.37926056896223465	0.5898915007882327	-0.6208737256645053	0.6762543534999823	-0.5998851407313621	-1.1723134478552026	-0.4491229352703473	-0.3995852044963167
2.8576291801502904	1.1872608939189448	3.175700607950909	2.0146400010910694	1.6101478577919157	1.4912549655147243	1.0303626357607405	-1.421516476839246	1.6049908985021766	-0.41888526605777826	-0.7260488402996194	-1.3831337832473234	-0.5548347947122114	2.151137738964935
-1.6385183892634738	-2.856278884006789	-1.5417907208158204	-2.704596016869666	-0.6782541285930419	-0.06790176572466633	-0.3177946864729507	-2.4241711624743507	-0.18860350768323045	-2.6635776514437906	1.2376781925958085	2.2807542885375516	0.8402026625138053	-1.5698167190249397
-0.63083566557807	-0.35412212275284743	-0.13058928873653503	0.14353742231263866	0.06774772447157706	-0.0347859479304497	-0.2263157775177934	0.20180329216406576	0.6576269562329898	0.645269955514702	0.912360578031764	0.615051680965329	0.5138988443688693	-0.5779838669250608
-1.783084197302482	-0.24328481001306168	0.3536609418058829	0.06231109007264371	-1.3860071787218797	-1.0983950017049777	-1.507498194149433	0.86135223730504	1.596503043451899	0.3597578952124896	-0.8711467238702874	-0.07773191606524472	1.514532572495406	-1.0630026668951669
0.6213753915325748	0.712332371752524	0.843202939249665	1.99034755646574	1.2973622466090373	0.6797349374176521	-0.4812437061185435	0.08087650525930212	-0.09814994874577208	1.8119399030794785	1.0372853890403988	-0.4618039891146649	-0.7005966014864976	0.8039257888942423
0.7172772306396368	-0.7624972874741872	0.1765902041486047	0.3449380763740737	-0.855367433683211	0.2546539357879944	0.83360132709124	-1.6351199360380877	-0.03334929859751488	-0.12547348043838893	-1.7897933481008088	-0.2286838359109323	0.12566653129563557	0.19344136788953825
1.7799834993351795	0.849040891071901	0.7232558459023637	1.0133043212126653	1.0127051729973024	0.6117045344743993	1.6576307951333853	0.0194720259801999	-0.16108308430044788	-0.22828743778395935	0.33156855719767847	-0.2812632881093741	0.9034105910784415	0.6566755572680927
1.1895482822875745	0.31210849755582537	0.9372508659348092	0.8682024511810233	-0.39734844854684126	0.12636953770724407	1.2847766278025678	0.26690018637794266	0.8585035922462387	0.7835644678124577	-0.9397072344423931	-0.5381529303674683	-0.7652674121663101	0.3050218681623218
-0.7433031749213266	-3.212925862542813	-1.518523349617643	-0.7340354872440971	-0.5904617097960703	-0.7853107215088113	0.6279101593338218	-3.5696497161321634	-0.7082133755436357	0.0556955570897025	0.8364760784051117	0.5520711383311817	0.8710842799961585	-1.2453528888627468
2.888937038560159	2.546961134192304	2.7608110965865467	2.826717130428706	3.432169623795912	1.8998316054146198	-0.12452913558231406	-0.1381482786419939	-0.43242255714377537	-0.12447967465813699	1.2867813309724108	-1.7292594181573286	-0.9839382222574353	2.8266377458289873
2.8165900791918395	0.7851447185805516	2.603521157835284	2.144596336578063	2.1460210057247253	2.89137681708816	0.757608925276112	-2.180384997885635	0.39471586823794974	-0.32589597522499403	0.06298417726923711	0.8338852117467422	-0.7714478353054466	2.247665284373022
-0.6453499230699593	-1.0842307152854977	-1.5924856073033615	-1.6141473331035918	-2.067315864007863	-0.41725905997140245	0.6672699620787269	0.3149388426085298	-0.8833020156714447	-0.9576189888551062	-1.3379161314206338	0.9456336159887176	-0.641686522102545	-1.1448567164301067
0.04227366963848844	0.5027176919571655	1.4502137900084557	1.5684409501402488	0.6777612895329124	-1.1974692622487222	-0.4150211539812198	0.14938696028643023	1.450019882443369	0.8817232397135845	0.6219028360938228	-2.179913712499548	1.541912531734615	0.10470300943838445
-0.4550953386337958	-0.427619421598595	0.21512100309330978	-0.93482384660295	0.16051119359782628	-0.020406670728420062	-0.19203556908706543	-0.15275699434335566	0.9739593467795031	-1.339397473354333	0.8279810117784061	0.2703012151687268	0.21094446884560766	-0.3781541187617032
1.4734184332937275	2.4299056001215105	2.1353811873792377	0.2731359742553665	0.8746938429061341	0.8485479015248883	-0.27972469412828044	1.307475793477517	0.8734738478517797	-2.6290228148519317	-1.2839676349379394	-1.5807968344709236	0.218248738838939	1.6017703762672124
-0.35678329599331554	0.2064263694015915	0.5172912994039168	0.5793773970174847	0.005666456167009726	0.15845504256375656	-0.3739374372742318	0.5647361214643791	1.0853107941547393	0.852978548397967	0.23013628909098038	0.15394482080848315	0.007454944253273283	-0.13390629232769063
0.2942211408386281	0.30070895627405214	0.04240670476328806	-0.681058381680109	0.06693165528048511	-0.22283693417131184	0.9406344573013802	1.202527549805145	0.5794478318043721	-0.7916118430306538	0.8091074702864512	-0.11238154560416938	-0.40979552452652707	-0.3388484687037295
-0.638626822614496	-1.2487241018224653	-0.029467079293103278	-0.6914361123980525	-1.127822436007882	0.24119015604014638	-0.6103645741430952	-0.8838457035864153	0.06844370617701498	-0.49590380859722977	-0.8118400193526539	1.0762083602253554	-1.3679980951158701	-0.44481706064744214
-0.3753909961737588	0.9817221023828209	0.021919637253835188	0.06790841926361425	-0.3065261171962605	0.4319576671903386	-0.5882133364150929	1.7099257098820673	0.09085420541923664	-0.14692832907689735	-0.4371639784218968	0.44243875113372705	-0.05515960564828846	-0.033201402416761734
0.32679462260547854	1.567602925643142	1.4227442854716208	1.0097703315683255	0.46804459033758417	2.110483946849947	-1.7161845007069612	0.5291644067404866	0.16676112963653492	-0.7460541368684375	-1.3046855041259955	1.0195852080248198	-0.2828899223098021	1.3066822660608106
-0.5882664601566115	0.7826017092179529	-0.3462814805913727	0.32839250719976854	-0.1626763721129763	-1.124336241786059	-0.9584144147558334	1.610470477051067	-0.5001680237377085	0.48867336139429374	0.02936561522265856	-2.0212951288321674	-0.4682456058871106	-0.09003145583526508
0.3191943096381228	-0.4602918918921777	0.5727240572432754	0.24888839078837627	0.06054365752827072	-0.7431603786890375	-0.21331180445840753	-0.96439448932797	0.12283238545198887	-0.23159359837486967	-0.14433755717757704	-1.9474588089906184	-0.9674464628521849	0.3118340942750413
-0.8749448653044855	-0.6810128774995783	-0.3911711729738177	-0.3309089459294524	-0.5012327081859261	-1.0656475414031592	-0.7639102912977178	-0.44087358622817013	0.05299736569890483	-0.19088983855447308	-0.14123787685725517	-1.4039011859799642	0.03352849299493323	-0.4231944243616629
-1.3930680592629772	-1.8849898000225815	-1.7102859821254128	-2.2412496912206348	-1.1691173172214682	-1.398917914708493	0.5288065834363147	-0.29622653984917735	0.04551702951013847	-1.2295005642616028	0.8972539648278428	0.24850299664616396	0.18649022119255088	-1.7445519203515854
-1.2080866365595386	0.4315594499625627	0.17004662448840713	0.12179515330850386	0.8880463298393286	-0.7051454021647118	-1.492381827079924	1.126330016482813	0.6657705936359191	-0.004630153740386372	1.95128851998424	-0.5719843857630544	1.0693102327992217	-0.45810060648696943
-1.6879100945772025	-2.018607913774211	-1.260108732083388	-1.0354177468141572	-0.12803646016827175	-1.3138100532907335	-0.34691792851049086	-1.0126099345833235	0.2257527344497126	0.00950964309659415	2.202990186175396	0.3600527218264398	1.072195684495267	-1.6254810899232703
1.100091981035753	0.6114475728957635	0.9305545554799215	1.5307729474898943	0.049539337511399384	0.3329397086826388	1.3759711738115283	0.4423017233411342	0.9376909857128055	1.3401410177902449	-0.42471051348082683	0.19325731277855576	1.0994723728461355	0.12617206432185582
-1.2267823916146212	-2.396511373018583	-0.20477437749001504	-1.2589731229527767	-1.5551825307432967	-2.090260000087244	0.6164416894442909	-1.2773026795109608	2.3446817515698584	0.2840785216765724	0.12487742825170493	-1.1274789686443383	-0.08543290341454376	-1.6130431846290976
-1.2834947917088813	-1.5769891165147851	-0.722294274661299	-0.8242699987365687	-0.7998054075247083	-0.40852666447659003	-0.04234401316724395	-0.6842603382780856	0.6184878400029898	-0.2057319437511563	0.719414949022055	1.597122339435529	1.2843657784632143	-1.4233060692405768
0.93137717966417	2.0687847229165492	1.949995976692203	1.4608953258562678	2.4247148572233077	0.5099491243150374	-1.3661706425679494	0.5286171614437633	0.35374046242265184	-0.818824677425641	1.1218574152836136	-2.376864307464133	0.07492781090548573	1.7366288638691942
0.8862030204589151	0.6973458188209285	0.12446536644514183	0.7711559045281723	0.4532010312260115	0.009133428692221335	0.21715722040623522	0.27115917844515114	-1.0202287126475693	0.007825748332825065	-0.14888596975574558	-1.3541540882589365	-0.6223909351911339	0.6591284987920646
-0.7824425427902194	-0.3789065368985391	-0.4234529758757965	-1.664282468136852	-0.9666401027477811	-1.715915246123732	-0.441723100242933	0.229632885235307	0.18198137095462721	-2.2473053143012223	-0.7498859562759593	-2.3016354385820477	0.08741988904486386	-0.5341702458486961
-0.44549382489424866	-1.624920570457401	0.9016189220679176	-0.6662150319086302	-1.283999769744119	-0.3976119506320225	0.26029964199380595	-0.30177314410017736	0.22881778168377895	0.3235845559602466	-0.5944053281893673	1.1105651286119074	-2.8601971200027423	-0.8718172599967461
-1.3319425554280881	-1.2253527824236146	-1.0121333992581083	-1.0085281273412752	-2.0604254896542002	-0.7711541505868824	-0.940650399135019	-0.3354154302600374	-0.40342839533062086	-0.37851872377304446	-1.7484972398384546	-0.07046767242974011	-0.7329378780130333	-0.8775159486649855
-0.9637613598611539	-0.6593012699967914	-0.02249164445209445	-0.8253716282929633	-0.042864939534817015	0.2141546033309714	-0.9649784953886407	-0.45771176617438686	0.6139521579902001	-1.0680011573056296	0.569683932387705	0.6755401176049682	0.031965433723401396	-0.39106729703683957
-0.22435469781702805	0.8198240978983025	1.261147429241315	0.4190730635596132	0.5392096718984591	-0.26700988462592545	-0.9075009464770901	1.2337805516530878	1.5864667572871676	0.16989392943801623	0.7488268876412804	-1.0637886244076296	-0.6826064602448368	0.21607705895541723
1.6733811053908756	2.0458743228258687	2.4161900119310715	1.9210896753362057	1.3434484155715116	1.5282395414892274	-0.35442477779014103	0.6066240025487126	0.9256890822374346	0.020176083036845153	-0.5741957705402064	-0.7266972205917969	-0.5697584804337145	1.7958516173833838
0.8975696412868576	-0.2521527809720955	0.6416067882790488	0.6114854825350934	-0.4183110173187984	0.23019481674922238	1.349147430430782	0.2388456304699858	0.4770959416609288	1.103604050764561	-0.20589991255427428	0.5191783935365565	-1.5010114724016184	-0.09525786477376322
-0.5431619234668349	0.439421067613307	-0.5309740786503921	0.44741970027121325	0.06698660175656501	-0.15613286116899872	-0.17973123896620616	1.4431391821970316	-0.10072439840689654	1.103085572258421	0.8243633723780194	0.24428007102558918	0.32790987682818973	-0.4920444170705499
0.1135702446531458	0.4125542657021203	0.3204813261079902	0.4541391571414457	-0.2906880986455889	-1.580936919720093	-0.2650536016107097	1.0561773682782751	-0.3978373458909057	0.5413287348530472	-0.29526626644651255	-2.789904678064303	-1.5375670405012178	0.08636125283539882
-0.639550862283598	-0.5171267575182967	-0.3333943609708624	0.5313913623773153	-0.5659321573689939	0.2615276886748931	-0.8651762045983271	-0.4871548662471715	-0.2989687899307977	0.9153377148147981	-0.5696765181016545	0.3975841008538858	-0.27724111689233877	-0.16938561439152608
-0.606590776199089	-1.202633699103235	-1.6067249350488644	-0.48437660504102237	-1.1178529143861533	-1.1952903727925808	0.5238636037426975	0.012117283106145495	-1.1737998358995023	0.7858959270157646	0.12197565930076491	-0.4778663028177724	-0.8368975941667318	-1.0425245501335758
0.4122932935487632	0.762984374889758	1.7957106222936345	1.2474416742245757	1.2161557171237591	1.0356116007029477	-0.8248696940823074	-0.3704590052005084	1.2886129949239058	-0.24012542708370493	0.46601585270400314	0.3378676436956232	1.1606173148246577	0.7531363150451315
2.15091232618716	2.1293001368008513	1.7863709650852397	1.441066580636268	1.7956457795800511	2.95007505998295	0.7526896464708658	0.7166545539553447	0.14822472344534846	-0.7637496230974805	0.16056400540528423	1.7544428243797947	0.009445586145704106	1.6974182871985035
1.9816095854815117	1.104519533364461	1.7217746247227952	1.7053483438044639	2.328095670506969	0.8725066379387304	0.8071784092863233	-0.7622623075374658	0.25556329415235	-0.35231126257105505	1.3348879095524877	-0.9761160888831608	1.031788164330707	1.355519285020799
-0.38329140982081067	-0.3126958407590657	0.40429141747063124	0.31425736237692736	-0.08026330135598458	-0.5922826192268049	0.052228229217091124	0.7433742727532499	1.2533392331271695	1.3284736874560688	1.0750776200359418	-0.2369717902968684	-1.0182362826736573	-0.5550731478762841
1.3903922924411207	0.4801040560949358	2.159793104155965	1.3528317970658363	0.7237041041814258	1.9427746016826208	0.5096885534002644	-0.17223311964318772	1.29044341964061	0.691193639402627	0.045733627769747695	1.7419523642554782	-1.5640774264677553	0.8962594131743995
0.4467267701122521	1.2445906130747029	0.20761694778895462	0.6105138348456973	0.7655343262742774	1.1099726672830041	-0.24944632021632526	1.096124561598848	-0.6402997884244855	-0.29409735095982975	0.297696664538102	0.5305771633031627	-0.023836542865481394	0.5916831846884903
1.2206307127903429	1.0512540580971135	1.701406469009546	2.196174399129808	0.6092167783144642	0.7054007965173037	-0.005996472902826544	-0.40609060063754265	0.6443717216906467	0.8733075601434872	-1.0748347667989182	-0.7726621381487612	1.0910795949595908	1.076692499487721
0.7670326793110465	1.0060645388153195	0.8954229330123058	2.6232248408862993	1.487773990480663	1.4955193051075741	-0.8135503379763701	-0.264505005493453	-0.5472528863185562	2.0886758636408063	0.5375947440827497	0.14791489320348689	-0.23826527309649373	1.2124205967306902
-0.3893325538018148	0.12582645140029333	-0.5892213034426005	1.2952865600645675	-0.0650963193569394	1.2586530251325876	-0.7146459635990158	0.131500855891907	-0.990408605894185	1.7307900777380945	-0.18522859204354006	1.8005729096112386	0.298779695001208	-0.012830001135092457
-0.8399962838443427	-0.877424866703262	-0.44328198098333627	0.3196128409459353	0.04864135113057333	-1.1579123876545523	-0.42720263320550866	-0.6200683266785205	0.04035432595732553	0.6962231201918219	1.005024450246872	-0.832135718514955	1.1629075883500586	-0.7379653883661614
0.868094149630589	0.4660674033995617	0.033404478860533326	1.8792229942924288	0.20317412936652623	1.0093654044605496	0.21764940937903016	-0.4661582696600938	-1.1152734183595143	1.5372830187274897	-0.9025772495648715	0.22763577342290292	0.31552554810185995	0.682657255575246
-0.7103503552973869	0.4421595518403727	-0.40168477957825843	-0.1088953865322212	-0.5844179268219369	0.40122934036630853	-0.18972469535648354	1.722964607734918	0.3769901201815734	0.46097985582569834	0.012747948655096333	1.4100983464394596	0.23788970724735287	-0.6391971542500487
1.1758521772476214	0.8896200538091013	1.635883611257683	0.8508752940652067	0.4930328750023984	0.8084099386834622	0.4216001504670172	0.026684022340969057	1.2227795067921339	-0.373798705830053	-0.6344081073531209	-0.48162560530059667	-0.12692211150143243	0.8989940627048063
2.761370297900109	3.4758845550109925	3.2527053191380593	2.0590158404423957	3.1845267902831926	2.84786986058885	0.2173291228131584	1.6257038234465249	1.095440619062485	-1.0874454385623618	1.1377116092398056	0.1489139479866051	-0.3514067381618802	2.570743608575454
0.13098450198335165	0.027907398293111618	1.098697602972354	0.533554469947508	-0.20368179000294234	-0.9302107440772255	0.8469835330374357	0.3211139597993723	1.1835921655451436	-1.2116816517480136	0.4186395046235848	-0.3241928398538876	2.2368121389945714	-0.6121234053854261
0.13248514691978558	-1.0725985545238772	1.8964432464948793	0.18227087977053003	0.36652267531525345	-0.47817786890761715	-0.4282211919523119	-2.593166371093273	2.223037565032546	-1.2951525458252666	-0.08147681903293322	-1.2556055942951363	1.304112676629542	0.22247873280617828
0.2607891415515978	0.4588986246328769	0.5985052994105928	1.625202403158468	0.2537199993224869	1.0225203582653348	-1.229877257127967	-1.082288277001748	-1.0605753351306295	-0.06494442549704343	-1.2748475337084326	0.2933575710047818	1.4396246847945326	0.820346653875019
1.051657974307002	-0.06073184711939125	-0.6311937014486858	0.9449866357390003	-0.23972334268842152	0.5045119257656381	1.6895717314715943	-0.45283516306246097	-2.0168348527818925	-0.4606660202500873	-0.4128251161170234	1.2597855877690507	1.9455759397250016	-0.178145937226915
0.42147026268632365	-0.38424140748935365	0.5328451710715909	1.0742477500612655	0.8738733922777087	1.432676784763527	-0.37707697229005904	-1.518392252135787	-0.13289255515647824	0.5633419584000057	0.5765865167507764	1.08582069931209	-0.32397439393879035	0.5915888225798765
3.418446047654216	3.583683728232277	2.4930592370606517	4.015134878118631	2.9106724683491967	3.126602225310017	0.31940763547657064	0.3630029545221422	-1.837035510803421	-0.14926352982413468	-0.5293107562737563	0.1988218094040371	1.6819445588176136	3.0294930437554686
1.862463913231333	1.0235078233852262	0.5438745244971683	0.7070853356909875	1.6101861052382622	0.16514921889305845	1.8650691634151535	0.7474650771903437	-0.2771337702054836	-0.14392510808066897	1.7198386081805823	-1.1355380633129635	-0.46209669355381966	0.667448115781784
1.2600948044405558	0.7195548544851366	1.9608948404279265	1.9516586218746146	0.6412299581401416	1.48525313873524	-0.059908251058025504	-0.2511259853784715	0.8243348546336232	1.2788553894267147	-0.4931587088443496	0.5025712320537241	-1.297308379126316	1.1296921215374827
0.19115572306326467	-0.8245322060681621	0.9471693715837166	1.188103191709155	0.09466353063250021	0.03281457822617728	-0.562112904539864	-2.3179415275109565	0.6979121286131361	0.5819444887229256	-0.7634399977126122	-0.8846774169420308	0.7468742997703809	0.41685785048433555
-0.46219813852428165	-1.0937529628388392	0.27480817451589024	0.10641803952557768	0.0007156173169584612	-0.38145338066523404	-0.45112932617993307	-1.5077780092358826	0.8189129939040107	0.1544211017916089	0.316582103161414	-0.5947117933584116	0.1642431276146862	-0.22193478282024706
-1.0716212139472834	-1.4208524675566405	-0.7179598880907936	1.0557686165667892	-1.1937616056594405	-1.2847744299448578	-0.21234480339016695	-0.8530092896311181	0.3863172006421581	2.831421276060471	-0.4546812920583879	-0.6392457200887653	0.715600154242537	-1.052166924626477
-0.6755526850538336	-1.0573545246878195	-0.7002651454092796	-0.5068453026789016	-0.5402474975357069	-0.22558626958160294	0.10708972172600142	-0.21951078983534905	0.11605525878520796	0.3272685989706962	0.6348772813672482	0.7051285277897272	-0.5142725228118075	-0.8227935462242486
1.6191847364266625	0.3766393886877777	1.155880871065845	1.4084671388718437	2.117095753521832	0.8574709249812726	0.4031468524273527	-2.008480789801341	-1.565639466875759	-2.5071999463594308	1.344842805751252	-0.2905422322677113	2.1785956758891016	1.146008727390762
1.0876068282473865	0.7229855087014476	-0.8256680806503236	0.8528119247496191	0.9463739755964313	0.21660968159355354	0.5845653064704266	-0.047088253011033844	-2.5465516537550545	-0.19951621228464397	0.32955478945929206	-1.051444305888888	0.428430065857197	0.6655524473366285
0.9075614495529362	0.019170844385792807	0.651527734548883	1.2985371823192584	0.6779555168484721	1.7740504215451451	0.7258245095946332	-0.6070841374712836	0.3508713163977737	1.1834454886606194	0.49018560961351154	1.9156125135338458	-0.23342899397847597	0.4301071256642582
-1.8289688559427395	-2.267871372208553	-0.5857505684352191	-1.7216876817237436	-1.6235039415853494	-3.085556866465137	-0.2566475666893892	-1.0618983107058717	1.7908002971976185	-0.6351636924045853	0.04168336986780144	-2.378683673156611	0.8201690102995566	-1.794766187844941
0.08852578805794242	1.1105838447074818	1.4581452581823007	1.8002047095840268	0.9819559942392045	2.0981930079393125	-1.9668775527594884	-0.06399800000227933	0.37424805293047453	0.7366165196053883	-0.28019580605112315	1.1588456593331435	-0.3204077696949449	1.2130641986478383
0.569984862231933	-0.17126867482839073	-0.14387501390141494	1.0076925047047713	-0.3827723455292374	0.24030401229289486	0.9434989764817825	-0.03572052525689499	-0.18812809032967787	1.5703363423308427	-0.39227178716943845	0.20610835080402393	-0.4187986721002744	-0.06607662525419886
-0.030786775983667136	0.8975158304026808	0.28738255578560445	0.22373979303220287	-0.3496341190719706	0.8534296010666338	-0.6993603973112751	1.4940838376380272	-0.364609481642135	-0.12140338207514949	-0.6667632323830632	0.90066408841293	-1.1659572577815749	0.23425697937617948
-1.7767611322985872	-1.481409298364787	-0.8129432867786514	-0.9954877353815546	-1.735054818264551	-2.0083512527796934	-1.236285374256326	-0.5210595639402017	0.4293765246228522	-0.06383240962577275	-0.9463950473719278	-1.831440045452852	-0.3608262265065561	-1.0966083146993548
0.7822088960925796	-0.670916865114907	1.0626552053487965	0.2769957836407837	-0.3352277890632859	-1.2049277478710978	1.6116727079370923	-0.14543022920875956	1.859281860697291	0.9330861714919361	0.3238718028046338	-1.5563246400101811	-1.2040317140829178	-0.3428523847730678
4.627721294385218	2.501076438482705	3.4546706623290717	3.2326845821141474	2.5492448383952597	3.918129210770854	1.6721487914060549	-1.0511193918580992	-0.7571455387056047	-0.4149251263635811	-1.148977041153782	0.7870392825047342	-1.5337279955230863	3.4384936727021818
0.7108926492830235	-0.5180747861572184	-0.26627160392756033	-0.45339721653434917	-0.9588459016103532	-0.9034991665694447	1.6759090652008248	0.5894856038602914	-0.7347435430057055	0.03064346285519292	-0.4376890389024573	-0.5775827997419848	-1.8413037717789378	-0.5035053941176055
0.40553198981586935	-0.7902883428641695	-1.0210403038852627	-0.10737880243850381	-0.6554491127822606	-0.7763554190677493	1.312495813024925	-0.7234349081964491	-1.0277929888696948	0.008327067494437786	-0.4871189878843249	-0.7771430715010037	0.5965113304968459	-0.4755296640456692
0.11290564978039375	-0.4100068086625931	-0.28177885114877094	0.3633096448267934	-0.3656339018270044	0.4477378550466576	-0.293597541967444	-1.1991951829175633	-0.9023210434582424	-0.2983033184934348	-1.117412113590604	0.1158106399764274	0.5227457510570214	0.2049611508765406
0.7708041365585783	1.017756075863837	-0.38283211575752957	1.1111531603086966	0.5493143799569645	0.988230133134705	0.5016799929112782	0.8829818690085262	-1.3680397085175315	0.6581084610487682	0.10865970494086641	0.702442851603377	0.48887460241880726	0.39019203397495994
0.005433045255890723	-0.0795408733005894	1.1141413397648665	0.7345038941444065	0.5006453698163387	0.47578245341878345	-0.6367993133087557	-0.5273462432751931	1.269552190565647	0.4715352868198377	0.43583976808042135	-0.04413863966666151	-0.40978885671608406	0.31882464400774324
1.0195357842321426	0.3170507791839599	1.4964788376360045	0.5056161881602992	0.9314832952262794	0.450649664068269	-0.011873199657931193	-0.0593148603934383	-0.4498096973419693	-0.5168770539447224	0.49809695381455416	-0.374157152138336	-2.205295696057238	0.7936988346314705
0.8387885744893671	0.6720868885926362	1.8734399694000736	1.342109217436135	0.3739559744218262	1.7040602941914949	-0.5805600684938695	-0.06894670692218856	0.7284885095686445	0.48218689736912385	-0.7229407541558848	1.1274744217260408	-1.465822920449522	1.0066194968358537
-0.6085790637434219	-0.8511282540845791	-2.006192306337234	-0.624504913452995	-1.3310745184436104	-0.7921612483530638	0.6228186187961564	0.2185548946718918	-1.7034021191650695	0.2629119113528449	-0.5813554976869874	-0.013304847923111955	0.009540235852513968	-0.984169238058217
-0.11126554753410944	-0.4486186638689915	-0.7656943488242256	-0.14009263715557674	-0.3975104920514221	0.5437751035229861	-0.671179223485181	-0.9051385189076273	-1.7163337015633138	-0.7662902626944205	-0.8289622647788797	0.28166907701530425	-0.547953779129065	0.2040552033013978
-1.0355163376339547	-1.4038853337451704	-1.198502841346627	-1.5450752150663487	-0.5661123333456617	-0.6147809797979269	-0.09895004901830377	-0.8107601764802332	-0.45978896338676356	-1.6038565068684776	0.6343770883729437	0.6413132525717137	0.973285138909208	-1.112086255638872
-0.9295334955485611	-0.6854577379759653	-1.5046201153916405	-1.5719333811995453	-0.6429373317868933	-1.0751869749041516	0.07519094897857292	0.457259877167097	-0.8260380523676317	-1.3903892118318126	0.5326916391817083	-0.3490526436556532	0.4361102392725575	-1.047035712130735
-0.2928509971912093	-0.5042144167290441	-1.2210193377173857	-0.5132314678257288	-0.651221180912177	0.5752614414864706	0.7105612550190419	0.47736488796542315	-0.7910012511045753	0.12355888974892856	0.23199473469411078	1.8868128058895173	-0.18634817131561413	-0.7533637152451752
2.377842563474349	1.0555412505266757	2.5146581901479577	2.7207012484046147	1.737392822374484	1.4841243229663783	1.1309627962842064	-1.3874767234520176	0.3130751795829605	-0.548427677042152	0.14299543264706022	0.17221065728891258	2.0633070680456465	1.4753658709887567
-0.11738404867952573	0.6195430202883646	0.6312619224520354	-1.106838489591314	0.08788829246588403	0.6634788380768054	-0.6145566406750781	0.7848342625023651	0.6887648068883143	-2.437128463312237	-0.10237731247370518	0.4461862544954573	-0.2725301791260366	0.2031484986121529
-0.4849711324528856	-1.2997278043684632	-1.4800436409301732	-1.3568968997733437	-0.8279416525364982	-0.9529531356505225	1.2187216144114665	-0.04923854633710154	-0.40270930335280736	-0.48094706566370327	0.7369213581962589	0.15215255679943085	-0.1394005694700067	-1.2423045626722011
2.3127892690404828	1.5771130941442955	1.502846680836214	2.751894700049516	1.2787848292284862	2.385929078402381	0.7482545595507958	-0.42178337586991826	-0.5766451140260767	1.2016579030502754	-0.9190323241519378	0.5655123173548654	-0.08587809988773892	1.847358739643794
-2.5292640610598625	-2.639633513984105	-1.2108138119776728	-1.8058086119463796	-1.229394366619202	-1.8289441976425311	-1.3976836382181912	-1.108851909189284	0.775328143568089	-0.13922815963213778	1.2119623746311519	-0.2584148652497443	-0.8196811553401987	-1.8103861374024948
2.516934139556426	1.2348094717418012	0.9602091663913833	1.9607047442681662	0.43301616441113105	0.4157487304801697	2.1462929721020565	0.6799067227927001	-0.6757905919959009	1.385633009577083	-0.7491405217270637	-1.206324217763095	-1.2158351953534798	1.070032477136877
-0.654197349563773	-3.1370045283046646	-1.4958171711953854	-1.542150387218076	-0.7312080975152238	-2.2576261757622915	1.871129111516348	-1.6572962271936422	0.31750475420628654	0.5251496026607715	2.2843798819135723	-0.7092014659840573	-1.0910794578985072	-1.9244109004087775
1.176932500659366	1.7921212659614443	2.7661944543230597	1.4318375674237045	1.3852835066148608	0.8635698785105861	-0.2696393829998963	0.6647423360709721	2.309707957766628	-0.47090528238309215	0.029561453849127835	-0.7717241779381608	0.9306612087489537	1.2071436225690702
-0.18240374517801716	-0.3490306439346003	-0.3905342726001319	-0.7099318397679705	-1.7912511209615791	-0.7131621824038448	0.13607195785520862	0.3861441511477703	-0.2787137758791153	-0.6563221734629108	-2.059982965126799	-0.7298374429741394	-0.9272545805682315	-0.39526621850961613
1.1867798616808671	1.2220749728274063	1.0830811728319347	1.3513882624096487	1.3969187807728132	2.511397121237129	-0.40116465948890945	-0.36495279378671686	-0.5156900262207053	-0.5158697227034398	-0.06961270032846906	1.6171633532456557	0.41489596176086563	1.3580674567472633
1.064585717631521	0.45920884102456205	-0.050069705246917784	0.44350206888985005	0.49563943381793996	0.67724483463237	0.7934328497090127	-0.25564799709809616	-1.022934640724784	-0.682262005526431	-0.18459862884893194	0.019136157722865598	0.5739405134054681	0.4978095366023261
-0.4538660351456535	0.5076355887064032	0.9833747128868029	1.7218160951423946	1.9007996480236082	0.7481214056069507	-2.273876960084233	-0.6736688714764205	0.1549272615236081	1.0140486003021703	1.6483719566999504	-0.5630597363342601	0.12196928444647137	0.8874430547029613
2.17680747955338	0.6730032445305291	0.9875844872990103	1.3144303256280951	2.4800110267185884	2.2783049643289983	0.6971100305457842	-1.14454404271802	-1.5046126868992409	-0.5767950235328512	1.776994218981676	1.010086533473371	-1.2038521492154384	1.6005001000044288
-0.052360431298379306	-1.4404832289582128	-2.135361163806661	0.05853128211279662	-0.4156739043729415	-1.8599922172878558	0.9015283650558317	-1.35932726202776	-2.546475335453666	0.8046436381720907	0.3486592380894055	-2.417615731352931	-0.08056398961309598	-0.6087740738189376
-0.9219969902872777	-1.4257377243241267	-0.8047307613214596	-1.2296280421237533	-2.6981616215845112	-1.856942416203125	1.623811657461013	0.7489804737698861	1.8669613685545643	0.6854732335101796	-1.3634303243383064	-0.07909904736841575	0.5330474001897405	-1.9817354886240064
0.7105987083821712	-0.6150932564233108	1.1026576544500934	0.8102375416447876	-0.22198072969205201	-0.7348463285081501	1.0137235988088718	-1.0819269074429823	1.7111723308041813	0.95531938398246	-0.4270513048822676	-1.6688693250951732	-0.1778324568988499	0.06962937942224844
0.5421259247239933	0.49986455473409036	-0.5991587000695873	0.2786758643693549	0.640160169769978	-0.10058878524551024	0.3345747809982864	0.22423010074147895	-1.5258800143612328	-0.5444070849135842	0.4682956040360325	-0.8660250008346734	0.5722085264338442	0.25088478900243416
0.9697000539990076	0.5283221264971814	-0.1264828584377241	-0.7610388003289493	0.7178206625550446	0.38841814785543627	0.932564199749045	0.5779578768771089	-0.8672155812994964	-1.9608970665452121	0.8791744893955659	-0.1366093112523691	-0.6452054181915524	0.3105884840092265
1.2344542213656786	1.5562067704937805	2.665445377797141	2.936858229350155	1.017646168014531	0.5154511790714686	-0.6000051374870158	0.6105372505222417	1.5522274190718532	2.4056777116812436	-0.38150772641159353	-1.6453448694946509	-1.223694442431131	1.4346233086666618
-0.610899102701903	-0.14158478139252229	-0.6037699913953221	-0.09357675150983874	-0.4128125556415798	0.09888302417572559	0.23628582917934343	1.0172760620723351	0.27352169454703895	0.7626486932223734	0.5652666965950328	1.1150848927495787	0.08728090356528265	-0.7694065993489799
-1.5786403340655846	-2.973500635186412	-2.462240158298759	-2.4373922116826745	-1.767739922392082	-1.8232361965205868	0.9937861591407704	-0.5798813625811575	-0.8280586914529218	-0.23131678546669304	1.2958219339202472	0.8139866148514648	-1.3843657742204825	-2.348698662793621
-0.8207495684228554	0.2586308821669391	1.4435359717867162	1.6952822026512129	0.005892691051094245	1.448574346534797	-2.4512551785219867	-0.6791734982659586	1.378388670681544	1.3411131201973294	-1.0951524613679464	1.1573284426924069	0.4571171216407137	0.5747115567983715
0.9950837710212836	1.0240687307930638	0.8512477209613296	0.8240209756605011	1.2282844327726803	0.32962657026781284	0.3450637137777708	0.6925895400502814	0.15767022528235855	-0.009054754609816406	1.0262802969276648	-0.9231921543374643	-0.4953154751861831	0.7075781018001316
-1.6023384028474617	-0.7980635176121619	-1.582230000977305	-0.3846057072564673	-1.1045440261564288	-0.46972130457083316	-1.5069622686345412	-0.19143971130007106	-1.4163237205229464	0.1270855694571904	-0.6976107276749232	0.20002358994777128	0.4381969997256548	-0.7708390907772502
1.1505632770694258	1.746128966655906	2.111869606857224	2.763936834581724	1.9160190938656112	1.7831467835704056	-0.49401280093192923	0.3606002675772586	0.8880698744141552	1.3467639665047362	0.7340264670002541	0.704398153552748	1.2044816395733122	1.2888724781948881
-0.41498851103823603	-1.0272911678327772	-0.4383150854954839	0.7069172011566753	-0.9225755965371337	-0.35454759776885714	-0.04867095146058711	-1.087031640761064	-0.02824011827733202	1.4449628654806885	-0.9098448096489967	-0.1559687950373153	0.36396381277296114	-0.44786494593073095
-0.400208188644828	0.21748453322706995	-0.38529847010041	-0.8861154653474355	-0.8466369477248407	-0.7880367125554248	-0.05483015933952077	1.6224892578682968	-0.22751003867993705	-0.7101058174090866	-0.2339582846027142	-0.5734077135943856	-1.169156335699955	-0.522177754353917
0.5479944242598939	1.9997887065701385	1.5415532457906358	0.40394771744706626	0.8691707774971417	1.4814186672678082	-1.3183287791355132	1.5573138727600224	0.32456827913633673	-1.5165392810535558	-0.3533294580503763	0.1956799950555729	-0.7872682226224423	1.2228540274386137
-1.5250480885952251	-1.6260623795252633	-1.8170550717827383	-1.4246792357243998	-1.6495570753559319	-1.8943366075537946	0.7429798798476627	0.4594796230398033	0.11399441164199998	0.17630215716048936	0.48559018718487235	0.21258400758153226	1.0757535695990381	-2.116900867268953
-0.3353217109549236	-0.16195613403782436	-0.4741655514707809	0.6310147569816124	-0.23564529278328977	-0.7492788524028339	-0.4374455005782298	-0.030467788577828295	-0.6237339752654555	0.9524683825746761	-0.15363224583749727	-1.3985570057819645	-0.18465427253329753	-0.10674460638446787
-0.4650860950451652	-0.9995430257710873	-2.2023205667758576	-0.9126745366464775	-3.0388911922797446	-1.4413207722641799	1.9010630651638876	1.3630951936547642	-0.9563105124469488	1.1260088763274057	-2.0471929859204137	0.1527311656660324	-0.5928537931861185	-1.698829383326722
-1.4217084380902578	-0.9408276871869381	-1.2262933520170665	-2.205363822650891	0.03973568442617492	-0.9259137148156615	-0.2466975314088585	0.7962012609857443	0.13800004814683092	-1.6673580134957664	2.427129826901935	0.3821564414086154	-0.3929027463089683	-1.339967894516591
-0.28071194634039837	0.6942121573635174	0.46998282655091494	0.7475313544666591	0.14719342842586924	0.7748683558517878	-0.152852760165193	1.393335942180544	1.0614887547096286	0.9844453074562741	0.514851135979588	1.5926768714880488	0.8526966236721495	-0.31232873267923883
-0.6653809817121796	-0.1466766097807602	0.4807692995015661	0.6610185300635227	-0.5714867720148299	-1.1147495058238917	-0.18999141522828328	0.31934587398540115	0.43740410805148217	-0.7233266644066237	0.09740353193929989	-0.3397234600762934	2.2415667785684787	-0.7865974898856967
1.9312670809586734	-0.09225767564028875	-0.019856517583881073	-0.0736456216047694	0.9096890995277561	0.5733818940732625	2.320213643435659	-0.8845953437628672	-0.876559722364352	-1.197779753842388	0.7842652585738809	-0.18565589264279284	-0.2667456723624157	0.49184866508991465
1.937768052628777	2.8737305100191333	1.1138196323360878	3.109707623918165	1.4176610346732006	2.4485377434609807	-0.23559132970759863	1.3243144672066638	-1.604320891600625	1.3842442523304719	-1.102467844432027	0.2869717305376374	0.013839853539351866	2.0763738589872647
0.3042785967402686	-2.6237291236189817	-0.4043460185890272	-1.41293387194727	-1.735206410448178	-1.3969897711593693	2.5022242825843612	-2.0945345379149187	1.3762496013670895	-0.4411353320202654	-0.6192504658461037	-0.5032267438346761	-0.46672804205926954	-1.2736627924581767
2.648458275051495	2.177072088756126	2.02521940549844	3.634242886973423	1.6335017118031563	2.5800585800925884	1.1823974861897888	0.07377964863828523	-0.9498194766534718	0.4791958028534935	-0.4196669825975008	1.6140034892997743	2.1004792905835554	1.712708441456444
1.1884193472252487	1.3444815950213986	1.0845501552390397	1.1807075431795198	1.5128228813804379	1.1231526929136435	0.6210066720362655	0.7620135200496791	0.29271674787667984	-0.14468147270595327	1.1119116947758492	0.6076707929776299	1.0985257869191636	0.6675683256077584
-0.7644858840619391	-0.5114620544649034	-0.8879022980711719	-0.45396202745256575	-1.145895341845212	-1.4855867250200379	0.22671006936687668	0.5673947140468418	-0.021778615247186807	0.1585800338489751	-0.4550235385772909	-0.9823484130311927	0.8678569964683879	-1.0254702821866861
-2.4176513961363923	-2.5744732087044446	-0.6717979630040196	-1.407852452069132	-2.5144760265280603	-1.6542132720822753	-1.433119032788781	-0.5163227753507852	0.06628862058172437	0.6185935114333019	-0.9518597990107249	0.470117569123853	-2.3311732622191452	-1.7984448910501445
-0.7582446745409117	-0.45527160576347603	-0.10806605414354939	0.508170091864425	-0.4510640625024738	0.28265450402153136	-1.036790297122521	-0.5935964179181844	0.04952450106308288	0.5608744120911577	-0.5648498951419181	0.6356998122734253	0.7380441159865779	-0.24672257820988097
0.3604194497130305	-0.3519916756747803	-0.48872676168242235	0.8171131422705407	0.6506107250689102	-0.9829064610621262	1.0590114071268284	-0.1774920428811133	-0.32910702537866615	1.3505366610327032	1.50814581845023	-1.2801177184085066	0.6454974826395578	-0.3745959464740239
-0.4558010062574689	-0.9671034739473632	-2.070923185255464	-1.1730856304918864	-0.8558873889522106	-0.36464864607382297	1.6238920502217977	0.8669275521845503	-1.0293137332446762	0.186823442518638	1.052108574054572	1.4920574028142097	-0.14778491781391037	-1.4577030216953113
-1.5393318791690964	-1.5890542610048508	-1.5238962564530762	-0.9715482233672043	-0.9712581763892154	-0.8386282416908349	-0.30151116623976637	-0.40310637042281455	-0.21649931064053515	0.2662802265053257	0.6294313557085744	0.6618117749008103	0.37363211083493136	-1.4219168609181485
2.853079434332207	0.6292273575814866	3.0100466277199827	0.5415641389823744	1.530642694479272	1.8550131927533213	1.966529349358219	-1.0843697267060703	2.0206279814775616	-1.7273821219687253	0.3318297041181163	0.4381751999767749	-1.1849638649364516	1.516841966592419
0.6357171757498299	0.9667987809317535	-0.2460713186643006	0.03400548416904059	0.989883094121715	2.1940129228522536	0.2098721390658689	0.9106000618064776	-1.2077826594464922	-0.9859395911250064	0.9483513381668797	2.5533526154509394	-0.23538946537099553	0.46751663692206613
0.7292346621347491	0.17329481400348518	1.9467555608331504	-0.36441414469927497	-0.45602188169298014	1.020808868531537	1.0096177005071019	0.9280095284784045	2.517886212634376	-0.5648498486081241	-0.3159216307478747	1.8169340142549153	-1.5851075947491082	-0.0664893841337358
2.3237600097365605	1.9808757006661761	1.4776084600266666	2.0708801621524544	2.880514813430735	3.10144219381135	0.5744905746665497	-0.2361419326026815	-1.4852891964825785	-1.3697448684998146	1.5058154355855489	2.2523678640877187	1.717006815281715	1.779159497171442
0.0051641184776940185	-1.0210477792651491	-0.6482701096024434	0.4119069769977298	-0.35018842985032367	0.491611335027192	0.4062196043681921	-1.3196680671464731	-0.623881238344634	0.7139933053117901	-0.19945256085801555	0.999236158649531	0.3371262393508065	-0.2966721868474264
-0.21127014054522902	1.2325219740398798	0.31784188223571663	1.336596093150542	-0.14172115766111315	1.0574960366995758	-0.7814056450914015	1.5402336877119454	0.04805776434994888	1.1980176408992471	-0.7123661345704864	1.3361654915626984	0.8913148490220801	0.1301187916082966
-0.919657558665871	-1.590394521566386	-1.2358057574497208	-2.380457962914708	-0.43085198097417077	-1.8670411544109817	0.398866220084423	-0.7191832619202395	-0.11826377774159023	-2.3694483321730893	1.2133892560387063	-1.5031830031107971	0.030760862621862325	-1.1650367369386148
-1.2292021596696125	-0.6947587951058236	-0.331603656481048	-0.6143354913193416	-1.138645513136921	-0.5474239038446074	-0.7615918914875025	0.7266611421538326	0.5971481026267665	0.39043554189801116	-0.07683340783347674	0.45565026851178514	-1.0666252939695173	-0.9174304216042198
1.1032254249044957	1.3791447980399043	0.9971604144216718	2.9579081845621014	0.4462701941066763	0.48016591782668017	0.9180183873154116	1.0145059906407385	-0.5914840824819528	1.1553848917822012	-0.03484596047079802	0.4915772844977763	2.2770898405193	0.31502323555160117
0.5464613724091423	0.16187388567249095	0.03142521731211434	0.34897737127066164	0.6096573810646939	1.0745785192984343	0.01512473041056173	-0.7157868581279353	-0.9099132360833772	-0.935945112295429	0.0725689856042021	0.9127640744623583	0.9244240710238316	0.4064611863444858
-1.2469263205056624	-1.1289859996136429	0.021715493486952342	-1.382545222250463	-2.5607488951403212	-1.2521930546019933	0.028421333486759015	0.6715807154371376	2.135767128143255	-0.16188480619727819	-1.739240157053828	-0.029656673789198354	-0.7692313529788896	-1.3780881582801474
0.38204873525649774	-0.626718491226626	0.5384576069963901	0.3456013861269457	-0.3146238178463796	-0.22789494101305818	0.6793175052594096	-1.1010122863218363	0.8473194577559339	-0.042244985900184065	-0.5309456529916262	-0.2950055980412135	0.98050521212758	-0.16221216185904028
1.2867215993961358	1.832185155098009	0.7873513628914618	1.8129597933141655	0.48551604322803554	1.923887681089065	-0.07635705326509012	0.8307873098168502	-0.8773353418062929	0.46322314289395855	-1.4135822745965696	0.6898782246314653	0.11244485058679321	1.3112237990905402
2.160243791439731	2.0049247503652503	1.567566216357702	1.772602361319371	1.571571492174299	1.453726191287475	1.034591388707646	0.6748104719616044	-0.05140047583244549	-0.28047230438242715	0.004146799626419621	-0.09566535242607056	0.9917724812801215	1.4016839709322635
0.7560051642188143	1.1752697912738523	1.1504400725822401	0.6392841644278123	-0.47841555634762506	-0.22866512687331053	0.3204799326327964	1.1726550273271605	1.0306785431780527	-0.06306521565836533	-1.5842802639001072	-1.5717309821127778	-0.24281953325775094	0.5202406815291061
0.739097411203737	0.878643634614095	-1.0262227037858658	0.426391233904191	0.3309394438554598	-0.6041819809613568	0.7263319055116887	0.8762543912582751	-2.262909734065435	-0.38703202379784174	-0.00036286508261042634	-1.515136308628871	0.8783658070853215	0.17721783844206565
-0.6667858609402105	-1.3648050038409427	-1.3834010811309694	-0.20205625804844535	-0.8916948988520415	-0.7885285439610403	0.017716285525767206	-1.0999295848329083	-1.1557914220835197	0.5038595381566623	-0.3114315836492205	-0.49523893229950483	-0.0697412792677921	-0.6908989970876392
1.5334324721115355	0.12807208241614698	1.2717958350574274	1.3657100819520342	1.2635781303097513	0.6406583918118212	1.708546658158117	-0.8685837154393298	0.643696245639855	-0.05873113893749209	1.2587492547325079	0.5930639989231009	1.69656963022168	0.30990838563540885
-1.0852772458750062	0.3151043437660818	0.2515985037879467	2.039555858588104	0.39831037896002536	0.06792724416685841	-1.6972813609914996	0.4916720809365663	0.2852694569598349	2.6249641651223343	0.7290411043930269	0.3865626817419223	1.2427507469127972	-0.2284490541784174
-0.33245097408278323	-2.461093808110452	1.4143066824850752	-0.27543878949580725	-1.3157011137717107	-1.2072223084076574	0.5194169937217793	-2.405274058088015	3.2639286556425318	0.7557380351634213	-0.5692956893674338	-0.8339973953234884	-1.1184542970952238	-0.7942385138385981
-0.11356226410318693	-0.5117681791398984	0.029014824329602007	-1.9246832510573904	0.04196036837061068	0.2149139703581413	0.49594173094424465	-0.21624630008453039	0.7618034147061398	-2.990108476698932	0.7209418308246981	0.9411734733956467	0.6405911553956781	-0.5101386301683158
0.6577437581168949	1.727663858850879	1.6845072086677415	2.332556442903241	0.9829982609565765	2.0302667932338814	-1.6442699682179032	-0.10275541048053383	-0.594819908490805	-0.3965871291356267	-1.0967068610767408	1.0304227127857666	1.7289874869644224	1.4435196077463148
0.5447949623794646	-0.01395437268559907	1.1497243474424066	1.6249471953471004	0.4598791204194328	0.9686561292063189	-1.1692698973891607	-1.7709295280070847	-0.11584991585506361	0.5848791778147968	-0.9903266299623048	-0.600803118544958	-0.5503117461896567	1.158665693356583
0.8221442769849836	0.913079231373801	1.1378391071084477	0.01908686584843955	-0.3179172307922493	0.4049526570436749	0.20900870671377578	0.1778642262566465	0.3411511866919574	-2.2392149569275417	-1.7242304701357976	-0.23236845606588374	1.4401800345504585	0.5183246887097213
-1.7080308914271152	0.4096181065345629	0.13911167856667672	-0.25408702883123246	-1.105339874198236	-0.9252540579023278	-1.5196042279728257	1.9661515386322026	1.5951309956944475	0.4518851565746081	-0.5468397935052522	-0.33238337574239996	0.6026132982309534	-0.8905954762909494
1.0607072870482326	-1.2000281666032913	0.07418993086094836	0.43959422521214053	-0.10700879923838419	0.34312926016039647	2.029437557670942	-1.1077578494350642	0.20921807405588222	1.1396839345794658	0.6379661268626465	0.9451562973437788	-1.1340632536252564	-0.3085608062172015
-1.9792219807407918	-1.2219960386192354	-2.6312863598476715	-1.6778231687130187	-0.6579230331305967	-1.0719737699250627	-0.4036907284954635	0.7796268546494882	-1.527384610185767	-0.47796047297798266	1.752991970937315	1.0947334910709403	0.852962871083612	-1.8603647256256508
0.7642964178824663	0.757971265425377	-0.14539303537116974	0.35057951442522	0.9497945287161567	0.9632669070076544	0.9500478003119205	1.010817740542534	-0.535398648035495	-0.0034388113327273547	1.3304497285333021	0.9850580384016108	-0.10977673106748927	0.17343596731335448
0.19079077411703782	-2.8641845965758232	0.16876939648122438	0.20327609437142324	-1.037042251429181	0.06491657694668392	0.3245559072054734	-4.20434295752507	0.18722041136621598	0.4528285579548621	-1.2114430004980075	0.1642341479586809	-0.9966896333613653	-0.14224089538850776
-1.4670329811060958	-1.2390024517402614	-1.0735844619736354	-0.8096142910161337	-2.202051929497289	-1.6170542064508886	0.07859907265692406	0.4580231847386142	0.7532755230746975	0.8396701635594161	-1.1470456628592334	-0.4838825648771279	0.06258379793967433	-1.5263331221713647
0.3206621915579543	0.49179095292682085	0.012746426008489853	-0.030981752630945242	0.2922227583750934	-0.11397744115315064	0.6885386863980167	0.971313220897666	0.20959524927937928	-0.23606537115132045	0.6388104119701924	-0.32701932819653157	0.12592610320525513	-0.11618220025282983
-2.2065892360201596	-0.3648120261998433	-2.2071340317002592	-0.37869308231601895	-0.8194073151980875	-1.0376321601533265	-1.2092829594526397	1.8072108383370842	-1.190263980300829	1.3542243393869098	1.0662924494188661	0.6509010286132254	0.675540389687562	-1.5842466071396062
-0.21708510502692935	1.2261249797827267	0.09732459984576458	2.1056029487974537	0.31186558555221255	0.04175229582257323	-1.6896107809217298	0.6768230917582997	-1.1225423362900928	1.7447264899610209	-0.8371335368763696	-1.3908457028879058	0.5639873773518341	0.7072336492573802
1.6119144471753608	1.9538978246131395	1.730433257853051	2.166127347023716	1.870716953604971	1.4324902745578754	-0.013180106838166498	0.49869470776582725	0.194621147267007	0.4104271444633107	0.3796013769724777	-0.3853967759985798	0.7118911222680603	1.5123027755000311
0.5704409565920188	1.6793367633361593	0.41839037433609066	0.16770551687007543	0.6201866249878425	0.2651102139298359	0.7106547601506223	2.558791768577723	0.4610714312069437	-0.293949911206624	0.7935416271579658	-0.12766029764407905	0.011708010395425851	0.14172010011044056
0.04899955628673375	0.6994935362681971	1.3017274591262133	3.0991449418462333	0.4369562807757098	-0.1645337209527325	-0.43388916356080226	0.2953418775452665	0.3726109221439946	1.908899967057587	0.3432813531456869	-0.19094852266812465	2.2405063862261168	0.07418713249581377
0.11220389449688795	0.35986809544337445	-0.16111698817440295	-0.24362828266850714	-1.6706851192944407	0.08608930367690204	0.46716995396401145	1.3671104710633084	-0.02321419350235268	-0.06406575849705316	-2.0497810800604714	0.40768367303516145	-0.8476084652480097	-0.29087649414500866
0.15112045152964654	-1.0431859816016829	0.05384116220630261	-0.5206716031787331	-0.19510093988403826	-0.8301947420920299	0.6139588075484166	-0.7001028399454886	0.21608791860007717	-0.33624431071711325	0.6179412716916484	-0.8664947023280576	-1.2281676548886193	-0.3774907466566659
-1.2957357620237708	-2.109505147694506	-0.2907831836423409	-0.6340472352485579	-1.3634643800777684	-1.2484571981231765	-1.3870883207593616	-2.260972352199711	0.2565176494592256	-0.2254640846824273	-1.0491724540355138	-1.3282379890332836	-0.8383347172079241	-0.5852547929330943
-0.11371161983311417	0.7745314128257135	1.1774579987374243	1.4716315507260944	1.101130311707735	-0.48823289928304925	-1.0472170083755086	0.2881716345801345	0.8591549465771222	0.7092090334269286	0.9311960881275897	-1.5095812310863617	1.2427536560445809	0.35307770086871654
0.40737004846374153	0.015363654591650358	1.0035194877061095	0.870301842648596	-0.7399665737355756	0.26268284892352944	0.8786087722899835	0.13707979638702195	1.8103517956811972	1.0354772945639144	-1.0811892461887516	0.6501050954235627	0.9134769252204649	-0.2495796082846558
-0.06772440314669914	-1.5678195204607976	0.06930424786459555	-0.21296825649209222	-0.8606300748219758	-0.6533677452286993	1.0898815769903472	-1.4424038742288083	1.3694589258162342	0.4315730143780251	-0.25666906256719335	-0.04145313674028892	0.5055173808857668	-0.803480672100666
-0.3857165382029709	0.03427617312353576	0.4722971131588588	-0.271464749083809	-0.4771116195510393	0.5619682164859222	-1.1094548652428782	-0.43284328553510043	0.37853063256048936	-1.310194943526571	-1.280999160190903	0.2835252960864893	0.42265049521913023	0.20945204540077
0.43302791833937826	0.7203548886363336	0.9168487759394852	1.1707725217301184	1.0633121355432258	0.6762404278395788	-0.6397639422498297	-0.14318360924597445	0.17515854511996728	0.2740610970773948	0.4284107414532017	-0.5588315009054282	-0.02672855762520892	0.8116107657089601
-0.2694774638888668	-0.43144459260948553	-0.5949607378718127	-1.1760574998058755	-0.7149562383946924	-0.1925275933080925	0.1727583225725831	-0.11054457574285415	-0.3117179443102592	-1.702759095106819	-0.5814101316296147	0.07372334312945213	0.3104231570297177	-0.4272024785697166
-0.8788935919992957	-2.094394751505957	-0.9149788889053279	-1.4916817449015296	-3.102897056033353	-1.2496322667113415	1.0180312872872825	-1.0475045195205206	0.9998657292559403	-0.4425302494719551	-2.7181933012517634	0.27004980803525536	0.5704880605050424	-1.579989651894653
-0.14465201972276942	0.19926146055594457	0.23060917160747196	1.0618443119953818	1.822902037897915	1.1684868024037656	-1.1062890979487454	-0.6093933044320603	-0.5116769375185082	0.33742210569291353	2.128131871271964	1.0617686436897187	0.8370303465816997	0.3974913738988408
0.08411583604262607	-1.2889666539496305	-1.887120564973149	-1.3420938814956531	0.032596308533670904	-1.68984601788745	1.8017299989355242	0.02038658545730816	-1.5340933763604627	-0.5010443411231268	2.185766799686729	-1.1539627882859693	-0.886603883715793	-1.1238778284808568
0.08770534973987631	0.4366036278700196	0.3274811323215657	-0.22917978212829246	-0.651950564694153	0.3013827407455295	0.48411168583073955	1.169521526139788	0.924998634944432	-0.277587060189761	-0.6449704001190981	0.5612452790674011	-0.16178258955928876	-0.23275276990199537
-0.49453207726800075	0.11497271781523186	0.07919982175124163	-0.7914335119266478	-0.49631992572171546	0.09916491785309522	-0.5387144504134306	0.40547568021651337	0.39794441346549253	-1.582909106058062	-0.5851708895262818	0.4170868098561662	0.8061524455775446	-0.2895431794301851
2.1400920525893365	1.9267491675393167	0.8206181066760865	1.3071075138669528	-0.43067379176159837	0.16673772641683848	2.545360885389252	2.1273773801363034	0.34753524880928627	0.6416982560844905	-1.779526481295257	-0.8039938570718593	0.7426336531994281	0.5017960088176491
2.1855229558706974	0.8746389998760796	0.5324670030168486	0.6688227750089886	1.594702971441911	1.0240721668882382	2.349229733045578	0.06266098143525467	-0.5065839067081959	-0.8513354280506006	1.3151315764157434	0.4630252824045947	0.9968648509747858	0.6376694408199697
1.4986955519171943	-0.3502676822431181	1.465131831166536	1.5739791099178717	-0.5996260804719451	0.7254821576106918	1.6817627737568208	-1.4557089566917423	1.6405257685006598	1.314902674220625	-1.8530482695714898	0.3132319031327316	0.6956869731767166	0.3840202971365839
1.60899208852923	1.4024649439104853	0.7573724582642051	1.549398143388248	1.9054161323932146	3.1907864995341324	0.01886507427489979	-0.08974006542958646	-1.3413087079178838	-0.19976228027016393	0.745419601352209	2.45399930990478	-0.38274769851497753	1.5328585228712328
1.1505024694407204	-0.22681914058258604	0.9056166120169988	-0.2303752980428096	-0.24860370065966284	0.15206070906744693	1.8347594021817164	-0.4705806469365994	1.4813480769544818	-0.8224026096485813	-0.5058864923150947	-0.07351691016395406	0.2625287568468953	0.00302349620999451
-1.8037530912490478	-1.8986573454513618	-0.8595546895014119	-1.3734736772235754	-1.334541098316925	-2.484405331089139	-0.057797541553895077	-0.17821974742317245	1.5333784828941774	0.3632138663355144	0.7619634811695598	-1.5063907969363022	-0.05742137454326332	-1.7802412220888058
0.8081035909462723	-0.08031353140710296	-0.07117564411044275	0.48126075906459265	-0.8929065558834945	0.2676675067773856	2.0376833092640467	0.9340296534031691	0.6010769536205504	1.481238409058088	-0.4344144023364847	1.0335979496385606	-0.6377818489636568	-0.5131749536562731
0.7301567258901123	0.4152940045958184	2.6847104769515995	1.3255466775904496	0.7864461909976574	0.6398787375401909	-0.14495245083593486	0.5898925954108187	1.4148453823244274	1.240067955164342	0.5624072935917542	0.3951424422027536	-2.5203019718296513	0.5654188417152575
-0.6064388643130769	0.1952201750212021	-0.4291085151484127	0.5981772342032796	1.1103861661739562	-0.6321444919697986	-0.9421505747767956	0.3181811936022407	-0.6761203837979608	0.5004644359906245	1.8745346004857992	-1.0069889320133276	0.833558512636884	-0.1624002436675191
-2.2239414597187004	-1.3422184577286114	-1.8013641535605291	-0.9713392799672795	0.14087881224542098	-2.090410665316142	-2.214431130326672	-0.27260235392334947	-1.5341964092028555	-0.07437785466758161	2.1697425073275953	-2.020215936730063	-0.8187318479049974	-1.0149106757936022
2.027487204660874	1.47644980437244	1.3247595990878556	2.1482034206222282	2.295656333466279	2.0621511126244565	-0.12953255413955678	-1.144088266058389	-1.3849993654188923	-0.5766294517716923	0.26860641111839395	-0.03732955018448572	0.962906331409052	1.970321497725663
-0.789507608784912	-1.556204762491479	-1.2434381617410617	-1.8145905652980883	-1.0555727622543523	-0.7561630758656583	1.2999274694907492	-0.06575545795925031	0.48243948144952536	-1.0218650666578046	0.8089768607234737	1.3672327849840793	0.9113978433654698	-1.6990310563890227
0.912894053990979	0.04695247572742608	0.0026941097989556934	0.6018485623552303	-0.5801039742839559	-0.10199107529947166	1.5294871251509143	0.08210937319161556	0.05450039292396851	0.6687432678328241	-0.9627307891923051	-0.439535601785231	0.16603127218167685	-0.03551940262387862
0.6268203526013634	-0.5131392422820896	-0.619101977309446	-0.5578217779218101	0.23762558502873188	0.47559292041842416	2.0218570912605305	0.5302087390560242	-0.04015898640076481	0.05748493416528999	1.7631728538718192	1.6902477090334591	-0.6963651203681861	-0.6919914616420669
1.8260787558790708	1.29564572586919	0.7929789233043507	1.6868456729366572	-0.23176594345420876	1.6527039427710593	1.1134687703012032	0.2089499993407185	-0.5493488260239031	0.4982285855563451	-2.333403347671561	0.6268818120204374	0.3924711049546754	1.0917815052738238
1.400300041622278	1.3841599181588	0.9947398067026966	0.5349209849056824	-0.6179396475998717	0.5696175736986309	1.46859060049682	1.6044637329575242	0.8470177864873825	-0.15449991350172787	-1.7333246970083775	-0.16151777984406476	-0.2584439874703396	0.47317047587835337
-0.5973479575205033	-0.18960990138208866	-1.5739778407069505	0.03218014370559463	-0.6106337542416058	-1.429712045348008	-0.20375077683384693	1.05326971655448	-1.9471118493127169	0.9613964351967621	0.29460781581896534	-1.5283251020410011	-1.0262060807693307	-0.6163305151609105
-1.2461935344156667	-0.6643994648601693	-1.2111918150406449	0.9942303068746806	-0.8541251950983412	-1.6739456399569834	-0.8553633142720708	-0.08362818768858296	-1.2561902374588443	1.6672409880197925	-0.22710973146874705	-1.2786468856088506	1.5167223802043535	-0.9175670282878902
-0.2991832935082752	-0.5064817983120957	0.12270980759534222	2.4716005769675675	-0.3595519013419738	0.6502963185226	-0.26387000520161896	-1.0539283224825582	-1.420381176634368	0.20338332274165372	-0.10166450834779217	2.036485397214416	2.620216166336022	-0.39816803808976525
-1.6271416185797585	-1.556275037169821	-1.2499006302045368	-1.2820358413778932	-0.3526339191133018	-0.07266919166485408	-0.7722084392721589	-0.5125631117880493	-0.092927328109657	-0.39654693065597707	1.492889515179331	1.5606582018812674	-0.2231629718059718	-1.2041045757357973
0.2961374178333004	-0.4371810111839237	-0.3277279763511023	-0.15782554436238794	0.16151435081161036	-0.10932292515783215	1.93138665273386	0.49871220518958337	0.37658320805266177	-0.12571294547080278	1.689457326102813	1.5740282814629827	1.5787271043108504	-1.0521537551598439
1.635095243874185	0.2678035404698569	0.32750515660350366	0.9965740058161672	1.7530782092673662	1.5526942262673153	0.659536749392842	-1.6847241469579486	-1.525082799084485	-0.9309744430426844	0.8147755635159113	0.47061585844715925	0.7637878637235691	1.125880455899912
1.0176907515127158	1.7671831824613888	1.5137975772783565	0.7132605822736156	0.935582734016045	0.45679013448441963	0.01930886107715222	1.0778516812768932	0.4186413357628384	-1.6498427297505591	-0.1467291541490368	-0.6429244286875063	1.480154585066561	0.8244412566819406
1.5412149339290835	1.1631520786085308	3.11829885582984	3.284208798961206	0.6750631081735807	-0.3876366977261041	1.1541103807785902	0.03854735394432154	1.635035907456703	-0.9146592413246591	0.03916254256652141	-1.303925851064187	2.788289366660039	0.5823657929099302
-1.13223266504589	0.29080552227558715	-1.657014301134868	-0.8328197411576775	-0.19915926561765696	-0.8130286070712311	-1.1682228750778922	1.2593068903176503	-2.0179673132197857	-0.9479175733890449	0.44266428963676696	-0.9410097697188397	-0.08542590783124118	-0.44769343034875475
-0.2428364701065147	-0.2917434221800452	0.19253256383290057	0.4383701122928819	-0.3966805612848396	-0.2390817479665066	0.21179486660873306	-0.13070641436108169	0.17935442910324906	-0.3636847718448979	-0.022160647956693393	0.6456414228064139	1.8195443909439866	-0.5772284517521935
-0.945713146640482	-0.7033050246380758	-0.40003481434791693	0.28668197770562376	-0.943285942148433	-0.12734368043745392	-1.2258557552719365	-0.818248502458778	-0.31460714159127867	0.4983916540742361	-1.2182167070468295	-0.19344068345576992	-0.005397832255240405	-0.2112763567117609
-1.156152099977397	-0.4681929672950258	-0.15868813545261118	-0.32872812770883686	-1.6822874221890558	-1.3895685063302894	-0.24692327867955377	0.8617154327346755	1.4598450327971009	0.6982636518004173	-1.1523732584562207	-0.7717044043535253	0.5559942767146543	-1.096421082278762
0.7876502613117002	0.4747967362952497	0.957783457064389	-0.16104250392905228	0.12158579403450404	-0.17417537006958245	0.5114190809358091	0.7476170114907861	0.43492473898221085	-0.8605186984860527	0.02125728532720806	-0.8573165250787634	-1.3981597460096509	0.30585847860270826
-0.3334834099987831	-0.8141702249098524	-0.8310010654239794	-0.21350912028837743	-0.6994017538492643	-1.2914654762768638	0.22024531243597453	-0.6280352708402946	-0.5783839117073445	-0.0427943059291879	-0.4231381097244579	-1.4828867304734714	0.6299681500619057	-0.5633426924180567
1.8885584067986312	0.4448533460073465	1.4813850051727742	1.794855878176798	1.8588502097172164	2.3121920569406993	0.022355326516220124	-1.681387388474387	-0.9292116017312271	0.04874855787613006	0.5674292410912813	0.9085752451794854	-1.282170288047037	1.710119836701386
-0.7494222267377131	-0.884857959271472	-1.3451692714247991	-1.2578959500405946	-0.970881856043148	0.16055867861839013	0.3186020390428926	0.8887007584701169	-1.1012143009050057	-0.30209801041172807	0.5841237828684784	2.1075053850500822	-1.479441491269376	-1.1221901160996668
-1.0288964548823711	-0.7338607347493507	-0.05142605814538559	-0.035920251182758434	-1.2700722364340802	-1.0450874848701681	-0.24926440402840547	0.18745098792637188	1.3962161819903316	0.916307154447758	-0.6884585281943078	-0.35866169554218214	0.6894143627815643	-0.9842142000614866
0.08655669826681009	-0.8124255898640398	0.6618258354626727	0.1742544833780978	-0.59978868791422	-0.10321404003070632	0.06112187604849099	-0.9879546176968996	1.0111973113234012	0.24473946867905338	-0.658586384917502	-0.30233738117940373	-0.7742846383648595	-0.06479589157292821
-0.9249941383836023	-0.8610252802495839	-0.6978058342095547	-0.16236904378780004	-0.6818271475466621	-0.6800677390072196	-1.1749309645366508	-0.46651053282082905	-0.9383428157135587	0.22574972877837754	-0.2330373660865458	-0.6818377175831929	-1.0753076140482325	-0.36605743774743993
1.490965768059723	0.108455977217918	1.8388276127684686	0.6914439447137124	0.8038971972994453	1.6465226135284226	0.9275226556589864	-1.3789219163076065	1.5404976302008244	-0.7431526205499825	-0.21975473475795054	0.89398010420489	0.12105470285612498	0.9115981864312569
1.1595027183882896	1.4075756878352195	1.2937291049111663	1.733861676869313	1.616224257299128	0.8540769390179377	0.2235157475587342	0.5715012282938396	0.44186136024818723	0.6543691329602356	0.9433087870969923	-0.3370314754423768	0.7639823659199447	0.9118784776749268
-0.406836170505501	1.1245601897153668	2.2202711545962988	3.0342669955436063	1.175367101328316	0.5615551521185174	-1.7455286206394953	0.4639385582055157	1.4237180885057417	1.403762930139241	1.0060968156694923	0.44782626619214067	2.1879621540496643	0.4086046239821243
2.080954055417266	1.7732226671454938	2.1510802931143695	1.5577924063463062	1.4116994343680638	1.2396402978155068	0.9475450551754805	0.32826864593712324	0.9496680311126326	-0.6178433783759492	-0.21758982195169693	-0.3927167512246171	1.0244902042153394	1.371363438740152
-0.45445789815828885	0.046073153584514026	-0.1616899509289754	-0.046252664239864474	-0.8825719748918313	0.29131980138085023	-0.28543354785837416	0.5343640514660297	0.2610617631722785	0.02764698410070273	-1.0115038266338012	0.7349747625501911	0.32367262744030173	-0.33927980278316416
-0.8050373798644236	-1.4005127229175174	-1.3639391926775941	0.8542873939187681	-1.031901227042917	-0.6623254014821983	-0.3040530593794969	-1.3171513543925693	-1.1765836432235774	2.077827601071915	-0.6994185620675393	-0.2631436501709365	0.3943377186852342	-0.6890894540190227
0.033595150912155564	0.6875808367944	0.014145788426812286	-0.10952098111379217	-0.3367680327335503	-1.0229198452622965	0.19544668936391046	1.701349084843851	0.17360279451921073	-0.02783951483101806	-0.025353180059074186	-1.6390333985506453	-0.7108111451155305	-0.1910663850888045
0.9927633902947067	0.36429044569063007	1.2231788796362912	0.20266272955446873	1.0196914384648312	0.387103604723386	-0.15541604137015863	-0.3302816229670682	-0.3492431331746452	-1.212350921487303	0.5461109080304863	-0.8158812240068501	-1.6450703252693224	0.8914734845247355
0.5158243579966881	0.778793447259331	1.6631668918338143	2.131229575875584	0.7886518439032321	0.3222247607373905	0.8385749161630457	0.9528396938800493	1.65135144609679	1.1726358321721408	1.3840936752202075	1.0633364656847146	2.1050956252579454	-0.21392949412028767
0.2664319683556459	-0.7131584898362551	1.0771658529795918	0.13008929167076344	0.485395893644333	0.5488937954199017	-0.0004954793583688721	-1.5528974585500122	1.384550225593932	-0.48327473842393864	0.4445875379404836	0.17843852029331825	-0.12392199965011899	0.24336438522377596
2.372286905938719	0.6569136545997207	2.249393786345234	2.2749704352876914	1.0275895084821618	1.6497194963619075	0.6966735477796658	-1.5173761274509667	0.29806679990122104	0.687501483583578	-0.9812811175646433	-0.3825662980402503	-1.163151188759158	1.7999695688221324
0.8391239402433183	-0.4179367189760534	0.24044771452115749	-0.29450182104055017	-0.906925983595458	0.36604203222990545	1.8982098346812335	-0.19897139190712276	0.9324957650193281	-0.32890840068760885	-1.0138670300399169	0.8152020208967609	0.11591576873464104	-0.3217370375787079
1.5019276386612725	1.2300536743174746	0.7490125634793888	0.697891346295227	2.2752103494333866	0.857431249100914	0.13921595693890235	-0.44899578462410356	-1.3253929872559025	-2.0337922375949877	1.3798215184374842	-0.798238721185313	1.1884664506749525	1.2617578549569464
0.06089425203772614	-1.505682671775671	-0.5391338398967558	-0.8006878633096854	-1.160143016839409	0.11736939661790857	1.6905704372527215	-0.9362338263663541	0.7495637678305505	-0.11633028139975124	-0.358148536734795	1.5682810201579098	0.34077884310223694	-1.012098144576306
0.8785306854548564	-0.20633792047528102	-1.3949669858202656	0.18787321376618793	-1.0142155705743048	0.24757261462699293	2.25910208716511	0.39939936174503105	-1.5072782007663377	0.6302438602559145	-0.9311558897319756	1.1147249119735703	0.6639736588881995	-0.5787722692999395
0.8075529248143739	1.821798727807786	2.0901076831603373	2.1057790653861908	0.8492513592026566	1.652520205377302	-1.4297326224287907	0.6488277632938897	0.7319500250309109	0.7300820599170251	-0.9876091363806837	-0.11644322521812321	-0.658524057390131	1.5642068813094785
0.03251729529234859	0.12671376727161537	0.44451937262318425	1.0916719691392192	0.04870292645968566	0.22516943713588655	-0.8258507882799795	-0.6934301482299308	-0.08184559001184492	0.5449145598512634	-0.8189300907861435	-0.6868067060961349	0.43462147062232787	0.45584756208510824
0.5585568583919244	0.5107346328309378	0.011777911241336092	1.705965195609375	0.5690777675886828	0.7185633510777261	-0.0990952484200337	-0.08751133566589674	-0.9729511077852794	1.5680207490662266	0.009569947680048648	-0.11830166456711487	-0.14151048971169525	0.5915435321728149
-1.3687938726116522	-1.102915782980883	-1.23889393611916	0.5496968490252887	-1.1578434397950752	-1.5350016071902686	-0.5019745311581496	-0.12161768643195839	-0.28495143993975314	2.178858550444706	-0.19080564609751946	-0.8383591348193694	0.7451744171645965	-1.1789800545546274
1.9076166140230584	1.862064172801876	0.5156243000110861	2.1231816362115	0.5912067274523228	0.45238243393091154	1.8834138753495597	1.5202810426320914	-1.3317188185890731	0.2824217369194788	-0.26198816800810765	-0.06218611120752976	1.9400695190543904	0.5618816434117432
0.15802070635418186	-0.3048580211350931	-0.4053227564064051	-0.2113038822198271	0.3854227364965611	0.4516690599410552	-0.37312796382980806	-1.131074316787442	-1.3054472311319596	-1.3085528396583408	0.01939314236472621	-0.21025320618698076	-0.02037973315358217	0.3778625155680885
-0.40838701016800455	-2.20070173969429	-0.638834821902927	-1.0192289124515006	-1.202373896337449	-1.0279822290557863	0.5782933565846513	-2.3775063399238374	0.2089696859201768	-0.7420905768911618	-0.7136326060524717	-0.7718080790673235	-0.04763720785276518	-0.7646704941694346
0.5058232625328354	1.4929130049346853	1.3596694503894162	1.6869301612534153	1.1503244210442727	1.2136713701897501	-1.3803522550358442	0.15851276134212072	-0.07170309645991262	-0.10481225655337637	-0.3558887557917111	-0.13896064214640533	1.023860478257097	1.1930332524779934
0.09630116733339134	-1.0711374433741967	-0.5344707416392391	-0.9240547476897458	-1.2164927270450148	-1.2341728751932355	1.6188440587616497	0.2280786314145582	0.4745425590546347	0.021196949670158057	-0.06419118969090096	-0.5560553821086361	-0.981196045685566	-1.0117454130858183
-0.4706394494571522	0.5587655220437386	-1.1520031234744064	0.8385538816266802	-1.8137192618535538	-1.6103587642294723	0.16810829562125573	1.8798054872980023	-0.9261011224511072	2.008134063165969	-2.0740975510430917	-2.010159946241574	0.16254392633025086	-0.6016265556011129
2.486927057104882	2.0496333846223402	3.0194014979046084	3.0465590207869413	3.3287865158778427	1.6390063374293562	0.3156993560214944	-0.4363960350218576	1.261168776281552	0.8575466675835752	1.6996523057153463	-1.284384951326116	0.42160272644339186	2.2271504603467767
0.7849233442949644	0.8065092987017382	1.1448057558863156	1.4296237914680008	1.4987848611778158	1.1984900960904812	-0.3066739743081204	-0.41748749278315145	0.04100144105949709	-0.12768998414110605	0.8371784877215264	0.5488935476223793	1.2523400058450573	0.8065337932026175
0.5078723373970379	0.9697291877725305	1.0335607909312614	0.9466805818810315	0.06181864445135091	0.4912574289873085	-0.29811802546037736	1.2503276431515045	0.18179060269869557	0.6522053921066162	-0.41320562903204977	-0.07060786923844764	-1.4428765110402877	0.5081079040896853
3.1892495760893773	3.626024670645796	1.856046828187364	2.6745150110667657	2.107575692191607	2.55548353411991	1.6443359705087046	2.3301852337505924	-0.5391544884715264	0.33962843073810006	-0.18934069950100407	0.465722703667149	0.5901662596218629	2.109880278471068
1.0300933258445144	0.8815189882336626	1.1851272231256278	1.1618300014321155	1.2772543736028479	0.8108787896752474	0.5764883531639695	0.08748691497611086	0.17455854853707536	-0.7450620130513699	0.993641187427503	0.5976265236586019	1.727528522592014	0.4835211347295931
-0.3263120684201434	0.8368801921508009	0.5947614773770258	-0.09724329694611647	0.9766976930441615	-0.04500443691658201	-0.2702754978730398	1.8197493659551007	1.3172906197114513	-0.07929314974833993	2.052018009041806	-0.053697245170020155	-0.23944754030429596	-0.2070799193614004
0.5910841331757738	1.1287242189690796	1.7284559112386628	1.5300890995041598	0.011629995401918447	0.6605014381365388	-1.0558758239882733	0.7177644361349823	0.2513105924678674	0.7710919825799344	-1.3639086420054123	-0.5862399037364463	-1.6559267131211257	1.0292508999123153
0.05272858541830616	-0.8363603088153908	-0.614461085392398	-0.2508076506673338	-1.334735728917766	0.4407923875712017	0.44332912242849537	-0.27881340030326707	-1.0321564170701738	0.14761269985084524	-1.2483166241669383	1.3264400735960458	-1.402504971719045	-0.3885712742896216
0.2139983496013843	0.0023562485118805987	0.6558608503401122	0.3046593490179079	-0.48144144277136547	-0.39216623468979805	-0.145306477482281	-0.5276134574460295	0.6447899769229314	-0.40294358339616704	-1.3277816622529897	-1.3196863716762974	0.4823165039012212	0.22246102219925407
2.193261859550222	2.8442520720155757	3.5791357695411756	4.724459057260591	2.264476918830185	0.9840681622750325	-0.2649819740153928	0.5050281487359849	0.9968084572758729	1.69871526714008	-0.0664024930154047	-1.7488643065416907	2.064952894501408	2.128244603873703
-2.133502003989343	-1.4137632360968586	-2.083527454354754	-1.238094597243249	-2.0626676757450446	-0.6171519870957359	-0.7590618455136227	0.39438891359987155	-0.6435131054211843	0.27361896746621794	-0.6740054901508894	1.658504830222032	0.6220039580246923	-1.7747973758617202
0.9202459091529431	0.6278756309710275	-0.04443975455485005	0.8128834253355093	0.3048185820220361	1.3006615080903892	0.05324805760650495	0.11808027538100474	-1.644829432585128	-0.024411657706106198	-0.46952326066070443	0.7273043504508756	-0.9755176028326502	0.7521309863089547
-0.9359532570214867	-1.995402860813447	-0.5750029873414049	-1.447411794568988	-0.5340208673508289	0.08448463869931744	0.0019016790023220064	-1.6285351285824594	0.6527164256302398	-1.0555964906633915	0.806566533600532	1.4411665742390278	-0.21291283108253356	-0.9756992174474647
1.9327891820331706	2.2032075283613035	2.025326689911725	1.8123050722045704	2.9513546857644286	2.714433053338417	-0.26405037354862076	0.5634548933628878	-0.08086581881255919	-0.4767292453920851	1.7962729570663079	0.9351560191398403	-0.6373468882792294	1.992603969999417
0.1851809386730741	0.2941619883447404	0.8211168982019594	0.7290083767485256	-0.03582544866992665	-0.8790389221215469	-0.30912648088407796	-0.20229223056092063	0.7236188215579892	0.035895032917025546	-0.7218872708228732	-2.1075565010842556	0.8271718094967323	0.25010296478194627
0.35826150694563663	0.2718850555351809	-0.8376468285402697	-1.3473403481433	0.18972245116018133	-1.2129694909575761	1.3134476186094122	1.153211707459369	-0.6205950029173154	-1.9012781811555117	1.0185586405821954	-1.5198562299035885	0.34585490357199244	-0.48921294965483897
0.04705231141091071	0.501405209258803	-0.19638219397381418	-0.6893909887262291	-0.21658772450102654	-0.30041655699171466	0.5440453802289805	1.3003460446015744	0.1612219246277999	-1.0186772849765104	0.1037170915372058	-0.3424928844478733	0.07758392104675041	-0.2943192017114918
0.4000364334669609	0.4098591755079773	0.16856840477784696	1.444355644085323	0.3646496968242189	-0.041616017614235584	0.135369799671852	1.042414645387236	-0.8671113338196794	2.1432244911719986	0.736739291998788	-0.23372444177033846	-1.684519188281507	0.12131422593193704
2.589919892279041	1.5741967817405185	3.344007663366397	2.382322670321303	2.333033242350836	2.8440034307824447	-0.1678955142410082	-1.2894576515883138	0.9796257541724976	-0.40147535654910604	-0.07972571170797174	0.3127368974669941	-1.0138705991091035	2.5506454925153275
-2.3648645702926037	-3.5168868840847396	-2.70898787258864	-2.475149954368743	-2.611440040390556	-2.9133881967201574	0.1009858380972815	-1.339405177297314	-0.5018609436164233	-0.025756110984103037	0.13865821087040833	-0.8354594761652692	-0.8329900061282629	-2.5466457764806987
0.7715198901827924	0.5884599437113232	-0.8030516254708486	-0.6792222764584834	-0.8372051841046245	0.07644651923132974	1.369443770545106	1.063225014040749	-1.2302613186819613	-1.3841270946967958	-1.312850396657647	-0.09422145382613024	0.08418615672723002	-0.06631229605857225
0.8210916145480185	1.0154704846204852	0.8484778783058609	1.1966498241265997	-0.11839493392839273	1.4212837949865358	-0.6006435978582579	-0.3765122747164527	-0.6499860312669884	-0.6389518070201478	-2.2156761650293775	0.44403577774806224	0.9852403920516974	1.0443297710400175
-0.925643922016075	-1.4293867249946564	-2.944422675003474	-1.5596495507530572	-2.2246480370163604	-1.1178772654810945	0.8734005787889146	0.4467158191260206	-2.479067012735444	-0.1701018066417165	-0.8977131642608319	0.47702073729217837	-0.7050596439763073	-1.5564042876750073
0.8022233743972045	0.7369595520513152	-0.041244835043189876	-0.6331456841897162	0.7872017285479379	-0.2731502884125563	0.6210021004307816	1.1075984066606435	-0.9196596314878828	-1.6452282475184503	1.1283961543152088	-1.09230572549757	-1.0622906832510566	0.28485864470514044
0.968873334857475	0.819177719309958	2.4525866877352485	1.643549155258399	1.3505766609348022	1.349118003133567	-0.6751500783337724	-0.9303316256615995	1.844605455204019	0.10342345076562796	-0.044247299613649795	-0.3085960746695797	0.19630014894702896	1.3381166649175118
1.10097315248591	0.4239735005471629	0.4113798377476008	1.2646273113764792	0.7238392270195957	1.0237143468944172	-0.3190126403647811	-1.0591738729657325	-1.4442527178787405	-0.050136715875496334	-0.5749249952198432	-0.5427509503029292	-0.6585629981754176	1.191190423961686
-1.72192385393467	-2.4300067684461446	-0.891446358775144	-1.943550286633441	-0.6080307507997694	-1.6058288784522612	-0.8813060840484546	-1.3814669501480228	0.2621733167546687	-1.0794305594287412	1.5581024513353476	-0.5293530474728182	-1.2354772391612998	-1.3540311505250708
0.5891077023827609	0.9289747420534543	1.5977442351282127	0.5825779318274091	-0.18797156316071645	0.6539685951822558	1.466733579650479	2.02574677844856	3.1987225102994277	1.1058694899783124	0.16481166803147718	1.3179957219779526	0.22628432667969114	-0.33173019035162005
0.8926466394321442	1.2900335058365073	1.142433215797976	1.986913032611914	0.8187709303604922	2.1470107182048332	-0.25491021441769657	0.402426038121872	0.20623406820405227	1.2246294640449265	-0.3826724353663398	1.5639009057522448	0.18286523438638524	1.012004836086107
-0.5252054698736679	-0.721331360983055	0.3198832892786957	1.9665500118351422	-0.018323180960979076	1.012687898846818	-0.733143775966368	-1.2214810117914165	0.3673338446870999	2.440899872995006	0.06992792477716807	2.032680756573505	1.3304388489667396	-0.2545305237015529
-0.11257567290887603	-0.38459856967274636	-1.3229012701429081	1.5440729608765085	-0.6756735852288457	-0.3774359647913629	-0.28331350375613296	-0.7506106577939324	-2.242210690240581	2.111772102205386	-1.2339656167946467	-0.949489047922983	0.3175538572917008	0.002257053545272872
0.7786952725311342	1.059665826627299	0.9195982764880553	1.1667269958180768	0.22211629899348528	1.3865076471071356	-0.5481467319229887	-0.1290359971131238	-0.2862213754200686	-0.37113078802209576	-1.510306757608979	0.3646889411841646	0.6456653157914263	1.007954361736888
0.4462618097226808	-0.013195815883136841	0.22710838875189843	0.8817937773105646	0.15703579379780633	0.37412141242072106	-0.15605025298979575	-0.5303005542988352	-0.498728861495363	0.5682867108944922	-0.2625487217788452	-0.36872113858855615	-0.6648201340828377	0.43794854351273177
1.2696798980335582	0.037467889504871066	1.4391666082509649	1.731725630762419	0.2948036790590661	-0.02853804243775455	1.6910699258801711	0.6108972633709308	1.1625093640490534	2.760740284291529	0.7361859931809679	-0.02415182213231369	-1.867204531023059	0.04437043768692442
0.7833966473514684	1.7227474415440616	-0.5685197316283537	2.334587567419235	0.9503249836287475	0.7066095098405051	-0.5077801820037391	1.0491159751379475	-2.7078312850329502	1.7245478145907793	-0.23743003569159368	-0.8857371092589885	0.24601985382590136	1.0440738856961127
-2.667095151472311	-2.4415056788247513	-1.2429503362498453	-1.535511516339543	-3.4625506513661444	-2.294908060692026	-0.9802022622801823	-0.038382593932723724	1.289629807665628	1.0150341144812403	-1.7934143683107038	-0.30764036217796975	-1.0029103459885675	-2.2178940532674036
0.7290769617249359	1.4150207817741098	0.5256385087606906	0.44650026320529723	1.0686585461991924	0.8788644620989174	-0.3355476837941057	1.2374273016709492	-0.6716237548349498	-0.7819611465009465	0.6385108550159115	-0.14866581317849964	-0.7370294274796378	0.8199702862674679
0.37632615300329586	0.44855303799446233	-0.16972425587994733	-0.5956012505693171	-0.11134121046475742	1.0164520597056814	0.1558915516788748	0.8878160506509235	-0.90738266077789	-1.3289671401017338	-0.11404207180225909	1.3166301206252151	-1.0950578876374335	0.134874985131395
-0.38294434442201786	-0.9934714676935077	-0.10090568144565032	0.20689662361750127	-1.3600801627710974	0.39146658903439385	0.286080171311412	-0.4602234768406354	0.8128153301735583	1.17840502609284	-1.0760971579363707	1.3987340364956409	-0.44536369202371284	-0.6282646431843838
-0.7946851079254512	-0.181973267019574	0.7656660778641402	-0.5301071762473556	0.15535281500789	0.25850701663999054	-0.7700082571791358	0.43934475918876414	1.8880992824690601	-0.4879223139525251	1.0000435853263934	0.7547497923234053	-0.3012073106117311	-0.38533866041048626
-0.6635194785276433	-0.6071846851516715	0.8155548087668569	-1.0282102923875	-0.8533889864759499	-0.3404487735612024	-0.4334610405387758	-0.07375690909691379	2.088932501028605	-1.1363094620449252	-0.4886506191180411	-0.07663175405757292	-0.4357506287553784	-0.47578041394244747
0.6533228055446537	0.4920002825872307	0.9861817944096716	0.629366071182409	-0.12756872796958874	1.327621724112571	0.14746520320724027	-0.1547166083845001	0.7521669903999052	-0.3122166483285245	-1.1797988906567807	1.1200644003280524	0.5160238184896369	0.48162548392000337
0.04926808738549382	1.1096726153091054	1.2755977728002117	0.5888708494777071	1.0218781598653794	1.5409746736477405	-1.3624880942869726	0.26566609400506264	0.4570300496454511	-1.3176239254315825	0.21102111292951062	1.2708141850955714	1.2110090861123837	0.7080711416835911
0.68007770000368	0.0635555873503611	0.3688998809275605	0.13621499760138855	0.9686177457593617	1.696707405077331	-0.09056420305523366	-0.7624727590685824	-0.5721597264267332	-1.0240227142121734	0.7342896973243177	1.4846140236600982	-0.598081221932353	0.640655487177981
0.08569025799023122	1.1841666289340451	1.7038758403767895	0.4563534129037756	1.2024850336748973	-0.4759454030480227	-0.9443967307470593	0.8863032198596368	1.7602733024395112	-0.6601484048479214	0.9168346563908562	-2.2058089468908406	0.023937179067616787	0.6475972612047397
0.6449276342999967	-0.28338979109185014	1.385548499943773	0.016967299918269063	1.509221206811486	0.9286750035121837	-0.505589505364378	-2.0322648269439427	0.7386395819139292	-1.8651616980562244	0.9554185119861234	-0.35566858862808726	-0.03101622254362484	0.9421723495832404
-2.2675336324500472	-1.3751806580942962	-0.47486865696020475	-1.4125541733236204	-0.5208341424816926	-2.21833836187557	-1.5550106503098025	-0.26992233584499215	0.9549242491920573	-1.3710529711304158	1.3334352993869423	-1.1735847134704624	1.5377958616988745	-1.520786428927076
-0.24841480509118652	-0.5742868900311848	0.24352073424344717	0.9847959888406819	-1.170240936232999	0.4115820398343148	0.18334045839977436	-0.3767144237977106	1.062476804831845	1.8649104329425727	-1.3675324895282976	1.071508172575081	0.3534925411984314	-0.4189567439922447
1.4432883890312787	-0.36183906192234416	0.6702165951343868	0.15211896388268298	0.140136838825426	1.588201132414135	1.274912284709497	-1.5404095182392814	0.044425361891974234	-1.0316105640031337	-0.7054269389831456	1.2889262941270507	-0.3097985211704751	0.6243663532553196
-0.6558509705559915	0.20004440893020875	-0.8244496324919737	-1.1801046331436535	0.3115194013712293	-1.003358393403722	-0.39560025546650074	0.9862715016947237	-0.6419371294936436	-1.7241915496342672	1.1844558746120069	-1.089149943548781	0.6102528296878987	-0.5137690580242051
1.7875869990075222	6.112286720949545e-05	1.2443069051393927	1.1034345458955155	1.1707146900208791	1.6713115409945616	1.2612621220089646	-1.6401323625200217	0.38878500483933986	-0.13681913832371537	0.3108608366117729	0.7743306147368493	-0.12006193987603483	1.0081529283544295
-0.9135851249604403	-2.336084413269709	-1.3314094247188886	-1.3624877379724085	-2.1880809658012748	-1.1950228953571018	0.24694176509506607	-1.564174281280017	-0.5470863048409513	-0.3955134100205807	-1.3689281033073533	-0.17533854022139164	-0.9906746839726317	-1.1994449077071725
0.7698943756392296	0.1380227429241901	0.8098176912679614	0.42373982874880317	0.5578194489801535	0.48846100636826006	0.21166894697135244	-0.09177868437915923	-0.06861102695815434	-0.159779523548618	0.4748024778665144	-0.030936621253127992	-1.381348391302324	0.4693596318121504
0.1269190922350053	-1.0676499662913947	-1.1785575661942786	0.3639616116914832	-1.6694321907392762	-0.6297372863014081	1.598625444364289	-0.4532866612313553	-0.5728021246317393	1.4835114353295429	-1.4350093308828729	0.2728422432220452	0.732397053954505	-0.9421573803434826
-0.001576011886602502	-0.6382754674797931	-0.9734197168693637	-1.007488633676055	-1.0319700467937585	-0.9448341422056199	0.7739200164810793	0.2493097440466217	-0.9215601869337301	-0.810525257823993	-0.45162795668402805	-0.7718441484998481	-0.9446067097979306	-0.59893997194818
-0.17125549602627377	-0.022664530855480952	0.8441741892104219	0.058872536360063676	-0.5565735256599005	0.6718824472195102	-0.86686307821403	-0.3988376359982045	0.8847902575338882	-0.6151335411489011	-1.2911836931258853	0.3275684175994486	-0.35633516787134	0.2879050843177097
1.4359782628496929	-0.15638095541520114	1.4263283559714433	1.4596203370777665	0.1003481988827527	1.2104697871932095	0.803537230456968	-1.2270216701133743	0.620311771029694	0.984418366563805	-0.8722739881020657	0.5325314800990791	-1.1191189682985059	0.8036558403125246
-2.011048155375161	-1.7372044063087875	-0.07753923687716502	-1.703460864675509	-2.238528109984172	-2.288197823172398	-0.45797152556073745	-0.08876050843586253	2.7053983330142866	-0.5559359906664955	-0.8844881756971296	-0.9099734273446967	0.9072460224577591	-1.8653973057388218
1.3947459309312857	0.4446487242241249	0.6599652488364071	1.5853028538006915	0.6804208378979928	0.107212208269993	0.5874749116268616	-0.54100973135209	-0.6495608781307884	0.9463025938729411	-0.17415286600012095	-1.6009051028323575	-0.785393349678419	0.9263332329710627
-1.6549146321500847	-0.04192619534143793	-0.2156826571003387	-1.2660997500800248	-0.13146581209244668	-0.6790327175983519	-2.2262602654656796	1.3324237373190237	-0.40071278708268854	-1.3192566852284364	0.9689742944870422	-0.25303784237984306	-1.640240001591091	-0.513332437414634
-0.1985713601347623	-0.5685301417762536	-0.6054049469025689	-0.7686348801533306	-1.167080097827809	-0.305450136994141	1.2430809916010135	0.6264010471859575	0.5722239662442666	-0.040524000242225994	-0.3711815933453339	0.7390648938916126	0.02234194532752151	-0.9488391591533324
-0.5855486393122751	0.06504008432686714	1.3229130995273712	-0.5344837647679646	0.31429769088151605	0.35080963576798146	-1.3461389031171975	-0.0023643745510978447	1.8925025015126544	-1.361107043637867	0.4088523460595462	0.02866314493986639	-0.42453471963537653	0.15136565298460117
-0.17676627600443517	-0.13451670026017026	0.237993797077225	1.6583801848768365	-2.339783574493582	-0.28596716484372564	1.5642919363280674	1.1437046032921787	0.06785417013886871	-0.4726171855293751	-1.7030280193986047	2.1435115734253363	2.8108664578782796	-1.3829127538111334
-1.2229241127617287	-1.6255803308675705	-0.8447963361085716	-0.4365845978176681	-1.3797928884935542	-1.6695332052259757	-0.4070339905057494	-0.2512858188144978	-0.26201988952180755	1.1440071177558635	-0.023743043987465046	-0.8481385381791031	-1.5460015117093446	-1.1656085372370029
1.9923376125052115	1.5632037477443586	1.7408863635423333	1.9934269572830212	2.339067318733357	1.35117588455372	0.6654423818173136	-0.06275985100226825	0.3041140995571019	0.3036657168171341	1.2319242961523387	-0.6321616766619799	0.3056003412766285	1.5397395900903939
-0.5552328630031598	-0.570473917362441	-1.4768573790356687	-2.0281490719869697	-0.4798159029045984	0.3565753822582543	0.19562722775077504	0.17794952998754957	-1.336607772284242	-2.5848648099371916	0.32904613359482515	1.3858476703154023	-0.011619583723332851	-0.6749197186103042
-0.683246656871541	0.4738302979734079	-0.889094795515341	-0.7452581777918018	-1.6263746470038964	-0.14859155494471676	0.19336772894545792	1.8615341097253872	-0.9042360033986002	-1.614560484402088	-1.356706309275236	1.510622437002978	1.816314883273838	-1.006353144516592
-0.4413531732846987	-0.13451758927752877	1.553430248707052	-1.2680023617695704	-1.5598869605511456	-0.5582916393099207	-0.5234918788790514	1.052580437886054	1.7444736753086363	-1.5691417092223732	-1.721259016461659	-0.18420684846355384	-2.0717813821659017	-0.35170957557598076
-1.0966023712225208	-0.15769617066257835	-0.5653534676830758	-0.5452203369470885	-0.11375094284835752	-2.493013254699608	-0.08796022287616952	1.3362282697897483	0.5677930976384783	-0.03127815359779319	1.5028940523533914	-2.2644690155982947	1.219040354466509	-1.203241203429729
-0.14990917575664287	-0.5681389712167104	-1.1854342399752456	-0.5063679717267376	-0.8633184384305339	-1.1639349451254581	1.3572980912947272	0.6057447840682687	-0.3512396808907411	0.2755493735115936	0.1312725130317015	-0.41668473917848825	0.6856799695291687	-1.0687218355635053
-1.3454792069732984	-0.9656231078771564	-1.2403627654679257	-2.3414568971421486	-1.8837583535389268	-1.8929490419767654	0.7859172354145236	1.8019754030111756	0.9874734414059385	-0.8815763630563221	0.2568915998574146	-0.22544143520494264	-0.6488287935379512	-1.9170425909762714
-1.6349159670184283	-2.449293831529888	-1.6671784134913508	-1.333020308711104	-2.3730740549075144	-2.617160593774359	0.6896663746369532	-0.13083100163795042	0.5599336635105628	1.2850468145823621	-0.04864472860259463	-0.9208622053611453	-0.9450893033813331	-2.181777369870851
-0.4775036777049915	-0.39631267128904385	0.6424881519657648	-0.27172232405277263	-0.4436138959491147	-1.0756617312827528	-0.40115049550852666	0.78875955294833	0.43767659423725935	0.27046399449484837	0.3228793085920329	-0.8730927619675027	-2.048970967352758	-0.4597742095874902
-0.6887664036315939	0.8325272032351537	-0.029216751885387415	1.6794261794351746	0.5527898726350349	0.9600141655454666	-2.442651347343252	0.0751169322244805	-1.2840971043818823	1.1284846677461715	-0.3884841759681617	0.09673106121755787	0.3624415243746067	0.7149687390255441
-0.3454767057463102	-0.1641653782994409	-0.2851574855804301	-0.7399675236176346	-1.2446293130330686	-0.6055858398246993	0.8342475436552588	1.0907145466313637	0.9676814389569233	-0.2816190376592645	-0.6971381156432817	0.2898115685113521	0.6189066298335604	-0.9423754322449712
1.4631235977366621	0.12776419940406952	1.5604710539481772	1.528419850599192	0.7750807170259684	0.1114337150693907	0.7138750224721503	-0.7961649145609032	0.5834600728028557	1.011751354619578	0.16818937106505502	-1.3459945727481784	-1.3096019757475015	0.8673835432901118
0.28583179215949095	1.3858266062654812	1.2178361651362941	1.0358375654432903	0.3003408513761092	0.6479345190819548	-0.8959983400149112	0.762783103224514	0.2970590645343662	-0.7040259697750696	-0.9086037001026327	-0.05804907227648142	1.3984541782553568	0.6484659086797013
0.24833387604789137	-0.6687953247534459	1.4079044829845333	0.10177654676500753	0.6450285999022016	-0.9657058373125734	0.8608496071974742	-0.12474469115571142	2.711849066391268	0.7124661193594829	2.018408811395023	-1.1306053335936144	-0.9572981047297626	-0.4024888891140665
-0.01761775525021353	0.5953439397145736	0.31596155675317006	0.10766823968186712	0.038026583755323834	0.14306206706315494	-0.5547679077861837	0.7320464980369589	0.05852888348398958	-0.44146450461074477	-0.2013359373456344	-0.4689863739212885	-0.43468761030190745	0.24305356295277972
-2.0075198294322725	-3.9518776453296667	-1.4629073069584977	-1.2775821488936798	-1.622444617766384	-2.1930283971406443	0.06182534003853266	-2.701430160589256	0.9418677460178536	1.3339911520260246	1.1504291026342723	-0.27151022177320966	-0.8285172080310127	-2.1653161073699105
0.10689764199545607	-0.08835982969254108	-0.837482061795062	-0.27406718855612194	-0.28953989411041425	0.6839425633539062	-0.14671710256490214	-0.0895464677901243	-1.6941643355872769	-0.7894458036504894	-0.43965886048215563	0.7158405211149066	-0.6481473959726829	0.09499753017607007
1.6553532142534317	2.2416427007052877	1.112066103106926	2.881760163936623	2.7288056373871457	2.251512460157352	-0.6088770791261461	0.3341347442135588	-1.465340141559139	1.01290735328201	1.1539247261019034	0.2362796566230181	0.5232737905440149	1.9365070960683493
-0.12918508895594016	0.3189481045817195	1.1278594602573366	1.3731722062051133	0.42141653540715274	1.6320526615687894	-1.586733478076503	-0.33904850171560635	0.4629909936849797	0.9875255591074346	-0.2039915138896988	1.344188506516084	-0.8742046034620637	0.6972181263034961
-0.2266101244182117	-1.2750960668980782	0.5436898995100373	0.27459655278936335	-0.3827685118011568	-0.43387120802514667	-0.46367101123199744	-2.2995259840433726	0.7577941531273233	-0.24380971843407187	-0.7715409755257909	-0.7959321292498005	0.91469195860119	-0.07831886819229289
0.38268569311516454	0.08142045249125829	1.4990898845253429	0.8776647585140843	-0.12922120014994565	0.48563657346098077	-0.2623854075464694	-1.0063746505845141	0.9355146498920375	-0.9827133071377867	-1.1099300040415558	0.29677010564180323	1.729910264507443	0.33926318994047816
0.32335788076812816	-1.1862030383936402	-0.3694480993763418	-0.1295368147535983	-0.46418241396992566	0.3896430925822849	0.520526547658685	-1.885281498494848	-0.591137874964574	-0.46215477383528725	-0.6821951866586543	0.3554299600522767	-0.17182127422080795	-0.02066988445256979
0.7736788523587252	1.1345407591491425	1.0279358526318678	-0.4113989966319177	0.5971690747620131	0.15494175723622078	0.5276607278702623	1.398139022831438	1.008345250782381	-1.5399467972732388	0.49778603099613494	-0.6830565884408275	-0.4414652322634105	0.3839503919029619
0.5615925892842255	-0.08594252758946747	0.3172429375440526	0.18260311963592968	0.26945533911550723	-1.133349379563187	0.3799401056696697	-0.22176830246622659	-0.05508075038445033	-0.19599414680264346	0.3399954918919437	-2.4689717706784915	-0.8288584083423904	0.21289013555874658
0.5981725165263232	0.09499373071205591	1.4128569653169172	-0.03935386166349841	0.09803807283777091	0.7290299761699163	0.11180404578503643	-0.19972197210383136	1.4023057467634672	-0.8643291720331693	-0.23689600612706338	0.34799891620802026	-0.9259147998468952	0.4000098739437338
-2.2107956540101226	-1.8094621447596397	-2.087676615390984	-1.1776954860987858	-1.3349053269979418	-1.310994517182232	-1.2839060206901398	-0.5977943340299919	-1.070377077034987	0.12170506821137918	0.1931327191746912	-0.10890225610183224	-0.02599988199453376	-1.4455855679427378
-1.2373364144372425	-0.3432630742421763	-0.7062814393153575	-0.800542173468749	-0.12792345003518119	-0.3053115123629238	-1.2474776740277234	0.3756365307643843	-0.31366825252723035	-0.7266333220109847	0.7340291018094509	0.04311647623387806	-0.20909979869475165	-0.5268250329618565
0.5414506550258369	-0.19422497875941663	0.04456150746762344	-0.9263498945413162	0.7720166326938362	0.6741520734582848	0.36747681587998543	-0.6519152841550485	-0.4018277808790899	-2.2220344613737995	0.9564497064456997	0.3693873267552699	-0.33286848980335687	0.26349788969428384
-0.9953586509870445	-0.5560492782847731	-1.1336682202710433	-1.149610687565852	-1.3974735099310143	-1.7864459141416607	0.6854649420716215	1.3580946480965352	0.4622508289658858	-0.07681109930393644	-0.023879455170433512	-0.7018712339268912	0.7223437596619181	-1.5153748190750778
-0.07906102575669104	-0.29588112606473177	-0.01203511905556004	1.1509847506089548	-0.512940232142032	0.1513584336290114	-0.22799369091250474	0.045004883017430775	-0.296826109044884	1.9694875853732126	-0.3941859051474565	0.27115860499692684	-1.14156115062242	-0.09457182575070626
1.1282373732460629	-0.41650344232802405	0.9884319724482573	1.1255561938563328	-0.8950898125008853	-0.9287443307287742	1.4821264128443474	-0.6697039967862296	1.256020631559977	1.497506216011424	-1.4878627687156687	-2.0144619288774983	-0.7237251279771888	0.13006398133915148
-0.7212323632643756	-0.43973816277661865	-0.3940758777200691	-0.5015044445198147	-0.987948335111898	0.40528751985345	-0.2707654587060517	0.6162536405447482	0.28403869853826436	0.11200136471220773	-0.3171815716059572	1.5346586812763814	-0.7144777689617045	-0.6665947933111267
-0.09030840933415668	-0.9238039023087463	-0.08840752999497553	0.6602901482308394	0.15371768879462994	-0.4515031288468438	0.09978523203286586	-1.3880749253490794	0.011302359274691216	0.6914925589859764	0.4573901557721101	-0.46090106325070196	0.9783827000399812	-0.28663548710729503
-1.5521086323348623	-1.3639587571284375	-1.0264990886819783	-1.5001610777847767	-1.0832746284397423	-1.3319990533371913	-0.8233014057872585	-0.26095889037204384	0.11136130333693368	-0.8453688998809018	0.20316799299178903	-0.6492065464486519	-0.40572499198452244	-1.1262384245083066
-2.1598077004442837	-1.1683250543180408	-1.9546409312030955	-0.7029745534001279	-1.1593095018290756	-1.6052477820793531	-0.7073827393854019	0.9413178500199408	-0.3248535183958658	1.379177510500477	0.9565628037154341	-0.06338482961134113	0.15804280849476793	-1.764724326028959
-0.6566277238000909	-0.12005474218863954	-0.12290423724608207	-0.15202341839248232	0.5297151677861125	-1.1863205303854412	-0.18351947830283205	0.7102521999319291	0.7233353645712586	0.3230913923491791	1.7932121823325957	-1.3807503974737414	0.05671337625098759	-0.5575487373979945
-2.535462680054532	-2.275867157020021	-1.3412180662276256	-0.4199049987014748	-0.9683216449743876	-1.216900730507091	-1.6216571712733172	-1.155084316385425	0.3846090399296991	1.6044178648842702	1.0241506110509104	0.25979790669770864	-0.05151190831803739	-1.5725141855251583
-0.5599092761027181	-1.2445148133177044	-0.8510987582650413	-0.710643803113881	-1.866491560050139	-1.2253174982999837	0.7950130108807546	0.09059388229361619	0.30870536493928535	0.5729060874094066	-0.9688299040995927	-0.3713173156310636	-0.7500983270632384	-1.1488514772812264
-0.1862761993038986	0.6446117205174159	1.0305883156509024	2.0420476014069098	0.572827610175529	1.3351122994369904	-1.3114810434647113	-0.09498120241601664	0.381520269793491	1.3826275791715004	-0.08559074227783468	1.4435581077511608	1.3662439373749808	0.42835165449202967
-0.6421767899895636	-0.058645124766839696	0.5684931308528349	2.308058877795312	0.4302301170720809	0.3219278185074872	-1.4349448780753267	-0.7054118655044881	-0.08550399841735479	1.9273175597114243	0.35898053449112916	0.5618977068939391	1.7353006422879307	0.017541866078266955
3.554338837670425	2.733040920790559	3.574541287342175	3.1359738906679837	2.225671902762106	1.700567426234196	0.39922549150078457	-0.3937204003904135	0.318889408954632	-0.18301376065596436	-1.2957848563963408	-2.6291142793711613	-1.023047078958147	3.1738825768164363
0.29562329964839684	-0.1051065701241438	-0.11729888756416722	-0.35100810481976097	-0.7906418955440766	0.6202075226389302	0.4080920659562055	-0.29419720567350527	-0.2314031640259827	-1.0926617484681331	-1.4287993025371302	0.8015276646468432	0.5256181158033777	-0.0337118698807162
0.07595400232675717	-0.09003109759451652	0.2789825651160598	0.28696286657845105	-0.08954695680944402	1.1740459803614778	-0.1948092602905406	-0.4719931170915354	0.16127604041050292	-0.17757716757935485	-0.4711753125012466	1.3214036834469571	0.05811671105735791	0.18154143044893312
-1.013383457639482	-0.3680248542433561	-1.2671705730301794	-0.44872162081100375	-1.4579903157160896	-1.2318176422733023	-0.8908913378440535	0.09999746394102797	-1.3663343657739584	-0.5502555626882141	-1.678784149636357	-1.2519098064093594	0.8914931611290835	-0.6063219648337896
0.12607820673214498	-0.12437465877213932	-1.2583284678524593	-1.2693592663029878	-0.9916699981035009	-0.8366085250747294	1.226699375096937	0.8035252819858766	-1.03357381814938	-1.445064105343969	-0.6415400345504458	-0.6445657263287955	0.19746363027865516	-0.6459825540193963
0.6030490891955662	0.28617541436425864	1.248980020379146	1.7352254069508883	-0.18641903840382024	0.9078960792356303	-0.3173199886206921	-1.0450531553436677	0.2926645086809431	0.34650572989411754	-1.657323067433494	0.48430082017393	1.5251195237632553	0.6081834028178081
1.5245625639793987	0.8783287386388042	0.6585668914723292	1.1764412087794494	1.4205378505843629	1.0115079020600688	0.48672840503104203	-0.15222824032158114	-0.958485339552376	-0.06335467921362486	0.7283988861861851	-0.42447454826800896	-0.7529812695567358	1.1202619367431002
-1.299365761890497	-1.0794832104944745	-0.8589234203143825	-0.8008922905692355	-1.1635866372558055	-0.3331261247744313	-0.6718290495589733	-0.31119827422692986	0.10954441773157082	-0.18727773654382968	-0.45093337787425497	0.6723285963902373	0.19905004564719	-0.9325742550877546
-0.5695291468427279	0.01097470776813858	-1.4251018478992195	0.07604890908158829	-1.0558043034954214	-0.9444158310713782	0.19007097858856195	0.8678012571770434	-2.144818182110202	-0.7200868226802042	-0.5690333999532107	0.04997964351841461	1.9517146894362354	-0.9000489844253345
1.4658970613504425	0.37792832883508887	-0.3070640655740089	0.7627456231454193	0.23427177795159848	0.3988095200520543	1.2110345979465436	-0.7627264554953072	-2.0480761000206025	-0.9340172045570102	-0.8837313772772828	-0.36718358340660173	1.3252799291939652	0.5705082162934801
-0.12955731132703763	-0.9378454145097389	-0.916607569881918	-1.0630434768608001	-0.9166938015590241	-0.7532034461963704	1.0385018336712304	0.1733212958878255	-0.30424697584108273	-0.45877166155935706	0.1770651998760869	-0.02121581442719441	-0.8374954348803697	-0.8743391050663603
-0.6968100685796212	-1.4069111709068622	-0.8709917820843538	-1.485039663195145	-0.48832241780172814	-1.027331295222886	0.6138600012368995	-0.07288470085324383	0.2813810176905037	-0.6320354052491128	1.4233081360109392	0.055097677476005684	-0.8663088188551299	-1.1899185866238902
0.6084787889862906	0.06934581011655139	-0.41670526401129343	0.2594565854119116	-0.7504100627233128	-0.8551633412828	1.3710024995787622	0.668338009148959	-0.2794626682309945	0.6369859008537124	-0.6996387896970311	-1.2942903729191801	-0.31433817391832763	-0.2687893605891585
0.9265239811641022	1.1011825015366545	0.2217694730466674	0.5522399189656603	-0.2934314439756675	0.12058150809505164	0.9337976631607662	1.1639171104773287	-0.23645658142229503	-0.2002452149275837	-1.1391830186509462	-0.47408655793901433	0.7324993188139177	0.2563323714874737
0.38208697837950584	0.4243527021665092	0.5014194681298918	-0.28671305942105973	0.10211577175384409	0.512662719860377	0.3975532788619678	0.817341094979589	0.635622956778019	-0.7486925255059742	0.26926250021056636	0.4913964307877494	-0.5865027585890531	0.051248596896566474
-0.6799498880216133	-2.152890725840754	-1.4954042064693687	-1.0092984290390967	-0.6640886320868465	-1.6795621203071287	0.741096266571298	-1.1420738242590593	-0.7277175922364302	0.30483959445015135	1.2841345907616948	-0.8673851916781498	-1.014715782181277	-1.2647032748490628
0.35520222357179787	1.0823834644847405	0.6742746774494085	-0.2657804216648634	0.1185260212692204	0.3127925226720756	0.49084964683456433	1.9974467900006738	1.075826805348153	-0.6166582692937366	0.3846737566651034	0.2578684258033149	-0.48707447478946725	-0.018669714557770282
-1.539722637471284	-2.1523738927946536	0.5142235663669594	-1.412785347915114	-2.4796627510295743	-0.47945588145865203	0.02213138915527101	-0.2770241193794636	3.142921197692293	0.42585700603069887	-0.9403415362278454	1.9884169977521016	-1.3229512732360116	-1.7215691665197732
-1.2056831859642205	-0.06017630254890283	-2.2727002448498195	0.4112347504385869	-0.59750677326577	-1.212430223620484	-0.286036815219163	1.477377786726164	-2.312730037520934	1.5189358891849658	0.6814357730414989	-0.13356739614193372	1.2467956623044285	-1.1959621070454869
0.7386124856514145	0.9453124153020962	-0.3460507611563254	1.6393533308201786	0.8238748455255611	0.2849302334619922	0.6700359977982637	0.9323668105788894	-1.1835089055597847	1.5810274463168337	0.7658194116450077	-0.09012282772378642	0.8752482726461437	0.21084267442553375
-0.6273949907112051	-1.620978830838086	-1.179665658802171	-0.9500535690191211	-1.5549196224153725	-2.045157498002266	0.9215958309735691	-0.17388653900277465	-0.0972730815447151	0.4899976469007467	-0.1154474396640964	-1.393868585214891	-0.9922216617531711	-1.3182025750857869
1.581872292936546	0.7185387534314067	0.7865912942646278	1.1420112002406908	1.372671439493109	1.3597073974531375	1.6522777041811783	0.16322674619094768	0.35215808969959533	0.4461889355755845	1.2686039485035112	1.1848573700663205	0.6531948877742416	0.48996372816198974
1.3624569821082477	0.6066206921735872	1.819177422532622	2.5645978450225955	1.1057868736474548	0.5273505750123278	0.5743304406991058	-0.7306626654545381	1.3691634411572637	2.1209815820245272	0.1139827741168046	-0.9298540099778446	0.615348740607638	0.9219485433247825
-0.17714282414068794	-0.1120817634116183	0.01418926432921147	-0.5179245774292915	0.3219321355508639	0.2182063237878316	0.22063432538522562	0.30465439214304374	0.5969453587312049	-0.7413848224521761	1.03248050345376	0.6969214061454326	0.43305047468677904	-0.38148449363480036
-1.968795769604858	-2.160548778802461	-0.3994616661453855	0.3031256118574349	-1.3891188926017797	-2.438993328647258	-1.1284223296635554	-1.5548768135036923	1.3709176799129688	1.9625056008427715	-0.21202791811125973	-1.848890969398228	1.0273064412989816	-1.4330839789600422
0.048842212636950655	-0.06719006529524396	1.4083983584734465	1.528483912563253	0.5711460907227219	1.158951172918774	-0.5542651923770923	-0.8525269180715448	1.601546448186957	1.225192281411338	0.2666158034289863	1.3537992014126465	1.015482317900378	0.24122962196760733
-0.7873632199414984	-0.47837805130703925	-0.4811866470851258	0.9132891443802491	-0.4517154966415063	0.6029618769714421	-1.5606274102619415	-0.32210103495062614	-1.3553024916584477	1.4667456949563287	-0.39635677505727057	0.9573424434715129	-1.326351935206638	-0.019847043295335952
0.5460164193535234	0.11792713815644795	2.256581248902389	3.3671691240590667	1.2367785112958807	1.1098215102617262	-1.1089583568736179	-2.2322914595375147	0.11498459097723099	0.046792156895556866	0.25148014053674705	0.5079551208664167	2.4752069264220062	0.9622606285945554
-1.602177076012815	-1.3489038380465312	-2.205189729319745	-0.9333124389522532	-1.3777857308557424	0.29137003463895994	-0.8872057811480956	-0.5074513946597629	-1.8540980895454604	-0.22006720852225867	-0.5442474517735962	2.147194397776453	0.5922530665670486	-1.1628836145640833
-1.383579659144074	-0.17562735510568958	-0.2250230517029991	-0.4931414445851762	0.133591447648965	1.1000078209018707	-2.4505787548290554	-0.20836819156696537	-0.46035209215422246	-1.0912593606000023	0.3041746790888259	1.483328167416556	-0.37119069024825074	0.023631697884139803
-0.56268286811089	-0.9359996529299623	-0.819845973690696	-0.4575126603239188	-0.9889452844218474	-0.7353454792044477	0.5841263036316504	-0.1570466951585119	0.0007360227198805189	0.00714606331102519	-0.1760834355960159	0.39148756389312533	1.097846336913721	-1.0613409032175993
-0.014041659571316187	0.030607782700527886	-0.4558122185898633	1.4578504350826214	0.061946513418841526	0.3076744013499685	0.1054879088298496	0.2825273699026725	-0.5899096482310262	2.323898374258238	0.3345325758186647	0.361978577872753	-0.15970527354959066	-0.1069675845311575
0.5536878099727305	0.7573570771592817	0.3598904268458748	1.5863978314474256	1.5233337976832821	1.0645661851880583	-0.6630269672087605	-0.40484646266283686	-1.0294548332927205	0.4715062247808485	0.9069397851299648	0.1819019595456004	0.8694480482051792	0.8263753451159479
0.33523037640027054	0.11398303772491938	-0.3982506143949206	0.06417001515497231	-0.7003796679944018	0.4037433447283013	0.8758278143024611	0.4957242563445947	-0.2901819184649851	0.0645314176213723	-0.8602761967730718	0.7534485070235901	0.28424489848548284	-0.240300495778934
0.03349798373319696	-0.01151043048304734	-1.2247495322324764	-0.10277790439980183	0.9166454869951971	-1.7497508844853007	0.7317394835275303	0.8853036912239227	-1.3060380437104124	0.3795580274989195	2.4294232981561654	-2.445986466102841	-0.3705341441068579	-0.46858581639602936
-0.015612572022722149	-0.651491229326786	-0.501776474426566	0.304327094707304	-0.37251076146717454	-1.1865522999560327	0.6898192194519931	-0.4001662426978707	-0.06735641460097462	0.8125152149170353	0.07118063936256015	-1.4236980596451112	0.4879879139858453	-0.5089890665052327
0.17980549490397793	-0.9391172072576004	1.812567792596147	-0.019804170865561965	-1.2240963069157744	-0.1533992322452827	0.692076122366961	-0.4907016523524981	3.1697302697413874	0.5317240462157227	-1.0637083736256767	0.2972319903494788	-1.2398647168636652	-0.3967232724733686
0.5846824654468945	0.4772161715277684	-0.4469361134715969	0.33516009404702013	-1.0586005902920252	-0.16080703116729972	1.4292166325826279	1.7869705127127304	-0.36616899070292175	1.1056059586468487	-0.8175886512630841	0.21333707189871406	-0.9452186980696484	-0.4059223964859401
1.7411660005986784	1.3003268772957737	0.3324373371890341	1.430546422834539	1.6059520420680116	1.2693070968731575	0.6707887961558444	0.20120950688045916	-1.6197550506599776	0.05753616823049112	0.7060678383939569	-0.297699751749466	-0.4345833146850052	1.2665178361044993
-1.0971683366052831	0.29505767494879975	-0.8790434222619181	1.620797850787651	-0.8186196599447289	0.25360516451197135	-1.4447730135755263	0.6980615126130527	-1.4538136977463627	2.0083276818340186	-1.0160206988111338	1.0481557874461989	1.4138490821928182	-0.4065490490575955
-0.5637034239891344	0.30542648581246234	-1.3926751072799552	-0.1715916586971195	-1.246208270967554	-0.9682657350955997	-0.04534798322722313	1.2852756465834874	-1.5783054756455617	-0.13903667332410027	-1.2326670260549237	-0.6272366134712855	1.0918068952158788	-0.6841002811808058
0.2061237851689377	-1.160019104507346	-0.4043872905859367	0.5550673873341603	-0.09645045928841431	-0.7290038762051577	0.7195385173455996	-1.5778177281504357	-0.23896157820373878	0.9179593914673834	0.19812613395909262	-1.0366845240184699	0.392340259302953	-0.29179651947767515
0.7283732089284972	1.8525404516110369	1.0475514259929506	1.0926086936461434	0.831896214611669	0.4344477561805755	-0.35934550331291687	1.387358229122962	-0.00871828420942494	-0.5434911533284427	-0.23603452484372547	-0.7334999914856907	1.142872002739838	0.791551113589292
1.3002264949429894	1.247287466263228	1.8168344731378405	1.4343549779262608	0.70923858238684	0.5528087576480943	-0.3375565361947556	-0.019330671782564764	0.5388960201192521	-0.10522913216870342	-0.9341232082780184	-1.6642297066413188	-0.6929186722772057	1.3974696037882082
-0.16071658019341872	-0.6579147669472961	0.43259107195322366	-0.9334476165461296	-0.3445602758590994	-1.4548367733726129	-0.05921696784436809	-0.9715289153928955	0.8799753740497266	-1.943283234342768	-0.4122762215997196	-2.215989055203672	0.8847288995835021	-0.25194319762825923
2.1927679308847425	2.567490385247455	2.710409560131237	3.427228554163283	2.070298284619813	1.3799709823182256	-0.5102910373015017	-0.03508232349397328	0.0908622054246216	0.6375986070518124	-0.7597042318430732	-1.6923116205989632	1.266004104207754	2.3353389585022883
-2.1654153572357933	0.17533691320383182	-1.6009496081393169	-0.4585243004101864	-1.0687759759760302	-1.3482404187512915	-1.5322126909183753	2.1007371335216787	-1.3870030721188764	-0.46512204511592875	0.3249199606146941	0.2722171915551602	1.8534356320881762	-1.4557924933268105
1.3443650678459114	0.6466465926000411	1.0192922195948464	-0.26993726901630566	0.060745711326280816	0.057804759084238155	1.1550116559454842	1.2022817874615421	-0.9065534490689916	-1.157150143701356	-0.3520345469199962	-0.33388068520504743	-2.405122001666303	0.4063019204563765
1.0411709198620298	1.0473069267877624	-0.20970352056016794	1.1547758286703003	0.4254033799319101	-0.33153564835434113	0.9194461508033724	0.8164487158063212	-1.3014995379747274	0.38385973296143017	-0.15671926971207276	-1.2883628899641748	1.0646171486976768	0.34451426756443426
1.2811220324132286	0.7117987716787831	1.7737674735240503	1.6028250266503719	2.1352046209448843	1.903631751288209	-0.6765795469738451	-1.5073920400191272	0.18962042816142236	-0.3610325047769644	0.8646016232771934	0.0897673826672271	-0.1846941687240278	1.653172829435065
-1.3626085487900346	-1.5261477150287082	-0.32643420774355403	-0.706517519033732	-0.43401264284526625	-0.01184963319175969	-1.1541446571093543	-1.1216370264281559	0.6239695648067597	-0.12520186170243647	0.6914882008163771	0.9419876461957079	-0.5058567307131889	-0.7519941530291769
1.4919314394624825	1.424618734737769	0.9419304673272664	-0.2721130067951335	0.7031905851634018	1.9064243298382444	0.7654950587370413	1.1346297329257142	-0.1817008426487991	-2.116449695634419	-0.09912165252968345	1.4354726518851428	-0.8362448838708519	0.9110898717565109
-1.427624111982753	-1.5948193619000635	-1.518343993555821	-0.6696125393274753	-1.4714030127851523	0.11194378651378312	-0.4471432148465582	-0.7685815620922247	-0.56083379435922	0.36726504242936936	-0.5513579088569084	1.9986038253454461	0.5955695480903794	-1.2527843342628047
1.9537341702370448	-0.5993758724036333	0.8466216887654224	-0.19069109207883422	0.2725788412328647	-0.3337421385541726	3.4288223753344496	-0.7655648482981356	1.610452613957488	-0.41916187084508455	0.6876479918795866	-0.6858078303131863	-0.09324145091051123	-0.12138867324264972
-1.0164447536530477	-1.457207747966569	-1.3108177896608764	-0.8417615761321726	-1.4482723153167656	-0.7943516478249417	0.5369084455940996	-0.21113239602719336	0.10432904207543042	0.4632980276701338	-0.1945703524232328	0.6801310947198468	0.31141188473132386	-1.3928106872965178
0.16425456393229457	-0.13186128207700598	0.4068583669042448	-0.033551484144152155	0.34995586064992434	0.4047063397882298	-0.2990126168994169	-0.6256006475491335	0.1603120581649324	-0.8058518597967034	0.17639284327759427	-0.14145418714069125	-0.2654150036183353	0.29658210717614114
0.6602083559896419	-0.9329986091960946	-0.4076855927948167	-0.7710757684610332	-1.3783381741058818	-0.5149412033791687	2.536902142161757	0.1781845003886893	0.8099026260690041	0.08042827722088566	-0.5705321348846529	0.4173858503147074	-0.4906617510358641	-0.9417769592221352
2.5905697378448433	1.8955460625450975	2.9095643984098665	2.278078135359603	2.154247498244771	2.475971050190837	0.5150761747311537	-0.3879720390543786	1.1049407445171344	-0.10912100355504868	0.03919623715607323	0.13558337471619614	-0.4172531431449592	2.2117799146067165
-1.1979193632967124	-1.388285052950895	-0.49386692647951913	0.4570128256429197	-0.8201909223459276	-1.6682206726830686	-0.7657214110585183	-1.0849404309003714	0.4388796840518692	1.6550561362958551	-0.13803910924166515	-1.845452514726168	0.11188882069675128	-0.7596985585500226
0.5968695746387279	-0.35211404303231897	0.3449313546613416	0.6527588078460276	-0.493915440998469	0.6314893759604825	1.160018272657479	-0.5290915629239261	0.6220391462643345	0.5548118409363665	-0.7077175958586557	1.2825201448514696	1.0308812116693535	-0.240835347611834
-1.8188285254752405	-0.8340821475864628	-0.9664131863299157	-1.0291793108539715	-0.27341054759495953	-1.5054288423515678	-1.036719026904644	0.9533965569921277	0.42331263639009115	0.24743934262831124	1.8768806232701774	-0.6385128921177488	-0.5856318750335424	-1.288993706775031
-2.260504132694871	-1.2547118747181383	0.07080027089586127	-0.3923439070109089	-1.5482004842517787	-0.6291387731639557	-2.9726818031442193	-1.1228873874622947	0.9687068209000973	-0.030576285845833356	-1.6132035611542928	-0.49307730448425396	-0.27638785602482313	-0.5257018710357968
0.6338335216843365	1.2554946426096458	0.9159203361399895	1.2621641838587028	1.8718674510529114	1.1748202346099603	-0.7171508797237868	0.2964134275850647	-0.18866885272803924	-0.058776962733619965	1.3276132951153894	-0.005160664393350079	0.4141203831457694	0.9948225094294532
0.45093437529781977	0.14095778296545225	1.3848279467792048	1.6519879270918245	1.0715558907078944	1.6336268151583369	-0.9664544279646791	-1.1002232093768523	0.6164424954865023	1.02769634516004	0.435928621315698	0.905710962985043	-0.6486312308476988	0.9308179547611033
-0.9778010197742377	0.2328436186206686	-0.4874831546101951	0.021454792850195026	-1.6485142102269603	-0.6086005949989967	-0.65619053319166	1.337227634170868	0.21848113020151644	0.615443549851643	-1.7939272420048116	-0.22382556492488775	0.4321350918829477	-0.6559199802584417
0.3616275735368647	0.934929864751759	-0.3215364571353329	-0.2942734909617676	0.6991999699909488	0.46295966298672947	0.10267679893516946	1.1509960345364902	-0.9980071125713892	-1.2343034556557393	0.7579473162751734	-0.013491375204257647	-0.14395483683887186	0.2731232113976393
1.6408626582375492	1.8464350421011948	2.054025946307898	3.368111396477286	1.7628821664188465	1.4779215652570734	0.21012801714823776	0.35380176592849155	0.4350795015150064	1.870347911206572	0.38888748024406433	0.2305687506390151	1.5218225453932652	1.3297894734654467
1.3802714355371148	1.7720724135279107	3.439917289095641	3.7199651805537948	2.4481773373712534	1.3946256465799811	-1.2234738364946804	-0.724242567506282	1.9309270564328582	1.741530086071935	0.5122619802549208	-1.0158532160161426	1.2897566118882664	1.9486666316540264
-1.562183474132886	-1.3205842227213258	-2.392634712393992	-1.9554577644082136	-2.233512155489084	-3.45520592343027	0.18467690494655872	0.4366908389614642	-1.4659535877324732	-1.3876996343731676	-0.9791610507716124	-2.7944193809019136	1.2730982031530547	-1.8372183667288153
1.2920568607831115	0.9609428369226853	-0.09244696913225542	0.9656384223212986	0.6229326066381855	1.698597128937696	1.4759437990880562	0.9194061997622253	-0.7876700050977503	0.5883502053723976	0.35636380083594266	1.8797345611266656	0.1770765039437009	0.37388381627661005
1.8734546298420502	1.6793443975006626	2.000556397055069	1.002235141923804	2.437494282465808	1.6902604538879422	0.009916674264868528	0.25200854840771497	0.11823963735492862	-1.332984044160002	1.4623718733614626	-0.24336123885119681	-1.0024535703077115	1.728629982517576
-0.09183491815888523	1.9168139609305639	1.901485027517042	0.7301653078938879	0.05655425842164641	1.3141438936187095	-1.2103363387384098	2.1637647570030736	2.1243795641165715	-0.14757840063280442	-0.9366716138323529	0.8129410092714452	-0.03991750443183161	0.6265386076150862
1.3722671281317305	1.7028472710245777	2.9587887929958807	3.3451527177960756	1.9136430259866573	1.7928287798237408	-0.12146850280369427	0.1896516557790449	1.869866127720861	1.6382352372261137	0.784785550957343	0.9626848475739346	1.720272180306946	1.2450018414957615
-0.2229506922112101	0.14354699991730657	-0.3061719511999219	0.6208164181122545	-1.1391024517291062	-0.41747322073566356	0.8582219087784726	1.3900180284187276	0.6818192488219079	1.686690455556611	-0.714258475874146	0.5212255339039071	0.8549670170654121	-0.8614572205470123
1.5203108857577954	0.2854943143355697	0.8390963221311091	0.5606012896830284	1.7089817982755626	1.9074564992287872	0.8784208108433801	-1.0193855056661332	-0.20297852477236428	-0.9041180239962877	1.3521842360420346	1.2765345966705866	-0.2541810765965893	0.9479618330545674
1.116188196363212	1.4322960789333745	1.0061890379378866	2.2338679242476314	1.6806120141878618	1.1721369813177942	-1.2789403512854067	-0.9265917628600789	-1.822370342410286	-0.47389550326185753	-0.37504020343677175	-0.9513567470676535	1.3982207599878664	1.7086069846518486
0.21210173545727784	-0.2579932325141564	-0.01438829689525778	0.37342741831423765	0.5732840034910242	0.5459285150255633	-0.03472015085197842	-0.2707134950246906	-0.4980771984129732	0.3327192016516937	1.0669074561742276	0.5576052269428285	-0.9663273127986605	0.09770032706039007
-3.122047102548846	-2.4848947962704786	-2.55451829394914	-1.4339083874652132	-1.450790971865847	-1.5192845791954102	-2.0356949537089655	-0.5448209982132702	-1.086380762769018	0.8018939605275555	1.1571678299747974	0.5721930670755381	-0.7355410981727549	-2.0108939777079655
0.5927689008252207	0.15534075718731655	0.03590037275601132	1.6740626393064597	0.37724730243121446	0.6314921972934431	-0.638760377816652	-1.028062175866896	-1.5246280675077326	1.124795155632632	-0.668281459642444	-0.7049374280693063	-0.5688759295474769	0.8859532486169496
-1.7931983996416287	-3.032712297887762	-0.44730241952026095	-2.486932656713833	-3.308738586662489	-3.2996027060380486	0.8149131485842113	0.396664537059294	-0.4116460433945944	0.14573659181302578	-1.3145170279560074	-0.8805182001913155	-3.449934320112066	-2.580724156100925
1.0556034617822827	0.8228954845521224	1.3916541648225975	0.6561803373300008	-0.23558942453968568	0.494962152898889	0.5635269386096337	0.08914324713086023	1.066247159011879	-0.7100904159682565	-1.6357162300818546	-0.3627777269369675	0.9030901458846645	0.5887915070966733
0.20326658163607889	1.3902672221452692	0.08981156626192538	0.5377953917729492	0.7036519033003101	1.2281754526371083	-0.36827985119901285	2.0089488163258102	-0.538237010068483	0.19284088781702713	0.8476188751668334	1.2531022376615257	-0.6786768852260403	0.3206333093949912
-1.0093456796465152	-1.662987104811153	-1.0679824087934158	-2.3497557507945235	-2.3465797187182877	-1.0843863131160623	0.5924898204043967	0.01566621168486442	0.4398555441405848	-1.5639384041527842	-1.1622066093533627	0.4729930902701085	-0.8973029316227479	-1.4929262454975223
1.3706867201076967	0.9241890061612026	1.7435327683356627	2.999698293871764	1.0151771696926182	0.858326513413743	0.1708683540720468	-0.2590831154568697	0.8414113978990044	2.8282716378595487	-0.11524757372240639	-0.8318565622260663	-0.5223674832488947	1.1841123720851032
1.7296279369871272	0.6875320583097398	1.0770619255417049	1.7244122803377433	0.46277459246039204	-0.2961964709783136	1.9376335154122746	0.28381224805143485	0.8847742826470739	1.675982722373595	-0.090900766507533	-1.7290961222265426	-0.12830186405334484	0.5429050822895479
0.10348098197260874	0.10935263277872109	0.07687390313930832	-0.5199617479980928	-1.210036090135623	0.4248953262165037	0.12181632682582551	0.3068460791867311	0.13357763738676395	-1.0872209252981504	-1.8933417003122885	0.4192183678809064	-0.2793662022456694	-0.018881774284183694
0.05664154826472678	0.7983937312872064	0.5507768376357414	1.1429476450552192	1.854250277090588	0.4157433835940549	-1.4007838170312872	-0.27099020820882747	-0.6921919811496194	-0.2840397504761722	1.545516738021025	-0.740168411246377	1.024900800690046	0.7560076960744936
-1.5331815379408584	-0.6012484958215328	-0.23547697088868608	0.7561074066504235	-1.195587188590494	-0.8728923123223733	-1.3681776428238255	0.06473851618940514	0.6355042668785789	1.688625734612436	-0.8552327913107608	-0.16910015116390437	1.1054422950180411	-0.8611800645387842
0.4000839346240348	1.0477382890215943	-0.24965872099446856	1.1568452585672244	0.9824073203289307	-0.14437797094973898	0.03817431958036009	1.0878398628365964	-0.9912399553709109	0.890157233611815	0.9851823432316287	-1.0327097509773249	0.4840499359810827	0.29822438412341995
1.3290306663839206	0.7435056474518362	2.042702144084769	1.4070832196726855	1.7224652947176402	2.4798755634692062	-0.41603999125525365	-0.7748808643496748	0.6138080679436216	-0.14792538613441397	0.7859839176080605	1.6009812683257318	-1.10621159449332	1.4296764849603052
-1.7368290537059181	-2.804665621304018	-1.9574147944019895	-1.6100712217894246	-2.1974600011336927	-1.0149842304541608	-0.5165196840285552	-2.4181089691729243	-1.0484859304313352	-1.0715077827527777	-1.3338639689538414	0.7892019464738848	1.1143167084536891	-1.576663581491001
-0.09856603454213614	-0.9603606147979423	-0.8915410968043239	-1.53406287454805	-0.4348596196112852	0.04806061411422055	0.27129740667552205	-0.7222243062980332	-1.055050693614214	-2.087967346141335	0.12973638775462068	0.4633282521777288	-0.7619733562625776	-0.3746313597666069
-0.8260615596240262	-1.4075232631132808	-0.6258737559835497	-0.09443851123648872	0.1092531429792718	0.07455161516688213	-0.23871324112819656	-1.2089528978728918	0.1196874907649986	0.6449529415224651	1.3190417379340638	0.9573311830825983	0.08487788575530539	-0.699127101540607
0.6086760009076669	0.5878358202342047	1.3359166042072346	0.38095331539293864	0.9930144142487423	1.3752845031301568	-0.45738505474726043	0.26727634767369624	0.3916473859296012	-0.626875224341143	0.8038594019381525	1.0563592411393883	-1.401917665173084	0.7078535446646038
0.14034149272044835	1.158584464065466	1.0916744291409293	0.7059739044251663	0.5005984172264839	0.1593662532234237	-0.28627040882263244	1.9729891672069806	1.199186626069442	0.7636016659621203	0.8241723259183978	-0.20557504589877942	-0.9956127335610422	0.1739135104534859
0.5660010407821807	0.7749792791092707	0.2058293247025983	2.91241080925432	0.4808236030408896	0.6907303306770434	-0.2872218066772176	-0.18376078661464626	-1.5647579752033842	2.0534183343604884	-0.42107902473114345	0.31452570722776807	1.7438817442718786	0.5364594022236826
0.7909025720857462	-0.05500408612779843	0.7628840532446334	0.06173286890625157	0.6764343872738562	-0.8911176767940767	1.1614022080721904	-0.295678717132934	1.1451031033413672	-0.5172065307450195	0.937051787378051	-1.748147171861313	0.6307487492837133	-0.0037466057047806996
-0.6368705824046702	-1.6885488058789444	-1.098410718689209	-1.8144180176514308	-0.9482232991443851	-0.7654698867770259	1.165139754415012	-0.2493656634282032	0.4385938813979825	-0.8371091751753577	0.9745857770641854	0.8190485762809324	-0.5662137691242412	-1.4256866539971742
0.11875426925199306	-0.17374525660552265	0.5272413904614919	0.7466292898678397	0.17113365484922222	-0.33944499342716106	-0.7893565775395891	-1.286879570649747	-0.05353646021098165	-0.09913495385649389	-0.7110431594997638	-1.7961220997934066	0.26568417889784596	0.5452456500047563
-1.3576466871937032	-2.0324865229585387	-3.094894428604354	-3.314570583381466	-1.482260597562478	-2.2345087765225955	0.3324452248924988	-0.8003299365029061	-2.51090230369296	-3.280531237462042	0.11744180059067838	-1.3824463423755813	0.23603490128222007	-1.5994955413132392
0.13816557380010885	0.3127838594929593	0.2544960053708595	1.507218494055189	-0.9992356572286789	-0.9443932506411139	0.41398616312670206	0.7364331427742834	0.6226372142677905	2.3934513231119743	-1.450272071331439	-1.7077084715031337	-0.04767555624564768	-0.11954091492248121
1.755310403182854	0.9589197233189404	0.7102202160913931	0.10993805727025396	0.8069402502896943	-0.04696948522416322	1.7656049322681393	0.37081135097825424	0.01391953684435042	-1.5104544362085452	0.1428752003290739	-1.2838851679759966	0.7778091183960212	0.5808710890527836
0.5910472619044356	0.1179583618522394	0.5984280534637398	1.2106853676794511	0.22181838453735203	1.0370289314527317	1.145332612386015	1.3619647374583452	0.2652702580742643	2.4892618358103062	1.200307592155781	2.3674244274965828	-1.9377103798871893	-0.31167840464532987
-0.44248151092410337	-0.7518273126188858	-0.5778247695530438	-0.7791158846664088	-0.26284037652770953	-0.7832304611199341	-0.6435638888227985	-1.0547964880070382	-0.8277511114892303	-1.4377816855955303	-0.2400562380917451	-1.4902374477112026	-0.16247761152795637	-0.0864538975090716
-0.6869195567156086	0.004801136461956346	-0.34129810325393206	-2.592083108622627	-0.00031047486584068196	-1.5366408651258259	0.42721821555891704	1.494568135533391	0.9486296454157817	-3.351807393696589	1.5245168548156594	-0.9837043519684309	0.8966349351398412	-1.0712667318860465
-2.1716245385446378	-2.0446683708722246	-2.8400318197539884	-1.4885701829907687	-1.7763902335006287	-2.8678219497726	-0.22853633676316878	-0.1289702092114888	-1.474898302735755	0.19054842063216662	0.3803076244373232	-1.3119867233836358	1.057644184192734	-2.178815082183878
0.2749592605598775	0.8904246456985085	0.9670887280717289	1.3655481523503736	0.9845177858719003	1.6110652816259337	-0.4149433428871558	0.5870653486709289	0.7963754551135922	1.0104610110862677	0.748160761890614	1.6268656616111117	0.42658275040488114	0.4528688864149749
-0.3666595120531395	-1.086059022599231	0.014759858071788312	-1.3545161795025265	0.45001357786016993	0.18188687724796287	-0.03237950043757039	-1.1501785881916715	0.6374641909609757	-1.9334564594049093	1.4098328611100046	0.5905391348352951	-0.125432702932262	-0.37086532909777575
-0.1354523364039939	-1.1206664075788115	-0.9868313227945759	-2.0579845800462655	-0.5230781131186857	-0.9604027633044048	1.715193108491838	0.13606854030532542	0.3238410060076512	-1.7609662231148087	1.1319990707761496	0.03921389430152444	-0.09653836994295781	-1.1829998577734153
0.36835837423626694	-1.3742835007498622	-0.8039472382531571	-0.6704642056753131	-0.5340831212622887	0.416460389679127	1.6276292987651786	-0.8833343456334706	-0.30451941537648625	-0.10395026392009658	0.5007742530613261	1.6168298297865416	-0.6684333621189412	-0.7105962209459916
-0.41873515229007446	-0.2966678680905165	-0.9473322307644181	-0.3926621072594999	-1.0470392957565782	-0.5766199386697451	0.4244847999646981	0.792242939190976	-0.40191398565755493	0.2884908272623565	-0.4593607099391039	-0.08339252669959328	-0.2610183711160227	-0.7198099573818975
-0.5616327780460617	-0.23000747902027485	0.14741116539740928	0.8599450785439097	-1.595311111468372	-0.6781405641575297	-0.25478627252011893	1.0686603749932166	0.5445603888808456	2.329830724141281	-1.3523277749021714	-0.20165832218421018	-1.4259784994712517	-0.5860080041219545
-1.611011459846425	-1.7816569459028277	-1.9597436762086133	-1.9356773724055338	-1.9621926717132343	-2.3118538244215445	0.40495036864098705	0.12038887881481543	-0.16655349008149867	-0.4698022001731221	-0.18050241526931274	-1.0862707615526161	0.030539186768464614	-1.85999811054541
2.137062193514235	1.6918465540345007	0.8933481612122591	1.8956217664685575	0.9213230021276101	1.7538955306269142	0.83629956386873	0.07730347009394865	-1.177309144684469	0.060024909432425826	-1.20445541180337	-0.013992022073900602	0.3538977063012197	1.5746849307178876
1.9212829281364474	1.1107756075342712	1.8861022215246586	0.9891240708980602	1.5965929393032212	0.8047385892100439	1.7744477464117805	0.5997314376436623	1.7720295319074932	0.05164771329926737	1.4082010382821715	-0.3242221838591971	-0.28085772529984276	0.8071082900080424
2.1959297577553074	3.3292405205004885	2.6207918742561	2.6428669787475396	1.8717835059593877	2.2344806073118932	-0.5344430894052187	1.5316125492041743	0.2300075796917908	0.04217718364004012	-0.8987322433643918	-0.7073152540497573	-0.28266958374221185	2.4668069077264265
0.7884500811211679	-1.0313123219115479	-0.43299081171065	0.05810219783608905	0.33857464694750444	0.052923461376849695	1.2091800021992172	-1.7798589261500495	-0.8064556891281855	-0.2982313913898411	0.5032693766961079	-0.3276930622936034	-0.06691960623963056	0.04998695502640786
-0.015984993887959903	-0.3538301177081308	-0.14047419403002265	0.5740869323574082	1.1280110362659272	-0.4079737428267607	-0.2393516682752661	-0.2791108918177283	-0.5108389572688196	0.8282243665638467	2.1493632685684756	-0.8778502545452813	-0.9184371028508153	-0.0026761620473307246
-0.18083319337204518	1.8298946311007587	2.0808357872289363	1.5206388115506524	-0.001973412639314609	0.3456035342553422	-1.3427889403333064	1.784776843736779	1.8510384399338415	0.09378548892175657	-1.0532172567662956	-0.11748179893936603	1.6427690020514647	0.4304747244483983
0.0844525580748886	-0.5055394916858987	0.3327426109982506	1.122624673971539	0.2607924587852376	1.0041296223208727	-0.4370681299593899	-1.1853150103753016	0.03595362545750312	1.1734794089586633	0.08883494095739564	0.8941977314901485	-0.3818189190090742	0.2820132983410971
0.7519266875084872	-0.03638165375139005	-0.6316765187689466	-0.5947266979952189	-0.5393151356198791	0.30506901183814816	1.321540607924198	0.00669149608400763	-0.9610596626978225	-1.2583001125696123	-0.8315030165945138	0.27001301043034637	0.07954887173690744	-0.05630632574917612
-0.6241718222584614	0.32186484453446274	-1.0392996274553266	-0.6362921584187053	-0.07248666500156453	-1.1820278969183515	-0.1447160226140573	1.5199317630941593	-0.8002299951645914	-0.41328301655082395	0.8625392245877245	-1.3621826914304926	-0.13613120881411428	-0.56286797155921
-2.1835578655925407	-2.629419534872048	-1.5348869536998884	-0.8611650692870072	-2.7704129537982545	-1.8258384731835382	0.0042593544976571775	-0.7528061276733761	1.143708619142988	1.8421573988839275	-0.9860174015715566	0.37588117057785664	0.31801465605245804	-2.241338789478514
-0.8221906888155746	-0.6336734500502391	-0.6523702950008915	-0.050877780967775066	0.8923481198016715	-0.21984557969546098	-0.38967514334138686	-0.07678074446109907	-0.08037665951788617	0.5597899097083668	2.466630348391667	0.3113015767779273	0.0909724698542903	-0.6057994973444377
1.6769072197539758	0.9140918172159846	1.0259906243251746	1.869514136783983	0.5891522705329157	0.32911084155597925	0.8306430402637319	-0.4543447168570036	-0.19606500941727995	0.7864153631262363	-0.9942017134183467	-1.641750644099166	0.31384169847471427	1.123930307635244
-1.2219278408803633	-1.4925204431114438	-0.6796218307897648	0.16581303814327952	-0.9070608845115072	-0.7296455398904448	-0.37535815469254474	-0.9185490804428462	0.45550655023132747	1.3060993035863835	0.10116617461130517	0.46877301637068586	0.9385500764859971	-1.1291010101429355
-0.20111980665633167	1.3041359828411094	0.24115585163222197	0.8228355721582072	0.920434370565357	0.3935010541864845	-1.3993645540647166	1.0349100311991664	-0.6886153833150271	-0.2529174949817499	0.425566422041003	-0.4339555116308839	0.825077817603945	0.5181744006008204
2.3175749637224645	2.1053438031215053	2.801444495727669	3.2795576224897474	1.8954784923566694	1.6267784381386579	1.0997486570779331	0.6059630887816679	1.6786618271284075	1.8439015488541	0.34891069525776114	0.09777547378884272	1.2158262694191937	1.498600695968666
-0.9623156615181133	-0.8982456411041216	-0.3228952891362748	0.35348046710181824	-1.1830232733250585	0.47641550098271407	-1.46058400522354	-1.3617956420584392	-0.34290146739602495	0.38108563098202963	-1.835703326783282	0.6835890040102255	0.2352940577697741	-0.12822706742301299
-0.287943335353657	0.06488411673068972	-0.21271228164309963	0.9147617700136006	-0.6224957143216355	0.6663483427618233	-1.623451840399435	-0.6286876581513151	-1.4827579844501315	0.39001545258594106	-1.7924029517879507	-0.1137410077762181	-0.6934106531397741	0.5807788422494337
1.6028934911224202	1.2307403978538654	1.6399666898941438	1.4846398603632407	2.3522590606031306	1.4131994041194318	0.872234127701278	0.3156128567435549	0.9619114637659196	0.4039052316610844	2.1847588558332394	0.255403245772106	-0.0976919266096025	1.0609110691296528
0.5654230436558035	0.27665353932735426	-0.26664494275995043	0.26666215719290526	-1.119057808032226	-0.27410586061286046	0.8281172621020503	0.28078270331980526	-0.5653248723030647	-0.19835781825944737	-2.020967781659417	-0.6209101408301585	0.7680117841291431	-0.04541843949035753
-2.013763600365315	-0.7139750887554505	-1.4894209413127693	-0.592246500234338	-1.7322103988924145	-1.3199700614786265	-1.1371385871886304	0.9101243776181653	-0.4182586477345549	0.4794415867456959	-0.7176526642333546	0.1145065651475789	1.098263999645279	-1.4797025152554055
-0.3960588589878347	0.37487343037369986	0.07737900026359384	1.0678135031550289	0.47998964801583544	0.7499409488911251	-1.1770419959065144	0.10744016128709995	-0.3725182144517967	0.9285814058017202	0.28264084594489924	0.416340342354602	0.05010781662029325	0.3003877702773813
-0.26088024786925057	-0.10566196790383914	0.023805246042406206	0.42276752240654725	1.0512283407248595	0.9700376877612441	-0.359087965907365	-0.1273784315582514	0.17114812293499132	0.3790168585004514	1.8060568206638365	1.5191849667548702	0.45809049926927603	-0.12085300882274351
0.8251310227556933	1.2151429613067724	1.6764513794456257	1.8165432832935846	0.6911106706687828	1.0095682984787127	-1.2960947256715656	-0.36451579373949083	0.17808866542563082	0.27359996492733096	-1.2433829945067476	-1.1598425387905782	-0.4637057191896817	1.5265935813884033
-0.8296347026612348	-0.36110180511707135	0.833444475451828	0.4147316250837497	0.03387271519956232	0.19279961737974954	-1.1811987767534344	-0.42195678986249774	1.6492733645430817	0.5063453818277792	0.2399922297598324	0.32980581748274246	0.4049161442317431	-0.18891096004592134
1.5594817482403778	-0.007030595995087707	1.2914698857824054	2.025461391950774	-0.1443266911493436	1.7514109552777413	0.5858802992367506	-1.2546153716693005	-0.24254388037058974	1.57765819542004	-1.6286944149548097	1.1526931542854584	-1.4251721832063056	1.0307730636477537
0.5349957534973412	1.0851711181621604	0.8432211329557984	1.0037016277465405	1.0843269877610315	0.17495986777440875	-0.08263824514336207	0.8521372038390326	0.4396784742946918	0.38290183670372296	0.8507292381777466	-1.0070617689008157	-0.02690251717107314	0.5792692992929553
-1.0278728953843288	0.45457055536428975	-0.6603067092614372	0.44361420826913095	-0.3446600913074518	0.16608210817365482	-1.325323028791422	0.901335888980246	-1.3862512062575578	-0.4365284777920569	-0.17916654551925665	1.0568610999439274	1.7403124455494172	-0.43429346713374123
-0.7561241465548665	0.0619377826859277	1.14960981323884	-0.22093129597441596	0.3310037021409529	0.41683895735835746	-2.4176332741434177	0.04650194686810993	-0.404510324244141	-1.181490825911611	0.055405192276421794	0.10359491921534879	-2.15356306993094	0.4647492285512497
0.2232613124660936	-0.6034487908498354	-0.43702291995562004	0.33621256761589063	-2.2490549415811127	-0.7277661391268737	1.40346428860888	0.011842351490770406	0.3612218487500956	1.226113185664146	-2.729096306155638	-0.4070085319605982	0.3156338895211451	-0.6736809796485267
-0.8784069244300348	-1.8813000882769284	-1.6569986360558886	-1.0845342045309114	-1.0732110232312015	-0.6242914828400677	0.527644274956957	-0.4614107538488043	-1.0141033241428534	0.35660254248418816	0.7872039467018198	1.111994538186954	-1.240570300788608	-1.3563395758099241
-0.20284790693454463	-0.07140334322325878	-0.2662248151103553	0.05491434692582997	0.18361203037414958	0.12730107795352286	0.13192299554015194	0.11156124804172168	-0.6245784486487365	-0.9635257874968637	0.7796487751083343	1.064507208528204	1.7183233276252623	-0.48200475757334427
-0.10555454882882864	1.7045924220832125	0.27791952792791186	1.2301043915953784	0.3095790165933232	0.8767106382291228	-1.3394618890071097	2.254251390597367	-0.8152996690117814	1.0021960844008486	-0.12751521515698264	0.3597541295288824	-1.0248897363583183	0.5570195349964561
-2.1793256226912048	-1.2894572090232548	-1.6010366720171036	-2.6366790680835672	-1.1499615571009896	-1.539323307152352	-1.3688306898898097	0.10808489843430387	-0.3568027966477301	-2.4781599421452216	0.34105834052966355	-0.5662024922065968	0.20543970010054327	-1.3953960881039458
-1.6886934089660643	-1.474824845778054	-1.324915289267531	-0.8769198669978269	-1.2885118177646306	-0.593354669616185	-0.23817115194009145	0.29263071131108437	0.42411993300498435	0.9440506679566955	0.6019650963527716	1.3485772916174645	-0.2778689590611745	-1.5948294807524697
-2.5911354925289816	-1.911583118634778	-1.2283383185278893	-0.6621228479089684	-2.733413300463349	-1.3165023462493712	-2.1864090943472223	-0.6300349482810662	0.09124517112402647	1.0491672549727784	-2.0204336532272644	-0.12948064907359327	-0.7257176030061594	-1.3884186290649063
-1.009489820981997	-0.021080248520987888	-0.15058327740507693	0.01668254416266346	-0.9130734094565792	-0.8642179211672507	-0.26102143016952273	1.2687580663710956	1.0203151215971493	0.7037643767515502	-0.15014964698700703	0.07254754182145108	1.0897573144111001	-1.0002865512258652
-0.5275427635981711	-2.220280864372192	0.19784002393241862	0.3191948514541232	1.2385051771620104	0.8160605222893866	-0.8969754168201423	-3.345856448520577	0.3427602178171184	0.4992203727624105	2.4052292274691123	1.235500219394523	-0.6290502391434882	-0.08695694743114837
-0.21895222900518968	-0.9104627679102437	-0.6669552924473731	-0.6844763645764493	-1.2764402175647684	-0.869042582150955	0.5223685208797042	-0.13794484344332048	-0.26296452486174343	-0.18852644189535875	-0.7816619874579797	-0.5728482638086674	-0.8574227129268254	-0.6562113192588864
-0.2996246674398988	-0.7232458964480009	-0.5796850688983806	-1.1025429986206485	0.6228521449784746	-0.47584905000217365	0.43180808051023223	-0.3079601898913965	0.014511379655757958	-1.3274041139666108	1.943231450524617	-0.01170457302696746	0.5197339582101165	-0.6424165741551864
-0.2348427644307456	-0.8532821151144856	-1.982330325488205	-0.623287261034371	-1.0446202169157024	-1.9287432038083843	1.7027527280609898	0.6329118722922007	-1.1669356538476232	0.6179389159037979	0.32390681954768347	-1.2524194971370028	0.5655860240514258	-1.3461464433000911
-1.884093204751517	-1.6751788606710745	-1.8763074284326346	-0.9481852777588716	-0.48438567325404847	0.2001563808977751	-1.3202748210229984	-1.0249791377875554	-1.2869234757305426	-0.24260068193042564	0.9762860927316976	2.0646688435908214	0.6737532014702474	-1.1949420182925907
1.4359907358140325	2.362028173658359	2.580324271890932	2.7929782820330056	2.7720785557385392	1.8439138038246436	-0.6035396366317918	0.8529095804675644	1.2452118788357749	1.0485169058523238	1.5759381314554197	0.08556011737066542	0.905676713724408	1.6691470826329384
1.5200158644967554	1.6887990414413763	1.7799318341456707	1.6307016637574931	0.9492800236879544	0.8815443457600372	0.3830821658431684	0.6192466034540177	0.8501082879940749	0.1110457086754225	-0.6006434625619002	-0.7937704581284084	0.6143630617870193	1.1943784670115618
-2.062516063775395	-2.236757701427563	-2.6781635641531913	-0.628045694254828	-0.43797420664236275	-1.329503657571796	-1.52048131785063	-1.823121029889412	-2.4893399780629273	0.508578841188262	1.1762855495449682	-0.5312134325042178	0.29597173996624	-1.202079431487164
-0.5334022816344371	-1.2312689139217587	-0.9483181524699644	-0.9761772655039954	-1.3787925017267757	-1.1901204408803563	1.116544253190895	0.20340765886344603	0.483591635166359	0.2709168979198938	-0.04620294243295537	-0.16995459291626863	-0.4078556484101601	-1.2717423795577942
-0.08016047373628293	-0.04406028618892402	-0.45432293761689985	0.5018277216681486	-0.8044965999638094	1.1518082931366913	0.37166635221834526	0.23977349535849055	-0.685669771271463	0.17016207914329723	-0.8639862671377625	2.7009407031296355	1.4874292596181162	-0.4854102353276416
0.08618011307150747	0.6914698355386041	-0.4205186564185591	0.986424392215306	0.35767005779902983	0.5033357135743759	-0.7236718619957273	0.43780046516228066	-1.51549497463909	0.5870692598973565	-0.11931350271327143	-0.2799373088999959	-0.24158199790602802	0.47710595602244127
-0.9150505148154723	-0.6270072724151882	0.13336156157178647	-0.3420212225708825	-1.5536689353710476	-1.40930550973382	0.00043969506968022354	1.3261657414421453	1.2254628994656322	1.2040657358111944	-0.41384963326519764	-0.501263649496202	-1.5866127326038275	-1.1053841707597098
-2.2716714261894158	-1.8913638915640532	-2.9154554577652205	-1.1999577399134804	-1.9605168192806273	-1.503020779434932	0.10584520327144809	0.6049088663568558	-1.1757966557854809	1.0606789475113048	0.5761902971869792	1.5228545335421957	1.1867741516839245	-2.4916640417149516
1.2503107557218445	1.099415456282586	2.3476317422099164	1.261671713808617	0.9205952743603812	1.5192844120514344	-0.06762939977963445	0.857757883200255	0.3552035239902036	0.3196264100776559	0.025862080618470132	1.0104847426731618	-2.3282051741814644	1.0504017611987257
0.712803773117797	0.2393811592386425	0.26382271802662005	0.3896533172961577	0.374965963865681	1.5978591140351242	-0.26011735841845307	-0.752142133322141	-0.9556672434274829	-0.8694057138896353	-0.5326787546236329	1.0543048175484193	-0.4913541870874978	0.7889372766494266
2.3348406359071947	1.8892942019313645	2.3608733478070634	1.9206260808217799	2.6943381904953907	2.1652284302112275	0.5381829212166662	-0.24996794989018023	0.6147075537382043	-0.6100865647476252	1.1046222965786332	0.14412047808297643	0.6177676462078603	1.9157214426239009
-0.4374140823136837	-0.07922319249936421	-0.5727046119763091	0.6996715312092472	-0.910903356400446	-1.0001245087472168	0.2463856117160053	0.8002334515762963	0.057867768633342094	1.6914458228757925	-0.5742050512255927	-0.8105285025756567	0.598437550986087	-0.6790507736423594
0.2932549927171686	0.10236188997969725	-0.22399549104550298	0.1399113092350513	-0.6113591474164414	0.4904547051453104	0.7808047891185815	0.5101017084321928	-0.059719131003268706	0.2384971326803169	-0.679454457726048	0.8003205018205661	-0.07242957049787664	-0.18921322098004312
-0.12947492755180545	-1.4050962049924836	0.3688901573595996	0.3659375128230705	-0.1945408878003777	-0.7667390917596376	0.4761944289101252	-0.8149027483773452	0.8057884863655334	1.5458639411875843	1.0148612034390896	-0.27457297996494623	-1.5634578036712503	-0.6034629952318263
0.07233776992791363	-0.03468243152900935	1.3158035614188095	0.7301552536355141	0.8906334145969093	0.8987507605134348	-0.8365209348237652	-0.8311506167677982	1.2930044607866653	0.09717855307160543	0.7096410021089937	0.3076108525379646	-0.2937031763044061	0.5227485737925508
1.3788352879638452	0.4707057615722321	0.5660940668428932	0.12714853602025755	-0.8515648923757247	-0.21561591864404583	1.0741366114328903	0.2087880664752178	-0.47843603235449356	-0.8572432600775273	-2.0780620739086375	-1.455129698042443	-1.1699143160181722	0.5794157848907359
-0.03191556741864922	0.6191707316030077	0.9823576703567831	0.2750741361889506	0.2847410369650978	0.38653536790626497	-0.12408811986756633	0.8908335866080225	1.550171412587502	-0.1564219265846917	0.3606478685786686	0.5355455620263977	0.7965151190587743	-0.0746324441735606
-0.756904006405746	-0.2474604206527583	0.18718740680201668	-0.18814080664920885	-0.4550144440870748	-0.9327914765078468	-0.5102531688047736	1.1260757186671784	0.6517949414506062	0.6605704411823254	0.6244360748375333	-0.5396682796554558	-1.461142898649558	-0.6308772721231536
0.5357522123766687	0.22386311756089872	1.2379805330821114	0.5196408649560167	0.8378252619039789	0.5466196679313214	-0.8184557359177809	-1.3455367636343123	0.4025215084848635	-1.1948951033885336	-0.32164723010659957	-1.0581222849327585	0.22357232184794368	0.9864707113718972
-0.24007128116582044	-2.0318670756307418	0.14201191009259306	-0.4761984501499154	-0.6559216060165789	-0.17051825336950865	1.1423274503363927	-1.6360121324496835	1.8380353022124092	0.6066546449535957	0.655153067004034	1.0397621004226973	-0.33501654153100296	-0.9832564878547313
0.4260721235652233	0.9027405528080928	1.450563249605954	1.5040606642732823	1.1229163670921216	0.9239146306769543	-1.2051844660062523	-0.14955188799282534	0.5600195813508899	0.4927602356018944	0.21310452167737431	-0.5601118094386834	-0.4275769919301366	1.0779870839898154
-0.6775354092437968	0.6574066914440727	2.2537560672724637	1.8085388667597189	-0.4080224243756768	-0.5808090975631208	-0.9119660412364504	0.9151995162792137	2.4251476132718124	-0.12200398635597383	-0.2716874183638888	-0.08934498374059577	2.4240328968508202	-0.3765195976936196
0.7959414947000554	0.6314539225105726	0.23725296056189146	1.351348399042319	-0.1355605315921885	-0.044375603404007424	0.9547809553385069	0.49233883031744125	-0.39399264687619984	0.7340924100943149	-0.6281097632570263	-0.17858395043985018	1.4684986431779434	0.042350895684519205
0.7046112740335199	-0.13088956798801554	0.26604463264573297	-0.29528031324327575	-0.3960149842562496	-2.0128194284195344	1.5852899175875805	0.5115681190634033	0.902380170019913	-0.1353736521601894	0.06150721328479498	-3.089357380340652	-0.5306477818824494	-0.3317008830495676
0.10277578053016745	-0.5190297515103461	1.9899408501819333	1.0376036446885992	1.138115455177847	-0.7545876555985807	-1.1420035488401343	-1.0813761907969863	0.8514382446108185	0.7589687210258467	1.2453701146351133	-2.007921136657557	-2.1450727215405596	0.5588105072759576
1.0585923443407181	1.2822442391898665	0.5853587833517391	1.1506785511080382	0.26227376954025355	1.6867441556665423	0.41219976362833166	1.0939923206967397	-0.326216100750245	0.5041486629247848	-0.6133613160377456	1.3067310696160426	-0.5130143064884698	0.7284517080695169
1.8758902859775892	1.5381039844504352	2.6569602911093595	2.631324424550445	2.087251829136185	1.5873265214212873	0.2497541935769182	-0.32728911592190946	1.6099204227037178	1.1424570617974115	0.5897565990255993	-0.455303866305119	0.31929881733165033	1.6706176905372507
-0.6530696121347593	0.18771488027372105	0.2850412915234709	-0.0812794878506975	-1.0357828525453099	0.8174101192790723	-0.8890354725371131	0.38589438839367834	0.4949541612767113	-0.7246041190948231	-1.5761686666878945	1.6761150844583521	1.1398849409070748	-0.27179874094390094
2.038046374251727	0.9317989315496926	0.837806738001921	2.0276390838941563	1.2625096437760408	2.1836035927979722	1.5860565171341727	-0.31330028642342034	-0.3991425249921932	1.077258319612751	0.2559979154204701	1.748043915191155	0.6938188534881484	0.9810153327061151
-1.4409817943991745	0.4107564073981823	-0.6483415366699157	-0.514980868368293	0.6052176383725856	-1.2574814093408122	-1.8948467726052118	1.2126155130564678	-0.563591248658809	-0.663783193507222	1.5367157271856635	-1.9116425081870383	-0.03210014546637798	-0.3103928713424227
-0.13607210788604826	0.5391794704056547	-0.9863209606949397	0.5745285602459653	0.338869610038667	-0.05785259315608616	-0.2883239155444035	0.6560145092471398	-2.092648393951064	-0.20334699119158217	0.4693491491545696	0.09212844069350036	1.4319262600075389	-0.14081448714413694
-1.0268717201493067	-2.2872537143106584	-1.9221050544584477	-1.3131173804002914	-2.2447196310256845	-3.579681489219518	1.7396014426412816	-0.49120158607170383	0.055014935588915494	0.454888516968066	-0.3390192428831423	-2.390971892243568	1.1611306484192019	-2.2247588923514763
0.30351869513599306	0.952314085929016	0.7518563291970273	1.9066388276997288	0.9416592084409027	-0.6955304839193783	0.362776085278433	1.628413725136104	1.1671476332630824	2.8724720340754772	1.6092402104094305	-1.535184587797748	-0.29467571496750844	0.034200993840855384
1.1546393753585504	1.132053743541273	2.581495439016088	3.0195822582398213	1.4502479883827113	3.008532610844015	-1.0111644212831845	-1.0527249715051166	1.4080948177146926	1.755246116238224	-0.522168586423726	1.799482086410364	0.16125362036673196	1.7314380023709968
-0.8261674416385881	-0.5857166933710988	-0.7304553579830986	-0.34188949504672994	-0.0013506502031505052	-0.5023507326901018	0.0403210982089649	0.40950304043590824	0.251605176334033	0.4328623353362645	1.3903257947158671	0.42284137945112965	0.5005188888386424	-0.9315222954003722
0.1926603891039077	-0.13578386605655623	-0.1791623978621627	0.16942370395388412	-0.5672117222572354	-0.4543863256503986	0.8000342043876467	0.6784636562831783	0.18551727342018912	0.783240213120774	-0.061593313262768075	-0.3442221772757494	-0.7296123330387244	-0.3969395932187183
-0.9965450014324422	-0.38190532269414934	-0.5156622683307941	-0.7426309240473091	-1.7304260230282182	-0.6173442952365497	-0.6987105160088086	0.9092291770596558	-0.019295439297662646	-0.15612839663527944	-1.3972470444997425	0.0014960200087221036	-1.0384372333276166	-0.7197553822644195
-0.6093607934234267	0.04047086416428502	0.3723668621995868	1.0800657059208498	-0.212862210680443	0.37167766424067605	-0.9475322605417673	0.08149718286868561	0.7069331595285078	1.3821690808742997	-0.3234970691875274	0.6021423865836554	0.6821319856506333	-0.144853842687053
0.5235063856511775	1.0215125784646002	0.16493124254216318	0.2619898522135585	0.367902117628887	0.4328078994064467	-0.5989069020315614	0.22566917228426073	-1.1503369796240932	-1.3800638812334878	-0.8632915609159518	-1.018873009862354	0.19159802835767	0.8477914694225097
1.6649552569879846	0.6122945452633635	1.1473820157738792	1.3842634553582973	1.583342681922849	0.8463890852880253	0.692114945945771	-1.0696304879262497	-0.1198195322699731	-0.12539868285708924	0.5494085135549477	-0.9296851648513588	0.2243108896170389	1.2092106600957055
1.5474183714189762	1.723934822208957	2.3400967141878595	1.3381263191996955	2.054521107263686	2.405346783037235	0.1261777960713049	0.35890029477406465	1.4506053847829203	-0.73463532581291	0.9314342219865991	1.4928648277952608	0.7359961649432989	1.3613954123558585
1.8332620033354838	0.011520010381825374	1.8803597622656216	0.3156690352885547	1.4016321951021598	1.4559056528700567	1.4651101247760778	-1.2740579590900838	1.5963478582964974	-1.134873029631544	1.036280444081762	0.6755508754313071	-0.4914541377488105	0.8742456133856378
-0.553874523220172	0.3572771432740821	0.38147048394739963	0.22325737359579317	0.16820410157903154	-0.21837773493699786	-0.5121712829032398	0.7799528824167449	0.45790714423142537	-0.6379878800986828	0.6848271632101665	0.4011159530477787	1.6563320967276427	-0.44196100552149337
-0.7731490944620384	-2.2350350249143203	-0.2604534443242261	-1.001736124385893	-0.3057996227248342	-1.156131898650019	0.19496821215557977	-2.263814296152569	1.1078919022204783	-0.5742172721060489	0.9554232848620045	-0.6338696629053755	0.411742944580454	-0.9590950361388696
0.538497213654491	1.0436258778597332	1.3345645694005992	1.433018287674446	1.2707258366022627	1.5593969668407	-0.6142304922383672	0.09114656921213211	0.49777819869328505	0.036301590483805914	0.5581771738937366	1.2275808832369868	1.1962747799977191	0.74968298033291
-0.42586023394298866	-0.05822368400230604	0.5639100624277319	0.7999571592394292	1.5511923102023828	2.215258013975219	-1.5313800184557227	-0.6545414983316797	0.17567860255423567	0.41526991009401126	2.0233583510677575	2.6877408248009838	-0.4327424239801916	0.4210496997927401
1.5128519495826778	0.9081995795060773	1.819368384063105	1.3799981691593812	0.3209206047661549	0.28755837582438554	1.143423163648527	1.4851408811924591	-0.3939530934419073	1.3392389529527091	-0.27131207871368374	-0.15408304839742396	-2.731582576182796	0.563431566027161
1.1735144151745687	1.637363779647484	1.6010547649029483	2.61786941920433	1.563476017082342	1.4059613057400042	-0.6529696810396769	-0.12306877669686103	-0.6095358554809086	0.19813980869643572	0.0036818072791947594	0.12478774350210572	1.736064789009647	1.3639920878636713
-0.6170611176770091	0.40842694275370883	-0.7104379776111747	0.8803093081125791	-0.35372035570422633	-0.5572646428986194	0.20595981533108293	1.9114672509382362	0.09038212999406024	2.3603775682145085	0.6414289334543724	0.02436333247677291	0.15513660529405265	-0.7694807288680434
1.6409676755439135	-0.18569450285451528	1.2421318460075552	1.3945659778693291	1.1158088170897795	0.7035228129088231	1.9471817613630433	-1.1874983928780398	1.214950185080049	0.9132870788608846	1.023981460531306	0.4030700527860825	0.9263637067529166	0.3415317915217252
1.2277731245631958	0.29023529092827444	0.5175201781906078	0.6976204048389902	0.379246241640105	0.01254351238282364	1.1949881140458565	-0.4867192509431781	-0.14409724537950458	-0.44166344155103276	-0.26898892593216017	-0.7348288857595136	1.0987974779678407	0.3625073459006131
0.8795859861600746	-1.0221362524245392	0.5351367460024989	-0.31563137309624806	-0.3780647536364886	-0.5706976332993998	1.4897137526005062	-1.1797926897128312	0.8708875383609646	-0.43245987037537864	-0.14188528975553447	-0.9325490350723309	-0.8727069271748443	-0.13971925316187161
1.3334797531902256	1.0129180929038832	1.504699308861824	2.0728776558381314	0.8191721236208027	1.137067651441523	0.2480853018589506	-0.1413877361009069	0.5846513645812442	1.2837991930475716	-0.46495921740431595	-0.3353211017246567	-0.2285525222955793	1.1434612390235432
0.770055938811856	0.2793033767985505	1.8395809085407502	-0.03420842024387705	-0.2893157919941749	0.33562709680329283	-0.566440669224002	-0.6899356554505116	0.9548778798206704	-1.7283184602481563	-1.7415454426843373	-1.1180878710080027	-1.2654877662837125	0.9463623233255999
0.5832445213913803	0.7984786664328691	0.05262195847991835	0.2533766767858259	0.34978663059298243	0.17343904419751588	-0.12192605279805857	0.6249355235435068	-0.9821999442011857	-0.6756102328546658	-0.1384074965383131	-0.8999342203280264	-0.6585002647687757	0.5552174052605202
2.1527140449000575	-0.2283675618075346	-0.028170656266784833	0.2624892378881082	0.565203649768897	0.36510325967174273	2.8049970981645824	-1.0453579907575752	-0.7846724330621813	-0.5659525462866744	0.27691077214318016	-0.4454930222962324	-0.18478307121129034	0.43580384688926854
1.6444505576470845	0.7777179828118176	0.837448750582162	1.700855576458011	0.7108799924726208	1.1320337586124773	0.8099244547905993	-0.489709074897027	-0.4838539717804052	0.7074272247259396	-0.6017690425082097	-0.30008510018932055	-0.22875821058966914	1.1172950698679676
-1.8681827127538542	-2.7375754397450196	-2.1470411442085067	-2.0239046276989443	-1.6513795610620554	-1.6929396695901449	-0.4382212842587554	-1.7471518387875276	-0.852743390096161	-0.8985879531660268	0.06257864711267352	-0.4049138373978341	-0.22072611414355234	-1.6451391136437925
1.2353433457245782	1.0116742011640731	0.6536655620893435	1.2665649516915005	0.8664297877226053	1.784777636455907	-0.017592452901565924	-0.3785454716757587	-0.9812730112126056	-0.2871135105178918	-0.6206198085457041	0.570739253056499	-0.017821806451690535	1.2423658454598665
-0.7392758960473169	-2.2764528574843146	-0.09844150328456602	-1.721169547707453	-1.0512911450363205	-0.45998625146618	-0.039970273642826216	-2.015424445217465	0.9028582847656844	-1.5553891647773017	-0.033415842771708996	0.4964124241581299	-1.0444120502797485	-0.8583157802978862
1.3148940094897865	0.9192125516282615	0.10532804885133715	-0.031205365070314905	-1.197885590100464	0.07262079456217257	2.065743853225388	1.3034764803723513	-0.054028072413932336	-0.8550833436272294	-2.171703875907308	0.04761522551593921	1.003081647920324	-0.06348966617921402
0.595012210123926	-0.20625586470004198	-0.44840916935972747	0.7848979717029833	0.9713039799675882	1.0616509229592639	0.46909435165103713	-0.9741731834112275	-1.3891073784022454	0.08561928101588627	1.046471955063057	1.3125591459693804	1.0329503369683017	0.17165797795303414
1.0155887936232604	0.44925505095865514	2.5165315971897586	1.0031184663384398	1.4555941279929976	1.4024535877491349	-0.7325429299223875	-1.089044925360408	1.6428528549054093	-0.6317594302937554	0.5279646925847553	-0.01606792960958423	-1.0461854320740658	1.311919092589713
-0.008784084854567567	-0.8565876119525362	-0.19261601628652422	-0.505317088278643	0.2037285461099417	0.6002233972109693	-0.1465356045219959	-0.984237994222912	-0.5663267422049229	-0.8593867256308456	0.7266921296328298	0.9292325780169914	-1.0218818029913137	-0.061668454820526165
-1.0280453439672486	-0.41185239237676374	-0.45210620597290574	-1.5394873525148767	-1.0870557756199384	-0.4247306718688146	-0.49822923602053043	0.3822975457503188	0.2107579453960395	-2.244345299814452	-0.6425736767888127	0.672760863026048	1.2505662749432112	-0.8913441748155972
-0.4831517676843537	0.4148563159097506	0.4351153911752409	1.1540635744713355	0.6399622706096177	-0.5691886890153693	-0.7773296065218157	0.39742348499194685	-0.33438048202770204	-0.3827089555146637	1.182779701570929	-0.3769542072067589	2.0958406177893827	-0.24276589864329406
0.8960431273950378	2.3023288935726507	2.194351062629524	2.9176659256489286	0.43409533077965645	1.583074516343543	-1.4419659634727522	1.1166200717770292	0.7810324214724519	1.790944220539572	-1.999403543541126	-0.5112000887473732	-0.34668400020202195	1.7016936505468376
-0.24492622117522495	0.7924815676482895	-0.39840077904173915	-0.31579027008107985	-0.813637749376529	0.26805059994791414	0.18605025616785428	1.910204922274067	-0.025274269346888433	-0.27602579774522834	-0.7663339690182756	0.7684354407751426	0.18058515780771484	-0.38975841727769356
0.2457315453949127	-0.3121096674326982	1.1913259369975366	-0.26175965589054595	1.0398094999909773	-0.12919977990850262	0.6293639453607043	-0.5077844116303362	1.7041333707260717	-1.4947686896232353	1.9333174574260716	0.3159229659499435	1.5636844809820019	-0.3201759166508969
0.32030197080781697	0.4310427751911069	-0.09814262771432941	0.11182836816836286	-0.880099524542811	0.35102554846985184	0.3581565770742077	0.5364739072923912	-0.29091038044485446	-0.3364951340027033	-1.6482761071703311	0.1456364966695039	0.2063576176970439	0.06788690727626338
1.126558628365932	0.5846378384305266	1.1738045600097342	0.8361245084245719	-0.8345338228027127	1.1302668771743427	1.1465779033951022	0.4650307716869301	1.2846077204554636	0.5317626372348867	-1.9027996600921129	0.942760963478782	-0.35854688957006764	0.37732875333238214
1.222797733787897	0.4905486594485864	0.5042360408500589	1.12912710352945	0.8127697482234767	0.4998389079934344	0.866058187126437	0.3192779932918561	-0.5633979726799884	0.8779480239201609	0.7621661597552974	-0.18650075404676159	-1.2223428244466592	0.5434504283628047
1.5987418109891105	0.2909255261426562	2.0975620037431044	0.8093427421253903	0.22520976332874898	0.8597927188979531	1.1934825000759257	-0.9874635704070844	2.050679245257801	-0.4581347440425638	-1.096950423521806	-0.3416251622940225	0.08920328505745764	0.8655630113754154
-1.7233723287497194	-0.41264853674734353	-0.9823158676537171	0.26684731567935094	-1.861454982773143	-1.385288094389471	-1.2919217089167492	0.7604949543475668	-0.2561596874727748	1.2074831023333215	-1.570685577466403	-0.5993201552146064	1.1720321948606005	-1.1033519483280037
0.13546877505450053	0.08153255313922242	1.1139877278477137	0.24766307351823577	-0.23189981039565713	0.3679584037295259	-0.32354763776526346	0.3146451213498318	0.9952599305866336	0.05859535708967056	-0.3288558776526641	0.2691410615652357	-1.335873483067951	0.15992017694291358
1.290078756080093	0.9876771213879258	1.500647689015089	0.9726879216634531	1.397217260173299	2.579544050909552	-0.025545801818792256	-0.5448582154872079	0.3842897097940187	-0.9240798879480403	0.139775324934978	1.9048699820291182	0.33444317503607324	1.247703415673036
1.4608731798751204	2.432147124771634	-0.46364579188766575	0.7018124151521796	1.5435734299980122	1.0508810004326956	1.0299525566691403	2.644074224501213	-2.1337282045518426	-0.5786826380169763	1.1634247373384103	0.07276958870038525	0.17682403575966973	0.8103377829189723
-0.46424705479372147	-1.219998338210171	-0.8044398304971184	-0.04756030350031039	-0.2125818059311236	-0.5166962116116658	-0.7410335334914322	-1.5568100342299755	-1.3133600688811622	-0.012661963051278537	0.09816522674278318	-0.87998770401334	-0.7638997755039051	-0.13313236257140446
-1.4664351006432186	-1.1007471477885131	-1.1362602668130917	0.22440235022729466	-0.6347183351957931	-2.1179944703708875	-1.4118365374963964	-0.9039145372965383	-0.9616551215237177	0.7343976229947533	-0.07502271240420035	-2.448770496148697	0.9956371228617213	-0.7575258499829343
1.8515457426962156	2.364242868518969	3.062616675400115	1.8193797810339989	2.3356739449017847	2.248096841264293	-0.4615665173383488	1.1575352411455921	1.1850146967838635	-0.30269810320356455	0.9681225168536673	0.4405779137491815	-1.412963843748991	1.952314492581412
-0.26907538081500365	-0.04008151041256986	1.3735077928642343	2.1327249990564825	-0.071892299576377	-1.3318164034689246	0.06561240037290876	-0.06220957376585226	0.4798354818661184	-1.451291954242055	0.7623366753182961	-0.9307002045477396	2.885751736767283	-0.5799061135065151
0.005874893121335489	1.305014405731133	0.1728497371907507	0.6474802714119393	0.5937885476399439	0.9771958193784928	-1.3059915224539287	0.8236027384891267	-0.9804436977826478	-0.663404989463014	-0.3533277890424978	0.16945809510314605	0.5362762472344073	0.7035975131907756
-2.725164583152595	-3.1451821829644158	-2.4842069901082606	-1.0053029163153826	-1.9880199968558658	-2.035519802790392	-0.9488574921177494	-1.3865050569762978	-0.489653383375073	1.8198269526765938	0.5377316291439795	0.01667086497474934	-0.42968862716347145	-2.2273414233459428
-0.03555176273425653	-1.66456953609665	-1.7819065427602065	0.007708089867707657	-0.130101967379754	-0.6969315264812395	1.0855973516637631	-1.5709857864581602	-1.7990755908092995	0.8815123736523287	0.9864202646698667	-0.3201073697830445	-0.08956287174111778	-0.7040654898735302
0.7533589550309105	-0.0406168842527046	0.1309490244132323	0.11020725227484762	-0.30393643589891856	-0.08917967746987443	0.260770910335674	-0.6788586688974796	-0.7505182089555755	-0.8181883800175066	-1.1326715615210383	-1.2418422199528203	-0.6501339763279632	0.49672511235137584
1.456705889318349	0.6197871496859111	1.3524343040690308	1.4463104798022004	0.5172163567510707	0.9335146943148259	0.6939227678983191	-0.3879773464134531	0.5695595050123484	0.6180397656378456	-0.5666401537259402	-0.327723010772212	-0.5201103948290076	0.9565956364997845
-0.0970724620920036	0.5757108637393965	-0.4097828157629651	-0.06128610775165686	0.05526870377573484	0.5694810814366232	0.274814645122958	1.4911034206400169	-0.20777343591032965	0.09265764235237473	0.6235219969831184	1.1018605813001507	-0.147427348927454	-0.28946571885912276
1.2178201303579614	1.5197899792932898	2.028626591088078	2.844732328642856	2.3557999043956834	1.133518705679374	0.0890718989370295	0.31604357572605224	0.603134335454469	0.9472782696654659	2.0230259691495247	0.4070511359693295	1.8902916168159436	0.9521055104944697
-0.772299352525455	-1.1074971304642771	-0.3286273233716595	1.4461188727355925	0.2457895239616043	2.0131561179713793	-1.8238682507533022	-2.104152977877233	-1.0286508013475235	1.7883528500036827	0.14604174355502086	2.645281950566358	-0.4580409729619923	0.2466028508544609
0.8653963979569212	0.034834228569528336	2.0354912044630504	1.0623281521103487	0.5625683776969763	1.2273076264736777	0.26781881878616326	-1.130908942678351	2.276541677303144	0.22868291113065037	-0.24947023344870833	0.6486105465906085	0.32412214601285155	0.6485551649739686
1.5255104345953479	0.8305195984202508	2.2004000166271265	1.4933348009503347	0.5680501820102192	0.827952601491413	-0.07651855494926077	-0.13753898374607965	-0.10452384492007212	0.21288937172753788	-1.0105342073735855	-0.6758056907946014	-2.1458187153613446	1.3422067317401676
1.3893036650925303	1.3244721566094313	1.2177574787202634	2.4032790481325206	0.7122960075226262	1.0108528411858666	-0.2027688333018658	-0.31347740511316324	-0.4532398393342201	1.1481831293262423	-1.3336444604262405	-1.1227582893583734	0.13160630676227478	1.4862373383248741
1.5484686646398618	2.6286093355346853	2.1582647366627095	2.700246992563705	2.1546012209089724	2.080575926460853	-0.33749230877666203	1.4093459373883044	0.6982715131766764	1.0982643987015293	0.6362154648212628	0.46206704313874924	0.677483177442275	1.6475051376132475
-0.4807695642656807	-1.0742127194479196	1.6820666176544314	0.7575979442752648	-0.3727927112521484	-0.3976179137308272	-0.03981155634577795	-1.3306946498387502	2.590359686724244	-0.08699219036628444	0.2047750654552658	0.6062034381114481	2.006065627993274	-0.6770090551433244
1.5840626667987896	-0.40406062105374607	-0.013057785565463956	0.06647546898733558	0.9767703819249479	1.0936142080794693	2.3940542315773823	-0.926814253557305	-0.21708796830258673	-0.4849962320339744	1.3751987587509278	1.3192233180808315	0.2246178624579001	0.10710435858905684
0.3365897872810475	0.22476375547905092	0.46860142508031355	1.1901821905968464	1.2834720942757187	1.1175482558850187	-1.1159371524829043	-0.8086536135206035	-0.9356959151163964	0.3726058557026274	0.9217773345684035	0.17515351471607044	-0.8602629351686721	0.8820085106251475
-1.0939470470891828	-0.8579653492874599	-0.03304308320330629	-0.8906636556270475	-1.7961961690865254	-1.2760225142456085	-0.3269923022380575	0.4908607435838883	1.447084306924054	0.03288238242838455	-1.0936610568487577	-0.6973104967693764	-0.7271677311599548	-1.007048249205802
0.8167777488661231	-0.8591241017768331	0.491751628203291	0.8115892827902901	-0.20470903124505735	1.3777459707848951	0.9638969182706004	-1.6344168532405745	0.48028267970976574	0.8020600953564591	-0.5454134610034087	1.672326365765249	-0.31257618168981527	0.1840412465054747
0.43457245195549515	-0.40322105017223375	-0.7779266447051343	0.9954124946052174	-0.5571820133408062	-1.1159522554996755	0.6785628362476409	-0.5278475441414281	-1.2845865270111567	1.4559065726789633	-0.7860053525291056	-2.1351547821747583	-0.3041697432412407	-0.025678575039128723
0.080095552512093	-0.7988998252994906	0.3368906122848032	-0.4572205137176899	0.6330991365286396	0.8387579480291678	-0.9988312091855234	-2.152877221874169	-0.5209568764895458	-1.9544413438851633	0.22623602680280566	0.11454148402771804	-0.516460108301157	0.5961185294852421
0.8119477113172087	1.5924604023378934	2.260705414638875	1.181721786450705	0.7712301035469493	2.3945329350068567	-1.0058561924524656	0.19272281245672335	1.3064820849719554	-1.0645719399262856	-1.1231594311104043	1.682710547251576	0.9999472411757192	1.2768372666287156
-2.388813855469209	-2.033027922791337	-2.466959641551737	-1.6049011652913743	-1.4182418598829087	-1.9296564201035318	-1.1674706742885461	-0.68882665399996	-1.4374146690214702	-0.5910835915636472	0.4002665175027423	-0.31925442355429073	1.0710564343937725	-1.8339432172701153
0.8631579354535378	1.0563785385708344	0.9439997842921237	1.4615263105493213	-0.0663597979207653	0.8033074653837666	0.4002635839245206	0.5068553716753856	-0.0026363320697782335	0.06048029809575934	-1.1632066720924021	0.6301279284852316	1.6029874613258024	0.43166782330044257
0.05779078152390769	0.32627333682531784	0.5077408031146355	0.3402013565898663	-0.4228116330395855	0.7194218365608119	-0.06286182470352461	1.0410589574626312	0.47832155195099263	0.5669226862122061	-0.29397346701978583	1.1758283720002352	-1.1868756765042006	-0.06098690235142071
0.26530739721330954	1.6297737427634598	0.7890491660355005	0.9684943226980556	0.4533815610493517	1.0950364771198289	-1.6890460015288509	0.8609009270988591	-0.7600404871069842	-0.6042007167822361	-1.1048819239821772	-0.48113809356062304	-0.45352050789573134	1.2039372880832906
-0.7299755099641171	-0.07364398329615074	0.03539150993722079	-0.6362262390434054	-0.9357202184779891	-0.6564595141699578	-0.05608440023276169	0.8603302273908071	0.8472372358011035	-0.976231007948217	-0.43451894209666325	0.30791215381357623	1.4134858734189424	-0.8725392944144235
2.199290803216118	-0.2058781396549173	0.470133338853603	0.8819889221924112	1.0956743247004694	0.703350008929868	1.8822702209002669	-1.346182942999833	-1.3984978630084595	-0.09358029687734769	0.6718057172301597	-0.35429363497170957	-1.4460221356830656	0.8910360532815957
-0.5085774220687478	-1.563593557248372	-1.2079420774605834	-0.595295554886019	-3.0889194567021416	-1.4525788048529158	0.8698761716796858	-0.5749905542930952	-0.24643128379078286	0.6671881547649796	-3.1249541524064965	-0.8527512835278201	-0.52106786622242	-1.1143856514280308
1.289437638319434	0.6273532227407246	2.142983571549005	2.052936986964084	1.3906188416538168	2.378108537239121	-0.20379384915123475	-0.9637731740167103	1.2598635115990815	1.0328551877518224	0.29790744426925875	1.4826406975486728	-0.5757516847274872	1.3207674640962481
1.9063910231378252	1.916638287140127	1.0315044023159552	2.762914651576008	1.2132296017697768	2.130351682381912	0.672244013832512	1.1029962770875728	-0.7741461485187794	2.113492804831861	-0.08846351536736716	0.9701334522361695	-0.7065479073365455	1.3961501023548926
-0.16229200496904228	-0.7726277605829994	-0.06861501281509835	-0.11609096191301002	-0.1687334681582483	0.46819228392331835	0.04344101921329614	-0.9831377955242001	0.2536965896285355	-0.23415580901542846	0.024281162892508604	0.8477377152100692	0.2559496294178208	-0.23393500915204357
-1.2769963512708251	-0.24933650043942956	-0.40545757357742684	-0.7294238986864046	-1.1410743974233055	-0.0018117014471280557	-0.6814245117387597	1.0198063503190338	0.8277642664034228	-0.12877460492690043	-0.46512039941207084	1.2081628673890346	0.2866437578676296	-0.9185490622043757
-1.0764949148435587	-0.4503531143572446	0.3582174122768451	-0.18064365290359424	0.23605747573174996	-0.5450787928496531	-1.7720441757113468	-0.16902482262302648	0.5217509582955772	-0.17339784549468143	0.9236466823546768	-0.8398053719140219	-0.9901427080701491	-0.15090967916939887
-1.6536562913541177	-2.468893591932538	-0.7474136539665762	-2.732627817624123	-1.7914864408798026	-1.2300780864779863	-0.4343785494947848	-0.7082416973654986	-0.03963063595218479	-1.893757345187825	-0.00034068727191546876	0.8239064610834348	-2.1175497140627275	-1.6204386307006933
-0.5030432575471218	-1.3998274706616796	-0.6600962083341906	-0.7365769892499701	0.08525075374911717	-0.3619130847471418	0.4086293676686368	-0.9832070357273832	0.1878136605622169	-0.21517061399165546	1.4916960924623222	0.3642424061468401	-0.1599956232950676	-0.7779041245662363
2.3096779428345995	0.7316888930782708	0.2043311595218804	1.569225162820523	0.9572603391829188	1.1907622802528288	2.648555088090882	-0.014201406331036991	-0.8098400685886494	0.996310204462494	0.36907983621881557	0.6306430367487829	0.5112835717255413	0.6379530225317847
-0.5282534123641585	0.2624816915353744	0.6289332351807295	1.4848091195146818	1.3710510676729242	1.5059236336896549	-2.8760066289461594	-1.2029124945673002	-0.9101788336798633	0.4517687964048666	0.633074080498192	0.39477239739190817	-0.5972951907141784	1.10368822641859
-1.7732530959377262	-0.014984407742084094	-1.0600338298273098	0.06179795639899799	-1.4352828349482256	-1.780311588675705	-0.9918999946614943	1.6145592939024485	-0.9024987239945491	-0.2914310505330329	-0.33784490383301563	-0.45628634645794247	2.1049694524397853	-1.4047138745715102
-0.01651913318335768	0.2361350667592049	0.3289981635496627	-0.5355967028035047	0.37199127990699254	0.9467380820888953	-0.6862297429605467	0.28454301115295755	-0.19831096816670699	-1.4515101555768948	0.46250110553320173	0.9570756510303723	-0.9706724386862231	0.259543747804675
-0.7267033233639636	0.5960552501313109	2.00242011674009	0.6646608276784245	0.25369008464597587	-1.0156674406574144	-1.855500007734939	1.1740145059340885	2.21156382817295	0.7030772471415245	0.42264761444657906	-2.035787407786121	-1.54185610813478	0.20001776819781386
0.018970623675186565	-0.12221876717967073	0.9751359904645078	0.8809058205189949	0.20957491566720854	0.7884601510297449	-0.2690079282126664	-0.5558322360352733	1.3475286614594009	0.6900562632489476	0.013022311974273846	0.920450985971011	0.6633740975089706	0.0786057549396991
-2.506246417778261	-1.5226562014488965	-1.2805034021693846	-1.3455012073530175	-1.454337996247913	-2.609188530425005	-2.2122057963218964	-0.21632367306081318	-0.1325965406278329	-0.3039740281235955	-0.11423479613951562	-2.502295219205225	-0.5998102559526436	-1.27289994642188
-0.6385022141521461	-0.4546264135224224	-0.7625982512111479	-0.952305681595443	-0.8629014730769844	-1.5008509350677295	0.7848896442931265	1.0764184329211932	0.636819049137666	-0.10668813019748587	0.3979435978102326	-0.872687108750527	0.3298854418135992	-1.166454561637858
0.7143873925708888	-0.00854263046159942	1.0157743860060764	0.7877921088021616	1.6091480924593708	0.8451505570018403	0.12982007703567236	-1.2713272747444997	0.18020282310807015	-0.9478729120708075	1.5949585219502482	0.6335504456010681	1.5084615950945623	0.45256141536618794
0.4154011108090502	1.2413383324546405	0.5146483334420356	-0.5714187780979199	-0.9303657663165973	-0.7484120932273971	1.9482129958709675	3.3703453505997967	2.1344147356351413	0.014963227280779744	-0.24918013451037424	-0.30160380014863153	-0.06951018413276946	-0.7669668410786835
0.7830930370265483	0.4345652265788754	1.1412628962480005	-0.5197928211453419	0.6569966004668162	-0.8515866056042944	0.9925749806449431	0.3159677288864942	1.5065175348763389	-1.825334021357331	0.7336597479923836	-1.698634539212394	0.9602596336591891	0.05293266251514109
-1.238309869747291	0.16451827466050173	0.054838799994591625	-1.1171293372091993	-0.2247475763818051	-0.28881729729007555	-1.2967913257457993	1.6155063199167499	0.7461412126148671	-0.9807221250881999	0.9108025950084133	0.3455031063912149	-1.0197690444854104	-0.600831708392466
-1.316694757258472	-1.0487428298173886	-0.7484886880896142	-0.8654159496526104	-1.3180967686808265	-1.4303067322328005	-0.42229318336493643	-0.04556213364820264	0.509376457575665	-0.21277289944609995	-0.46753647674086274	-0.6504830090776182	0.7940322005618936	-1.1802119897408458
0.31990742739237266	-0.5129123039243196	-1.3019686938841488	-0.13236810161849794	0.19194415257581973	-0.1071507861059594	0.8027729167114819	-0.538450534024106	-1.8790560733894546	-0.23837406211407972	0.6362899827632087	-0.21847531472508241	-0.07143212046305147	-0.17555555941724577
-0.08954294009387265	0.13322527296834408	0.9148830529130035	0.05515775547695112	0.1910070439732705	0.6845187922773182	-0.9543141996574925	-0.589892077917837	0.7694692540473707	-1.0617694469332097	-0.4930243760197048	0.07566495392061105	0.2167952969534676	0.44380146032835277
-1.0335700337773923	-0.48193398517378244	-0.09071039614713702	0.04651253428200758	0.38785453453247887	-0.31982125429263697	-1.5501257828496127	-0.7866572584262451	-0.26526352037562334	-0.6967557195081268	0.7754331113487921	-0.17151058234839428	1.3012095424927002	-0.27018153861657546
0.19490187880166432	1.7092314977419107	1.5751033836968824	1.6477871668674589	1.6073128971982407	1.9386632884367807	-2.118224310559614	0.3936748395901375	0.23912693382841657	-0.0578377911659353	0.22519667210637964	0.5544407950708831	0.2926279983700282	1.4145009943138225
-0.5890374582179603	0.4105258540486687	-0.28159356873037533	0.34232439923772484	1.1554686501609968	-0.3030567985662478	-0.41627432736432307	1.1178985259297782	-0.10195469673736239	0.3201973126244962	2.442562476556113	0.18857343083725223	1.1700466805426333	-0.4942225976177249
-0.6798951000195741	-1.113557349257003	-0.5083549500078403	-1.7579419502050815	-0.6273993918113041	-0.7446638169340247	-0.3232957580801314	-0.5346837891112979	-0.09131115230692233	-2.0431847403350516	0.23732169071585107	-0.42669740269256695	-0.8949530765702071	-0.6137564604761827
2.4435638567336735	1.2455806696763947	2.3722473634928645	2.4659874626665754	2.9118149602673626	2.365545506312488	0.4270941648650428	-1.2407826738778718	0.35366588595766796	0.41774736636307286	1.5272289367376901	0.15850786027702973	-0.5488030270626261	2.099810879415643
0.657311558173443	-1.8130330052321042	-1.000445604336563	0.49534024459171755	-0.13170980614786676	-0.3623591799059721	1.8511847865000284	-2.4795239878738435	-1.44035445171795	0.2588049472583728	0.5205516609901897	0.4769039619660633	1.5933564816701027	-0.6439899088418186
2.4549515466363347	1.1359059211392366	2.3742099048012935	0.07528451007802084	1.1010608686473677	1.4984325905393463	1.024020774706078	-0.05493399862925671	-0.3312009848982078	-2.59182342443784	-0.5749144590563752	0.012342308825627809	-2.1963532552536837	1.6081369713675273
0.24462479995404607	0.7372215581023227	1.719508996204884	0.5104109997184886	1.8030391729148931	0.6966578260326386	-1.7781750427484815	-0.3444669050070449	0.5254195168627048	-1.1995367311885348	1.362765610745149	-0.9298447460446283	-1.0974285351475215	1.163387408136054
0.324619276455511	0.6787799389730313	0.8432774002978523	-0.4357211548405899	0.7975086258985091	-0.333000909600721	1.0726359592978811	1.7087920217221568	1.957986567608189	-0.48284114713164533	1.906654113083071	-0.3333607237432476	-0.07000321838214957	-0.3324946303838328
0.5867169963888794	0.7484238556820987	1.2464107563171931	0.5144023424081137	1.6716142340407576	-0.09079096591445757	-0.07693515365355329	0.36810123667338235	1.0786959862862344	-0.3671828353584737	1.9055391607474141	-1.4442366537992297	-0.27983989019343947	0.5835310917167572
-1.4506304349157857	0.23148626457384314	-2.1485941853546118	-1.01240751469829	-1.2085685714338938	-1.4515555954892827	-0.15332075880889873	2.592605226871263	-1.3053265812769308	0.07869992473479634	0.21176678663274992	-0.22951518033067722	0.7083102849172513	-1.465738928532365
1.02503227069711	-0.8972592932857091	1.9033697841072552	1.0403795791441728	1.4109662461656156	1.2959971907931815	0.44397806209912044	-1.4405055939147695	-0.01889014617201094	0.878777395865415	1.6739988799452477	1.6235982218598877	-2.660427035028106	0.49912947006877384
0.24769970683755388	-0.28838589425129646	-0.804259844996048	0.0597534145330299	-0.0070983756656677055	-1.3561096679212632	0.6631175793025602	-0.3222887967820538	-1.162360469673014	-0.2804210176103862	0.1902427879607993	-1.986982995588834	0.9368584037753233	-0.28238429693712885
-0.18287069545442464	0.7666535276842831	0.663855907195307	0.4377770258016187	0.0018797720687752373	0.5366207922938493	-1.0009098901075408	1.2101933396916376	0.23688443502901854	0.17778796591546137	-0.139569171031191	0.3079282481908588	-1.1297050688830101	0.26647853764590257
1.0855656799910032	0.5184819782148538	1.0961643583669274	1.007388579132936	0.46100004568529485	1.2703266918865637	0.3005508436196776	-0.65950146081077	0.37696470137036414	-0.19826976517107936	-0.7533250121952689	0.3880785549121677	0.3296667553970549	0.8482495036219047
-0.3003530593821702	-0.5395470409298921	-0.9130287392268653	1.8981013083804297	0.06692487317697893	-0.3730594056159102	-0.06182471690420747	-0.5955118883866654	-1.292496541028405	2.7696195221996627	0.5020972802319211	-0.046443716017664165	1.1881463989881467	-0.41986918769552234
0.5652239739478958	-0.9749862402464559	0.5742145636721093	1.0214037558360183	0.010185751965284706	-1.1401007910520102	0.6848370351720439	-2.0060078913989035	0.5289172944157073	0.6692350734763385	-0.2897188991299496	-2.0496182973501647	1.1254825834097975	0.0035219779109265568
-0.6320068438670621	-2.253439278160399	-0.596541397548016	-0.8523690806751726	-0.9870527353581204	-0.3403132547475042	0.20255334101365255	-1.5569068091970262	-0.4744640460495002	0.12328228146150834	0.278605733409522	1.107375961001811	-1.7993827679660768	-0.959418639048968
3.039576317249524	0.6767832824640257	1.4513372139235523	2.3544523363832752	1.8736753964791417	2.086056166298768	2.501003092568038	-1.4388204183836835	-0.11561968581645783	1.0219212518340606	0.5560709530866005	0.6148106251227005	0.10863385481629002	1.5183487625309777
-0.9415815084848898	-0.43857197293431227	-1.2882954683172056	0.29375449889974803	-1.5756057916727855	-1.3633581046324743	0.6663686802091369	1.255898028119734	-0.6084028024238175	1.1213718926507292	-0.37882582617126515	0.36569743472096966	1.7626499969176679	-1.5446407891896863
-0.48968894337695074	-1.2444500741503195	-1.6379934516147538	-1.6525647646123778	-1.113596006575562	-1.734919515862616	0.04357459698620437	-0.28713794554658084	-2.5693720719132647	-1.6126490955043018	-0.33020514288980624	-1.6285902231363822	-1.764726361346527	-0.7192220345530655
-1.1391838018575058	-1.0846785209745873	-1.729788352918938	-0.5623510538615039	-1.5322723550286963	-1.7447836985738379	0.4235513558887842	0.4744722863204832	-0.5191202779053147	0.9450029365548672	-0.26127264454508997	-0.7151511248252124	0.5723085953095444	-1.483823611828786
0.8354811553964666	1.1111861807542924	1.3825710355877767	2.008673577745505	1.1253791263105155	0.06983211567722714	-0.23264742358209278	0.17801616902025658	0.7068270796260201	1.254057492479108	0.2161479645241339	-1.6099281861351524	0.6431486721912942	0.8757467449038797
0.3990724852861018	0.8752270131476633	-0.6594521257707244	0.004067258451086242	-0.017336129917510046	0.205219384272807	-0.08110993607597566	1.0149366454950737	-1.7936232682706297	-0.8059896621719516	-0.4795734255231857	-0.5611347891264732	-0.5011413719875787	0.3664933002481348
-0.6856971220192565	0.09916857534343251	0.8131710647515735	0.041677297856458906	0.31890306753803355	-0.17350414534836528	-1.3870791531757134	-0.2552411364915168	0.7436776567184371	-1.243632587628045	0.2512045980791258	-0.29482905968594814	1.4073345950700011	-0.029153661775657647
-1.0124826842295482	-1.1188410390870287	-0.09006668608879798	0.6332984992560344	-0.8033300315300702	-0.8254605435730316	-0.942603562400261	-0.8298541747147885	0.6487497675272864	1.7242689165252716	-0.3100312133379953	-0.7963371192226818	-0.47880536280964914	-0.5251674616962257
-0.2673601679380162	0.2080352853711725	-0.369368168585152	0.9071311971569621	0.7083964193119013	0.7693573057149794	-1.4449111472650862	-0.6853341391589636	-1.5643806187112104	0.09449482310457548	0.15592009219230554	0.12981023848319645	0.5110530029909348	0.5170251682683636
-0.17303947465836217	0.3330661616472003	1.3974096759620807	2.5482806902814903	0.24874470250527936	0.05712875097521308	0.11705508730936119	0.49349584625185694	0.7181856608895119	0.06474717116397853	1.1188031695132366	1.2411470960503264	2.7130630645468368	-0.5056439590132812
1.0923877388377428	-0.404584835334617	-0.711708715438504	-0.9889523996355254	-0.4971353436538586	-0.9999394639373553	2.579382331272825	-0.02463705847598866	-0.5504793461086649	-1.5951622478996408	-0.11964245783559162	-0.8387914972894184	1.0402846123836895	-0.5978595227257617
0.8824076550184066	1.6511177580196517	2.0830130080844125	0.9361142726666113	1.020734408548162	0.25140988369539075	-0.5127801201106583	1.3513647587209396	1.3667881229088474	-0.30420519134072976	0.24197514237774093	-1.4967627160230363	-1.037272310867558	1.0477533649605995
0.8400879663655816	1.9708792581127126	2.4838840325042892	1.8884094778766634	1.1200693122554313	3.037499032098723	-2.043166719131501	0.5262185196034724	0.4491540534270035	-0.12229250017416461	-0.9910767781356319	1.7822243847292654	-1.2453415913474615	1.9042164646201216
-1.080210039942045	-0.919387148446751	-0.32727786620988264	-0.7925193847315106	-1.1943614271372938	-0.040775416397294206	-0.40846847123144314	-0.1409400431706907	0.8636266823670857	-0.2633659509258645	-0.5992205811734674	1.009383625760985	0.05632643241791773	-0.8460884090279202
0.7996704483418495	-0.22811152704142998	0.7075608780729714	0.3557174348644206	-0.23958353324971757	1.2371425770436209	0.7133008729009925	-0.5723195053342315	0.5641244584045604	-0.0036713090324684613	-0.6126951148363923	1.3777702042720572	-0.7324894053725701	0.2617780572336229
1.240504446733027	1.2605586550368648	0.560482636556403	0.5334634149494618	1.2094749428889355	1.659865168798845	0.1278753996260468	0.1345357418620895	-0.9495712188745518	-1.4511959648797077	0.054607584140527174	0.6527467763545994	0.4559456039921645	1.088648089121178
0.29579451292926107	0.8929235672261872	1.3252879926786911	1.550039151352951	-0.10238665321690088	0.9789165061470231	-0.5847776052907729	0.20917850415895609	0.6572165415285415	0.2709909972575831	-1.2716710307650732	0.8511039399310705	1.5332995766735626	0.4607565493961009
1.2714682427943587	1.4937748201257124	2.1460563854500054	3.5882561152898482	1.6994073248836241	1.8878465969558524	-0.529990519542604	-0.487380080805821	-0.19415119006793355	0.927517825040329	0.27884024382238426	1.0514698338813566	2.122258041868742	1.3617512602354565
1.9982318706602904	1.1668525409694093	2.3608925162704817	1.1292781968566568	1.3335271603852135	2.1381641132104385	0.23481435434574738	-0.7006878212488561	0.8299723944855643	-1.175395878317802	-0.44808835657406204	0.4215894540599482	-0.7760169392692636	1.7424686215725758
-0.37968098936804817	0.044858408185500465	-1.843051824508444	0.7793278886895392	-0.4281356448996647	-0.43205339022613043	-0.3036076437178296	0.29051765332137003	-2.879404212019513	0.9021323910743112	-0.43425162591858496	-0.31028991859439603	1.0658749265985612	-0.3426271691270338
0.7254005227369862	-0.21095141610234525	0.7860604126417159	0.8843345268737361	0.5757431157173292	1.7520226289569796	0.3364849656455872	-1.077776676479244	0.48908292666256736	0.40611446063090484	0.23269717889855732	1.792346445275641	-0.23108161944811012	0.4819309136748232
0.28481198366037175	-0.9301155687211694	0.1462158294062607	-0.14331440136732806	-0.5192003215836964	-1.0160834748173566	0.8472677163530357	-1.2088588701558358	0.6683582346672842	-0.27991705343892953	-0.5172387369007294	-1.4791736331545167	0.4976175290576733	-0.3043237524392026
-0.46583148276213526	-0.6647184025922561	0.09721336861000351	0.05197735901832545	-0.8734968980092623	-0.11071373652548958	-0.12857725025867658	-0.13904857101505116	0.8573089839914924	0.6819305532971052	-0.49538468232580135	0.31925343875517337	-0.5346913505928556	-0.4743509898646543
1.5699985816818922	1.1526772158309735	2.0093967281356315	1.758922587505928	1.9547257035398033	1.019156111533372	0.2190432065527022	-0.4890792457835252	1.0088585629841442	0.17131368513794942	0.8491695578370388	-0.9298265065718635	0.30054039200809923	1.3860166848994686
-0.8097067017410371	-0.9733359040731169	-0.9786539725147889	-0.08315527255956767	-1.8575463115529414	-1.1840417758918913	0.2810128351065344	-0.10054397395018631	-0.12290307323206434	0.7873132345988959	-1.5151990339984118	-0.2744341637616785	1.0389684180332592	-1.1208032033096569
0.17762923038860157	0.4513682418146298	1.7442113969703015	1.1422838469103112	1.3619091349804273	1.344448898717459	-1.6993493946631488	-0.3246908522262268	0.23282472766783321	0.186852761626256	0.9393557111180199	0.6398830310678328	-1.745366125177847	0.9952559781859353
-0.3854691667342484	-0.4432783254440641	0.4490795342755249	-0.3363268579203428	-0.7941326925694985	0.10993782982472317	-0.20951219985517697	-0.3561501039201932	1.2065242366616282	-0.6010206533413612	-0.9256847884367676	0.5194120631671754	0.6541631501120834	-0.36042089311436487
-3.4147410576888477	-3.8484468737165525	-1.8230615278574838	-2.3182031270815813	-3.5980330453340956	-3.492639591547122	-1.3075489136918277	-1.011732841968625	0.4167919054922203	0.8360756362719064	-0.9430251151814666	-0.9457753537780551	-1.9680665483152613	-2.847793858872325
-1.636545678425212	-0.38761980390618545	-1.2176406319336313	-0.7116320159135945	-1.1295845681225491	-0.8150094593912265	-1.1059080333483524	1.2044570361649989	-0.3484329752897734	0.3107598234149576	-0.03496740040260889	0.05782835070096553	-0.37095688425265216	-1.0361026487546543
-1.2678626716053258	-2.0302705166461483	-0.10369613097759028	-1.8708690239685097	-2.4189610486356847	-1.394171041285547	0.2792961873197201	0.4921616025854663	-0.41802353573958595	-0.2751108552323027	-1.1428581085686027	0.8671304468313078	-3.0515387289621305	-1.715259732405002
0.8050362109994375	0.34968284176660175	0.5329983520482342	1.1692793041036844	-0.14452187468751682	0.23721773214998976	1.1476685520410734	0.2790065349958587	0.5691295708006988	1.0459948323624533	-0.48476722374069203	0.27213141062616625	1.0442503504763614	-0.02657114932618577
0.35958541897424245	1.3253847849114055	0.27560577029753763	0.4330627396973644	0.13721078726521888	1.098391422473767	0.5829696033217105	2.1867456763231803	0.4904355169928232	0.35907903530248214	0.20689884472318748	1.5483776387592798	0.19994099759925266	-0.026650820402353163
-0.441162754727923	0.39961268905761416	1.6261057046298804	1.3560708808384647	0.12615578532376803	1.928240348701172	-2.2939802847757575	-1.0513641441396775	0.8542963195182451	-0.26121887562694424	-1.3910874111647231	1.8508495308532251	1.3157718350663765	0.7672768085281452
-0.10243118200492807	0.7380574552234684	-0.9031849787040686	-0.0631114717127364	-0.4579173096600899	0.16346992424770895	0.604110885875553	2.3662087131121634	-0.6954747376929221	0.6467004804399967	0.3606281069072367	0.932223116343841	-0.6085297392391291	-0.5599618247960038
1.383559910788371	1.732381234206172	1.3189319189816944	2.62241254921758	0.20830798973615727	0.1056607203956636	1.0037096719452514	1.2923364224377816	-0.02897315319750091	1.0520986739218408	-0.9004812370712071	-0.6357400602422734	1.9651560158506873	0.5639481775733655
2.4776702038380662	1.15037038534267	1.0318421715587849	2.0437335723274734	1.9916766353205657	1.5145131811319044	1.5242301383156418	-0.8330462665353049	-1.1314053553754122	-0.08532042985802377	0.6679383312902784	0.08104162653983442	1.2432605179887442	1.401546041666104
-0.17310606502884185	0.34898204971431057	-0.3806229003577656	-0.3546944578790028	-0.5012228727382423	-0.2831890933241411	-0.020707098394629784	1.4045639770655995	-0.4597371790305967	-0.22031561881181705	-0.06250205960743976	-0.161480678133259	-0.9815123077207991	-0.29745387498088927
0.4760030908116434	1.126013438245489	0.7182408562104963	2.478603946972175	0.9597247185169457	1.1859650830867503	-1.5417231945442584	-0.4903704245050343	-1.0866644063114588	1.3800913175899232	-0.7604805785698263	-0.5141575402273606	0.504362939870029	1.3193631049745038
-1.9485439868996797	-1.7638650746589115	-0.464580488817135	-1.174716258241065	-1.9365352348681526	-0.7493007200268014	-1.3317264692751867	-1.026142914936923	1.1744664862931897	-0.3800496317752824	-1.3138311970521885	0.3737658771771066	0.1197438685326114	-1.1721280994032799
3.6336033978590105	3.765375032326457	4.735364417736157	4.224127796065489	2.7089786382919834	3.989195382709168	-0.2183023393261362	-0.17633817724583845	1.2449178468214763	-0.3116519039593057	-1.7947892441973243	0.6162612186142473	1.4144281572909676	3.5882923072157666
-1.1779608582822556	-0.30195097182971603	-1.519441830654269	-0.5369111869301302	-1.187781048719772	-0.9680256915396581	-0.6787297241685667	0.685067291140529	-1.3322904017702732	-0.25885978746598864	-0.7439137497917682	-0.29424683306021304	0.9632696672669624	-0.9056452799674259
1.0475081554342205	1.379327746161716	0.7557460093333487	-0.24954974189563384	0.8402024586852269	1.2952647816197351	-0.024593881818459746	1.1473943639892992	-0.6727387672297493	-2.047281552989957	0.17739598411702126	0.48906470017190556	-1.1101213337867768	0.9129153945254918
-1.0056054258983265	-1.1253644608419688	0.7729021388464536	-0.45497640699237607	-0.9282802738117502	0.4700276005447507	-1.4208912055846366	-1.1462985723449028	1.5178878276859529	-0.4495793749973321	-0.8476991997758869	1.011732286255059	-0.8224121136580481	-0.27310289470341764
0.2542670593766397	0.47060577298093	-0.2081081133709517	1.305963660096353	0.4026610589276106	0.34296577573408243	-0.25889847000130056	0.18912081368973407	-0.9933087148955795	1.2451289256911344	0.07574187747722297	-0.39902514238931514	-0.13538897849784273	0.3842110804666581
0.6213854434337063	0.39319910107452355	0.7244505410670479	1.4050407621566146	1.3091316848523733	0.4723486405075754	-0.41362008271912226	-0.8016258149564401	-0.190411004861151	0.5418643283365194	0.7256073345676841	-0.917380729658516	0.23053243297800363	0.8280681034527869
0.8400961329571817	0.9671711943847547	1.1166954599605714	1.3919882734425382	1.2062723067542702	0.6611265081867295	-0.7205387225247121	-0.4817275127680446	-0.24672469255777443	-0.10730791506285042	-0.08322946982811752	-1.338501731092383	-0.040937027063476475	1.2643951074582769
0.572263788745595	-0.2812580204780664	1.440344111990553	-0.04648496197571095	0.009333611208599102	0.6561909688904098	0.3973630426676176	-0.9226556405648647	1.8850193598704883	-0.8687255575765406	-0.438561542423778	0.25748074903562734	-0.15953442748429614	0.3042422493577116
-0.6100930994547489	-0.391054669549472	-0.5589184049313207	-1.3450950123661256	-0.5586794046087626	-1.037598754967751	0.6244437608302572	0.9430186631523366	0.7413761303321752	-1.061445277119681	0.6769409605407724	-0.19657650844056343	0.6249356696513859	-1.0818530013711511
-0.003914427517181185	0.43291047025690566	-1.2416286535864138	0.7554270594326296	-1.2840170782380116	-1.0340290915413934	0.9314535242730034	1.6589843803628608	-1.1141810057314223	1.862638853224575	-1.2025515800642528	-1.099925973671996	0.0563779321694532	-0.5737557443947013
1.1295471018183072	0.10571710060213374	-0.3963653366233225	0.3286360999527216	0.7659930425693646	0.5932150103693694	1.0619918100306847	-0.46999111963429024	-1.4251954992231939	-0.44355407688737986	0.629280462011991	-0.07068376976287541	-0.2779466258294522	0.4433010975485983
0.6982087842943506	0.32857379467604086	1.2753140399594398	0.8980874772445477	1.459734467547649	0.9871945891699907	-0.03022925939496422	-0.8234425235363118	0.5606251352165068	-0.7714988165181942	1.2033146776214627	0.6921262745508998	1.411865258773762	0.5402662570430754
-0.8598040256739938	-2.2117425385869263	-1.5066636355301735	-1.045100979063038	-0.8169293524115472	-2.0230215178086826	0.21053204240992	-2.171443427340112	-1.0551930197309296	-0.8987310240078757	0.23295232091579166	-1.607709723517387	1.1531793723443942	-1.1395123566517378
0.9542743067697284	0.9437432589809298	0.5217584539731059	1.3020058299042967	0.7297755034055464	0.8660373533159154	-0.05702709512258099	0.2644911562802446	-0.7354346724131566	0.48342833839546245	-0.1021205073463748	-0.3352892835388984	-0.5676391998428517	0.8985764051813533
-1.197836459412189	-2.2353902409532753	-2.134181546226822	-1.353996588046391	-1.4707097556083426	-1.455749323609477	0.5471630005365855	-1.3200791118851618	-1.2334687360841368	-0.5612271204099494	0.04465189479373149	0.26138641232751675	1.2044234140268129	-1.6842274566275408
-1.663248854715566	-2.467172539818367	-2.617015940852171	-2.1509006038251806	-2.795108224139141	-2.668240300441569	1.5344862480444448	0.9432528290140495	-0.4002430318173805	0.9267208569411086	0.26420262048183646	0.08493134165471283	-1.379167522421902	-2.7572907327424163
-0.6240772808587698	-1.3788632974810433	-0.21467112301806057	-0.2973808542527272	-1.1224845990291192	-1.0321370640039886	0.39022127040791726	-0.8687797147061426	1.0962016946628463	0.599249286835879	-0.44145295902088166	-0.5963388213244799	0.08045662416390417	-0.8736867934901387
0.40982715560567196	-0.9293033276283111	-0.8913170726414388	0.539399623947002	0.6542016463163582	-0.0892622044786765	1.2497539021165254	-1.0017155430945792	-0.8596316950582478	1.084890536086456	1.6405587737297813	0.21685523818517558	0.3830396185652293	-0.40488192548460944
0.8229733123021815	0.4244085769889936	0.962359619851475	0.26891777506890174	0.30764380852535644	-0.19912382557471717	1.419202633115334	0.5527548550703283	1.1736439832017072	-0.7452775853355627	0.5376041784575349	0.015156345951101437	1.5378284202691073	-0.2148100201070248
3.0550046345069646	2.4280592911800727	1.0452318144973056	2.3541228960943736	1.3534093584902105	1.9640370677386234	2.4166904619529967	1.095685307479496	-1.7690829067709746	-0.6026962001472002	-0.3821975853101339	1.0564665359597376	1.889304595593629	1.392787187573649
0.5721045281974533	0.19293868484985632	0.22229370908485796	0.4772804632705843	-0.2464523354437051	1.506715822585761	0.44346174954102463	0.6382742294738113	-0.6245878731799935	0.5258593410803343	-0.2760866685428623	2.304304882792161	-1.5458155902075883	0.11913726520708721
0.19589635923950577	0.7568090544581199	0.4804490874099161	0.7340418235724897	0.6778009601999986	0.6250315207471527	-0.4525936216037037	0.8623938319933749	0.04922959416897628	0.4347914449140364	0.716210445750666	0.16159185439437906	-0.6435439992550254	0.3680815551130999
-1.405376375948623	-1.6361301730249218	-1.2913840732447561	-0.43530069651726755	-2.0942827972104063	-1.534078493298507	0.06696293128957956	-0.33805292622203736	0.3159743896158176	1.3006721838377147	-1.0983179811100015	-0.3453161111470933	0.39207154505292324	-1.511712726302284
-0.8298533237784124	-0.21017631142490023	-1.5115961145502648	-0.9299781522324901	-1.893682480020205	-1.2073185108370497	0.09449982669569588	1.0724707063825893	-1.0250154711730388	-0.5611233380109185	-1.7157009181847174	-0.617582985529782	0.6880412641950208	-0.9912669880934579
0.1406746301796435	-1.8450949449483571	0.47060298604918466	-0.793568559242757	-0.6331209847047523	-0.6126744454385187	0.5329798380168933	-2.0988899013646822	0.8453213125752105	-0.8539783109048749	-0.17496003037060193	-0.5662846445950942	-1.2308541282176353	-0.3395901784860207
0.07692599376288695	-0.02367415934875894	-0.6125067022106669	0.30146668779887176	-0.432663285850107	-0.5717622112500177	0.5476169078738989	0.5941897088119824	-0.5423012723165225	0.784943669411409	-0.08974157267251859	-0.7481497942424602	-0.3457601486686248	-0.3110359549022234
1.6228361777415383	-0.09413889392487018	-0.7978759756718801	0.8098896290500738	0.630675361867246	1.1276315210276504	1.2651076752111614	-1.6043968783542695	-2.717638434714051	-0.4408508184477724	-0.3956680582022645	0.18541987737928609	0.23346808756868348	0.8218056155739548
-0.8795830821415761	-0.16022971745721482	-0.5415518827955604	1.0866720323258825	-0.22391518058037455	-0.29027308809304714	-1.7902625679709145	-0.6868828913278199	-1.3093522171426828	0.8411901362396336	-0.7462132573799777	-0.7753247809432137	0.9591265084406048	0.060074715651356164
-0.20252630403006655	-0.45571345918752393	0.2990557092527309	1.1876914330823696	0.11668879134061072	1.2252641041272825	-0.7209536238190323	-0.9643460834942224	0.17152762521656048	1.4289906671316972	-0.01162317975053376	1.4223960144783672	-0.28499981915216127	0.1798941547394417
-1.1630679634488872	-0.9876686840320492	1.1139648054806113	-0.5694012040402009	-1.029237765510577	-0.19804300218626492	-1.1625016455065764	-0.6808487837219949	2.6901819757828322	-0.33095045876858376	-0.7516714766008394	0.21600672358476014	-0.3031657170527276	-0.5185262703883069
0.410693072485008	-0.4027632005513958	-0.3174156303117983	-0.8498864172091545	-1.2497438962837337	0.22574658475581494	1.0052767570174486	-0.18823854317707378	-0.15395890960306438	-1.2769424103059799	-1.6008191166348418	0.45108601194117814	-0.25756118596187283	-0.23830783745277695
-0.39134114774389883	0.8297853997834006	-0.2957157346047784	0.8718417555579536	0.018502764815228778	0.9853944947751789	-1.160816322093086	0.7605931266188252	-1.1394400876754223	0.2168523560864456	-0.527628664371532	1.2152991962217619	1.0679735653548037	0.1598348107411447
1.545725214128446	1.6143208025899287	1.7832673394067606	1.604867799879006	1.104055561171645	2.2417301164186587	-0.6953553611332169	0.0499940723704335	-0.4758758932137128	-0.45117393270798256	-0.8765512988162842	0.5766405310509215	-1.1347301247718529	1.8112703841220392
0.28720171409518147	-0.17730461242628087	0.8824368668183842	0.40806295602380593	0.4018987034742456	-0.5772491338807069	-0.5657380800840861	-0.7876393973244203	0.3358990488987802	-0.26293117858159293	0.12847769975692647	-1.9663175690779724	-0.975836053751813	0.4904462367187339
2.2896082680476098	1.779326538697333	2.403960533573872	3.293775649203909	1.9255316349660194	1.5579908597349759	0.7373053269685296	-0.28189207873524974	0.5911268709821856	1.3886397709910456	0.09138635242457256	-0.2616593811521135	1.3683968708087257	1.6747824117767376
2.5675569498739703	3.4056186425107717	2.96911371037643	3.4057665590990234	2.75086947315734	2.5191502926440545	-0.8346085041793632	0.4473010876166409	-0.3067425852916404	-0.17021344873036845	-0.5789657102132776	-0.8309455740526319	1.0741135410814946	2.9224152817244886
-0.2462418107107216	-1.2622794566791975	-2.022520820898087	0.07513448314752413	-0.0897492046523577	-0.12022885087901475	0.537468678402603	-0.9122837305989273	-2.3640843186529237	0.960320033048681	1.038490473986638	0.551439446156662	-0.3967691693337489	-0.6355553844530912
-0.7896323321002733	-1.3973444980128318	0.49118630553431475	-1.3722930070895942	-1.861557123139776	-1.3377970148819331	0.013633571963627779	0.2814914979242408	0.37143186436641706	-0.5588308974691506	-1.1683322022407208	-0.19553104447708824	-2.569663323299349	-1.0523067321075064
0.9655379218712162	0.9687519771039604	0.8768677804456172	0.5712213860379878	1.1247068467281933	2.2496451810488223	-0.060840230932004594	0.23216577771439248	-0.15424116405127472	-0.7959602324276123	0.4862189814418323	1.9123001307683047	-0.4745767501871187	0.9243678605127487
-0.2610981120579153	-0.30135948696060877	-0.009339619400329638	0.16982649214338158	-1.8525525021669886	-1.2127871733281994	-0.1023184636075546	0.4445826887869039	0.16122972806885524	0.7522579643130934	-2.2103455555102824	-1.592330621793291	-1.1000494429721668	-0.3480992116383177
-0.5273458697051233	1.0629899700584022	-0.5715895669815663	0.6038260656867891	0.749189418668243	0.4156857750961774	-1.3389670621791911	1.470278869355843	-1.3589978680767976	0.3619523178050942	0.9463957084009095	-0.015271558065463549	-0.251619935271863	0.231146635499269
2.873521796441651	1.0590542339799152	2.2698276631333933	2.254193892561456	1.4747179698295236	2.936580196061137	0.5987614060710053	-1.9794970830897083	-0.41399462510207996	-0.39821161651097065	-1.3111410562113561	0.6539643203418516	-0.767816931502536	2.4003158701342473
-0.693980679244053	-0.8258819398387467	-0.6247688072202764	0.08843242355178982	-1.3690775905762427	-0.2996823493500348	-0.4812474016208559	0.09181858267851081	-0.787490884538447	1.0482137957645927	-0.972825239703674	0.4452707546448711	-1.47319387408922	-0.5863343146280092
-0.03931638003603721	0.22584637505352073	0.6701808815424384	0.759562799898471	-0.1035944009118166	0.301166538518129	-0.6728620888028499	0.39159055135726006	0.3435199347641039	0.7996150053428127	-0.2302835027255384	-0.0013485626124510167	-1.1173695873930782	0.21436596171778038
-0.7522968596793256	0.3472823372693223	0.004608159703067841	0.3831759106540679	-0.5329372930489096	0.4659328318181638	-1.4238256265995124	0.402413558375513	-0.11363517719769625	0.12110039562869626	-1.0641142547434166	0.3436862150551316	0.20883798515541982	0.06406660521293052
0.6324729582366516	1.9126354762165856	1.0258158264220445	0.7339802169167572	0.7810460211932556	0.4552073949043359	-0.8171750714649708	1.2714685713287497	-0.12748271147974238	-1.1039271316675754	-0.6019587271704746	-1.2259179510854248	0.6129406899782831	1.0271661954236793
-0.16426945560955497	-0.8198842623309117	-0.5801451496590128	-1.0441111932848315	-0.695392158591359	0.2283239499677011	0.9835737575415116	-0.14371764668656375	0.338932357462719	-0.9064474303369466	0.07180210179763795	1.4910088133566668	0.5273047781834279	-0.839114629955659
0.4094313367120206	-1.0390319400355326	-0.05904237376671201	-0.2570519144011423	-1.5739358898445417	0.5870697384078082	0.3869903698360689	-1.6211339043287691	-0.3781220936644339	-0.7153618811539498	-2.530615910651506	0.6017093109410367	-0.692020301568349	0.07205246287539858
0.27584016970365544	-0.5485671638714044	-0.962798396262724	-0.39839423798649093	-1.0110914841215934	-0.9322338511298571	1.5070390682181458	0.13228262920354555	-0.5368854325877513	0.04844155656391458	-0.6385735261553399	-0.8169443804374961	0.06831953551580307	-0.6416006484966923
0.4573546731580456	0.360563091520058	1.0796700313671204	0.3259617875679366	-0.3139654858038885	-1.4761538069058588	1.3432144219728874	0.9642099611137288	1.8324651940673646	-0.2296097744418913	0.044937948403968794	-1.5446560196709167	1.6138981104097467	-0.5407425072301286
-1.3745593468455028	-1.2997070560362032	-1.1544076712587603	-1.4233239448248407	-0.7684680959942448	-1.1415988236358132	-0.20971477769202454	0.23578026466654334	0.20474993165942995	-0.34369510706073786	1.1128290080466354	0.034333796867035644	-0.5342088391173975	-1.3343334470126498
-0.05659201835015493	1.2336386347613861	1.2594028857038602	1.7801558270048568	1.5650875549921373	2.0393721804044183	-2.7019683255167837	0.017454574492742323	-0.6156200086914697	0.47038778106542956	0.5155861986700639	0.8464250340604512	-1.0093193844461836	1.4250297669549774
-0.018487724113692205	0.7044167884282393	0.8310103105787191	0.6832188668342157	0.8751907033067312	1.0141221682204788	-0.3605226562068507	0.7671361363532908	1.0222718990136617	0.2384211215669972	1.083864183901679	1.342494530468852	0.8428707085349901	0.07556096490926684
-1.4182482212966432	-1.4633997362570046	-0.49812326671732704	-0.6429865626820312	-1.0883836252315704	-0.3081180925715905	-0.7725364293822558	-0.19709509752937868	0.5597835469568061	0.675645515051339	0.3438209436825999	1.2081923501833192	-1.175036242664568	-1.1101354292064638
1.5768774377163284	1.2464095148513936	0.2505907078693582	1.3786573978937757	0.9939371094981595	2.3298239604958355	0.7331787200586533	0.45419005449616334	-1.4206934488632657	0.3125013292199402	0.028511759883958373	1.8104234090043023	-0.4463384569846612	1.063163173550628
-0.03935122289455556	-0.04416058549081654	0.878384454875532	0.9056187402407899	-0.6144404091505107	-0.9222128428714136	0.23041149959333632	0.05036567346495794	1.4099045890251363	0.7628909563423265	-0.7658948746132562	-1.0126346906297667	1.3854989865331342	-0.3514797868764182
1.2189461860079585	0.4416661214503759	0.45132899636305235	1.7478871998957928	0.7375825106631325	-0.15586147123565663	1.7172911174131682	0.24122372970631265	0.05268513013470614	1.502578232880467	0.8809001140599396	-0.32511210564254683	1.4294784415349295	0.011036195319602407
0.976245730296497	0.6158593777057914	1.3559589875270033	0.18261950271045302	0.6490710960588253	0.9496480050109548	0.40577234719615374	-0.015999425983970028	1.0951723939906544	-1.083777207078602	0.038066091151598015	0.1253121843994862	-0.28548239266210607	0.6825555118285945
0.4614570082956409	0.15756071048359843	0.683147364548995	2.406302366055989	0.014909576373825839	0.534663319764824	-0.8293803407714097	-1.397259085155364	-0.4564163370640578	1.9003444795829405	-1.6135070751176535	-0.7708185122799938	0.7353827225032992	0.8488396170761568
1.827803851820852	-0.01445999280450938	1.3376143415692443	-0.23765656553910153	0.271228815478043	0.5674115797030194	1.4109027710498738	-0.5497492893574815	-0.5968862302456398	-1.6844007333920281	-0.5239076254682068	-0.115552020355821	-2.1742816782330996	0.7502459164565994
2.458839372885516	2.370718981863712	2.191054269430073	1.8644347975116213	2.675805802313448	1.6653708783236922	0.2828261418244627	0.12195458174857418	-0.1051302900468279	-1.0740441227406599	0.6322190149861298	-1.2640141547903583	0.31853084775088636	2.2338400632643904
-0.05326558671735204	-0.5008196456296327	0.057691519662419144	0.08195494924767244	-0.7100038598715103	0.7919508433598355	1.0084306633931353	0.2615734013948358	1.2160401532560619	0.8985241643675267	-0.08704186376111436	2.1094157986956765	0.07673227045216273	-0.6731101405569667
0.8818286156495013	-0.6812880646008155	1.0746902302372217	-0.28244049664560816	-0.8546959527419218	-0.3504302779840636	1.6443657034365378	-0.989358546817098	2.0203560988724796	-0.7018109880280596	-1.2725704855067406	-0.5771629341922465	0.47265887490513075	-0.1822047114915829
-0.11272940411735688	-0.29695500620480486	-0.3776103227923473	0.16336379854543248	-0.16054461362478117	1.3001341951780407	-0.6680400345905361	-0.6040007235680859	-1.0782404020650445	-0.22381941574719705	-0.39005808782943935	1.5789261562785986	-0.6266953681244827	0.19078450156094315
1.2827038855817807	-0.8131458343644956	0.5348531016404983	0.5184684208250767	0.42346854268293477	0.6026894883487076	1.4042993443404466	-2.205555712261414	0.01030348600024073	-0.611119122058683	-0.0776037155054604	0.36030203135198796	1.0851641523880338	0.29315476251474587
0.7324162702046781	0.8987196082995575	0.9140100982197229	1.3455161399825033	1.4757184967066324	1.0314998280202003	-0.4133267312967411	-0.17112386988393216	-0.06261662171349539	0.1837746138223193	0.7987197253846725	-0.06050449105897377	0.5305074595716684	0.8952924383155831
-1.6145067719808266	-2.259605955881651	-1.3680274779595345	-1.6661716820946433	-1.577562761501016	-1.261719317790115	0.3133239748478463	-0.2638045209111202	0.6809468551044784	0.29583264985942653	0.8378512640580578	0.8944914021534296	-0.8688090668766717	-1.9275614299596442
-0.6902753229789947	0.39634190190872287	0.2456347953506844	-0.44103400247532887	-0.21689033725974374	-0.7765412358117819	-1.4088099081044165	0.9042622656061909	0.10470006258962297	-0.9223048299801951	-0.1538074820784037	-1.5560024140870616	-0.8766448620684679	0.02911351495870198
-0.4610467914403171	-0.34002336979370396	0.5787818470054138	0.6919885785571713	0.15650037219037927	0.004736485258825196	0.22512452233965063	0.3711207548840251	1.9731809316966122	1.6550583639133039	1.2168295846167736	0.9211174181339303	0.6945393367877758	-0.7016036900816741
-0.42987058876574885	-0.665095959200281	-0.08995145638108648	-1.4133275828509158	-1.6196654119199034	-0.9163804908676995	0.5225590803835749	0.6194296016365087	1.0529295323503685	-1.0536205501882114	-1.0045403952263676	-0.3027891277403321	-0.851008039189402	-0.8665521123443057
0.31777186414936576	-0.36139917100689745	0.08821295362167139	0.07121154133034413	-0.10297388101053719	0.3005902671875774	0.3387000012495039	-0.7669353686832637	-0.03139864707657655	-0.37951218758714766	-0.3362300704977701	-0.009975355899507515	-0.039861517727262034	0.10673435374851316
0.3110491496311394	-0.3953046313821621	-0.5413375712008375	-1.0572698312848994	0.5381037265525429	-0.6163020197867057	1.4522768277174471	0.3403449221063643	0.06015105570543933	-1.097887252436148	1.8959694104922054	-0.39308964114570416	-0.10034731623402635	-0.5794421213991754
0.8744437803886211	1.386743247217035	1.3768704068808406	0.8459307954705272	0.23426993253440875	1.6823577475264058	-0.10641040387679951	0.9422756575853994	0.7890630861427437	-0.3071234276736902	-0.9802015272191923	1.0135938515287954	-0.31257215842471314	0.8838922843507377
0.4388961601475218	1.474965731780614	1.6785221853707784	0.6622761795065484	0.44825311541990703	1.7609492960279387	-0.5039549746580941	1.2038851103045902	1.6213563898036667	-0.5107511667694228	-0.5043694904418673	1.4958246697695752	0.3760305301552299	0.6774285595668137
-2.5212332176731374	-2.7906929714689532	-1.8966256172081877	-1.9760576101851224	-2.2374908147101653	-1.2651158888444458	-1.3679087606611697	-1.697063569421207	-0.2812905365842537	-0.6781959934207239	-0.7754270800694045	0.45550253675505625	-0.18776280271105691	-1.7349022692740177
0.4206429478342692	0.3528292577877339	0.24523881481721607	0.23028548370691232	0.6013331587636753	1.7041985544767595	0.009766299549675412	-0.11168575177835098	-0.22984839114425157	-0.6598617788590537	0.3032730074542817	1.897665530010658	0.2420548445015633	0.3714297399544318
0.26527357382431055	1.0545987842343916	1.248829902589621	0.9609974743275169	1.0176316562495447	1.0800754495948723	-0.5869532040872495	0.5051516834313582	0.47766889397090695	-0.8250067765356163	0.6582968923463568	1.11849735427042	1.6417547723383956	0.4231568197078974
0.952027200282237	-0.8018608680003665	-0.7735687574811333	1.2395303973420346	0.6836101973983328	0.6760988765950173	0.8760080625621807	-2.1304288695042337	-2.048695068701811	0.7604408209916868	0.38207230427426364	0.41522689317502853	0.882438426663559	0.2999087683694618
-1.4624236418961538	-0.5903550099693753	-0.4860410548831471	1.0055500125911179	-1.2569946826071803	-1.3342809301520102	-0.9892931304532677	0.1683876191593963	-0.3034040963741055	1.0764099348403424	-0.5890350539824392	-0.279609055017817	1.9788322832666476	-1.0871540381183427
-0.44699928508296916	-1.1504854285599235	1.1189600146312801	0.14141206133216172	-0.04905588721204415	0.8147301134453029	-0.9304108207600483	-2.1520992603089892	1.7065421007170014	-0.4195547633678407	-0.3017187305893498	1.0724037191254967	0.6459559278619683	0.0115829420530762
0.1877539811549377	-2.264546678615674	-1.5427083774711512	-0.41955305471537185	-0.8216885129378564	-0.8961128513404004	1.5702192152524614	-2.217377819764367	-1.2616197454189675	0.48929746583751377	0.18069157430604443	-0.39514386242377214	-0.4959504418827357	-0.8349298983805069
2.559401909237875	1.9486682489904696	1.7521258431206952	2.9460991577726827	1.7333929408748916	2.4328002551848718	0.48775977329088	-0.5409120258932958	-0.8018214172146672	0.7741523377324007	-0.8985361039377876	0.037408421382856244	0.2763571047065369	2.2179440435851396
1.8459212968024752	0.8274827824608778	1.882823410957415	1.6632238775385577	1.255004023135096	0.7700363624313836	0.8574305669220668	0.03705070145844005	0.3316854717180209	0.8146652202713246	0.5301745578590644	-0.5823249289874305	-1.6547154874145082	1.1361954590687156
-1.4991145216780817	-3.0307313026203246	-1.2912914539181268	-1.6049709013836932	-2.139069658527265	-0.8490028635760363	0.4060274756286785	-1.4433384333751849	0.47812809878012164	0.4126100742664409	-0.0655269657492885	1.670581462747471	-1.2840402593677838	-1.907920190721657
-1.1877386029826342	-0.672761210555537	-1.3079884151811063	-1.2903073503346725	-1.3891399785836192	-0.5449877932263424	0.023865057826413873	0.8770809920050782	-0.13139699421470138	-0.49156088288396693	-0.3165331238467616	0.8240122591643527	0.18488425058164462	-1.2359866558749129
2.2009431595268687	1.3074795796013572	-0.07145519039872239	3.3779412809203126	2.0496203103268145	1.808320134212754	1.3636531101990055	-0.45393173891555333	-3.548825739868268	0.9146717006979769	1.207766320484228	1.2644408906515359	2.1248101897937945	1.1548765849919302
-1.5797577083675527	-2.111265347225407	-2.0781746645155144	-1.4962790401326729	-3.1766920646321353	-1.4200354008857907	0.6397674859616254	-0.351115302105716	-0.30153681697596457	0.09155758902700516	-2.071425137745538	0.9642871526724812	1.0164474398815535	-2.1038856539382884
0.2055931450170465	0.08600880556145829	-0.16763941981493768	-0.2848163951867973	-0.0735015607745566	1.190882697257836	0.907385623783371	1.0595451924825736	0.323800804070173	0.059999970379263176	0.7824585191282152	2.4272943089818075	-0.5904091151284558	-0.4316364869023947
-0.046502040280551715	-0.23330364086546374	-1.478346964452038	-0.637540792889934	-1.0649978105294264	-0.7135192503202561	1.5045248520667152	1.1322857844972387	-0.8773893019716538	0.009490798643164718	-0.23266020771196064	0.32796163531485206	0.7319668973664252	-1.059068491037092
-0.7445446267337626	0.11590873885781472	-0.28132981398749873	-0.06256082371914645	-0.12165455056696822	0.11639600977676828	-0.3635922061977628	1.0697902958814633	0.42842594904608244	0.438253455858281	0.6738678329990981	0.7601815274464887	0.06652534528582216	-0.5392705077282277
-0.3142315744466302	0.3098721513158255	-0.4078869845034301	-0.20818208939036525	-0.3408984547309842	0.2028979338918138	-0.1903582740225545	0.8902101770198695	-0.32781651679352286	-0.30716457751065396	-0.19442042117652444	0.3587160580518307	-0.06150191659859802	-0.21195357157637656
0.27233454846327876	0.42016055057936214	0.0001062703908539242	0.5223469704285288	-0.5653351640762675	0.3660040796784963	-0.24822167484893629	0.4218078068523548	-0.6955358556256999	0.18893071218741908	-1.2413454093961531	-0.15967141567480037	-0.7254630090262304	0.31216846827319533
0.13070337506181984	0.3031994954027182	1.6892111557217546	0.5118335882856268	-0.4217031354392778	0.4504485833682327	-0.4392747743316281	-0.09726430093119784	2.1826271929838175	-0.08400248566493497	-1.3054675966249134	-0.2118312999760018	-0.08342421945796562	0.37824291985303
-0.5389121147668252	-0.23145306563943457	-0.16893470164592994	0.6596797453457736	0.0010306233197543424	-0.6033059874244677	-1.545502257231307	-1.1314716035170558	-1.0196449416449378	-0.20583372817151635	-0.6946705199949478	-1.6123303233015764	0.9765625188274555	0.2521173927053078
0.13526208067964202	-0.9325050200944383	-0.2863647305761547	0.45587522970190353	-1.3871729869715728	-0.35949743801310136	0.5388765353011189	-0.7871273325817508	-0.17533044845808218	1.1135503547470829	-1.570741516206556	-0.3293517352542164	-0.7826966887071986	-0.303689282803948
1.0240384240212612	-0.7512753301657814	1.2970047622172898	0.6702365661945093	0.45483527944380775	-1.1536932766581502	1.1557514066594896	-0.8072408986174605	0.7425528592975998	0.8739221236981376	0.8774873247497609	-2.0038282823554656	-1.9170269316187138	0.11647459532843762
0.3342630701705017	0.4524576818146093	0.8716500904705414	0.5732048028950294	0.24493700342386163	-0.03544140786336669	-0.09687258190408782	0.37036576962770984	0.8555587198271941	0.2098368106996824	0.019695868785537387	-0.8917370788267317	-0.4436011830647563	0.3189584566509347
0.9377624865824614	-1.134821686784768	2.020640156465594	-0.24149228739575967	-0.5567481571400634	0.738697249342872	1.2188046624882827	-0.9237521818455239	1.126783850385015	-0.3394503308017088	-0.6816259392821123	1.61060752766506	-2.6425628266687355	-0.052057812343706565
0.3597065499708618	-1.0651247681922138	0.6511622706815765	0.11024357465559964	0.07641446514910144	-0.11901201844426185	0.05725046851935594	-2.3712826710800936	0.561658813168369	-0.8438178486572459	-0.45160492223921084	-0.8266349704069438	0.6805844445780546	0.22152794554023136
-0.8755681040165435	-0.28041569694627105	0.23878034882526988	-0.5444779253277194	-0.6435521752510069	0.13734964735150335	-1.4242251981209204	0.47894025648392263	-0.22941581441884795	-0.5968110724937884	-0.37367562029335843	0.6513949094816782	-1.7295848137189167	-0.22186288809284127
1.4490258449637947	-0.7083438706924687	0.5400808153446415	0.05005182863674995	-0.15881087729152477	-0.09035510436657634	1.2418420327484827	-1.6387104954205913	-0.564971699429277	-0.9009751505878881	-0.8370725040625834	-1.1313296312043288	-1.3085649123577534	0.5365954090314367
1.1627330567535081	0.3066160524490371	-0.6553220872029502	-0.4667270356362013	-0.6329100919113696	0.9330639774974352	1.2506177256566546	0.08529811676238724	-1.721787969869613	-1.563568155874033	-1.4849009937158282	0.6834051500192322	-0.4282066373583332	0.34107850986327143
0.8186136412302348	1.2845559649368865	0.7472081419304873	1.0341704078154739	1.040951611026381	0.6853478647348945	-0.580543622628156	0.5658326820475676	-0.6677825685974276	-0.2381258590740822	0.14656700731308328	-0.9114084391858087	-0.624324969438547	1.0699213495960553
1.4521308859057724	1.0446381418781672	0.5493766950815007	-0.12704559367454715	0.8281023223851527	1.4457235416517602	0.04346305598448246	-0.25036684215798927	-1.4357886617093607	-2.59437180042136	-0.6264189020994393	-0.06434387349949915	-0.6532381474226308	1.325505876657487
0.16369979642903476	0.5840157919730586	-0.5845870338740975	0.7716935603724373	-1.5297611061685301	1.3900315791802893	0.5125685522176813	1.6507258413951105	-0.7361846873553799	1.5556995143171302	-1.8952097278713185	2.4999684401290216	-0.7520852435100776	-0.2560026641619921
2.392021535533911	1.6141802800251628	-0.4419346934046693	0.6332440027173125	0.40493492478081133	0.3220401923618056	2.1259032978058072	1.472780757519991	-2.7890736316119327	-0.6532329350370049	-0.6236569114907862	-1.2005607862539955	-1.1598157428602158	0.9624749740852113
0.7845844982107373	0.4559532293462166	-0.6474968786629793	0.6892137221582728	-0.06550355254085327	-0.3724312567873663	0.32538086286013973	-0.3424083169907002	-2.2198033462710702	-0.5911090334842771	-1.141156499563765	-1.5049964317269322	1.1040981276209438	0.4405785940164479
-1.3157652905069939	-1.8548247799787765	-1.1484749820453062	-0.10081678325480947	-2.2531867711309888	-0.38965556671278656	-0.7030297642281237	-1.1665593306391588	-0.42421154226518953	1.3498800736525893	-1.8530049773999815	0.7818255285923276	-0.7468783519435415	-1.0055135112065727
-0.6008493471228182	-1.405010444368111	0.22659564807507393	-1.8340675113175013	-0.2509955775497865	-1.739894269630776	0.886254262437893	-0.10454175509966457	2.304468973366122	-1.2005956023167488	1.8077862335447474	-1.1358444163535812	-0.5867374461288092	-1.2249379020825506
1.9927165713876556	1.4751395103001397	2.578481460912029	1.663356051041655	2.7250348164754503	1.638175833068137	1.0195603270608393	0.005297215325997705	1.7255857811374125	-0.4518037771543674	2.19539457022242	0.6070489987451015	1.2783598497001265	1.2162892111645156
-0.011666158437866059	-1.0668284716583054	-0.7868256293754354	-0.33201919234075056	-0.346104231256877	0.09247339609311478	0.47269397666895485	-1.20986251649944	-0.7868616958304415	-0.3207184163550622	-0.008744964027117327	0.35217585059769163	-0.11726149192003989	-0.31745866337463324
-2.00711114921581	-2.221726842648841	-2.0118211720185157	-1.376557037778383	-0.7786697302964735	-1.580431634685048	-0.6698127736784002	-1.1449451020972539	-0.8274123311979356	-0.36376756521082293	1.327763462642529	0.13242781541363066	1.0890076743588932	-1.7525613162622673
-1.603519135114183	-0.8109392361430259	-2.1276261985277407	-2.2961148029236176	-2.9099621935549926	-0.1340639579211338	-0.11913488272155015	1.5855847543382884	-0.9666246573666476	-1.2804378167032942	-1.9277452053703121	2.2316426252150707	-0.6503014488347103	-1.6322297989790568
1.9258166495255769	0.8116184567535054	1.2124496119758998	0.32405659122047825	1.9558331625056757	0.9661798623017619	0.9177743049335753	-0.15415317311164706	-0.678705075823478	-1.5299345142159215	1.5985358594089274	-0.42006666388229447	-1.4564793595250283	1.1954062325254993
-0.4091155827631525	1.4560014579692995	0.9483154808329126	0.8916327178364174	0.41558296945690454	1.029040795554684	-1.6122632364717415	1.4812981828453449	0.7088913299463161	0.18698560415036639	-0.2507411797033168	0.5644916971054444	0.3303218546330964	0.5011581773354732
-0.2942809683788123	-0.33602068670205054	1.7958280441144274	-0.22289427153261476	1.3404695179222923	-0.8565456018691329	-0.6225124300858349	0.6246840137213305	0.9444247571317479	-0.09500826620303836	2.6901050525219774	-0.8331011908313459	-2.654365455024376	-0.17995800392997363
0.8004220316516073	-0.039061767078721	0.1322870090806315	1.7085770301483398	-0.3339514527639878	-0.9340839611749856	0.6473464173483671	-0.8450201694567948	-0.5420789187718229	1.5251684783253157	-1.2916848948427209	-2.2170425727041114	0.9448821515208796	0.2789739042911799
-0.3769011790592409	1.0528260417496025	0.7501354626123674	0.3375742127113709	0.3483347586798524	-0.8937227211208072	0.06456361526757456	2.2135095410007017	1.3186326294260415	-0.2248814252402254	1.2725186487922813	-0.42634858247644947	1.6921316366231565	-0.6137060101754498
0.6458321940746238	0.6710838776721647	0.5887575036993066	0.07034287164850193	-1.1124465436008646	0.5632960679208309	0.6579475109810764	1.279611700568326	0.4449570853321596	-0.18405926030308228	-1.7505817076255572	0.5850034984369078	-1.0304678944179813	0.1094104362147653
-0.42378584674256425	-1.2928525176334127	-0.2862753276275862	-0.17641983828294244	-0.07205458820542188	-1.0830079555071932	0.01924772784831908	-0.7556559907119694	0.016708158042998765	0.5994835928766478	1.1849030197843848	-0.9271736423868894	-1.2221479331823466	-0.5950293365697618
0.8492294355653303	0.031144219792732464	1.7743868175210222	1.4991807888342286	-0.16450715377672687	0.4391688726100988	0.030254684072537345	-0.5633719038372605	1.191324875033156	1.3284165480864742	-1.0344015790140249	-0.4067543624375996	-1.4240900841775053	0.6539853789305898
-0.24553172149470526	0.5859573360041763	0.5705208497286439	0.9735242533384915	-0.054339513293612585	0.04928569597239099	-0.4947970317585337	1.592665021971161	0.5935060410087224	1.7191360553608397	0.4180490049310682	0.1759664524953674	-1.2805320866273806	-0.11353525985304419
-1.7327741420796632	-2.0529854601546336	-1.9706612267147618	-0.7252570962816318	-0.3244523046607224	-2.594892324595331	-0.7777577376072384	-1.3167262068209211	-1.1284764996315386	0.5564909038343313	1.5645353478090327	-2.4843979555182276	0.1887572560986981	-1.3007011872818206
-2.2444144291748294	-1.0944548207566336	-0.9308228787682353	-0.9307616154123071	0.2523485788196673	-1.3781940485652093	-1.941544266604264	-0.058773362901739325	0.29713880825590744	-0.17342397628256437	2.1936308085256444	-0.6473264799972323	0.520571739572772	-1.1633051509301442
0.39531330349464777	-0.2551309605557589	-0.7802109635296186	-0.32754208837576876	-0.3213028445175822	-0.6105842229080286	0.6080886113090433	-0.19119662251392763	-1.2962849471091813	-0.6768159125753692	-0.30716839978326155	-1.2373774535436042	-0.4694663268605374	-0.04651972167529482
-2.2564713748926044	-1.975866107296956	-0.6421190413715778	-0.6698001852391205	-1.1570983133236807	-1.5704967552644602	-1.448530629367767	-0.6636651402074989	1.2904799833388447	1.1405491344857723	0.6928941058665374	-0.45194940533331585	-0.52776454452752	-1.4721141142669527
2.8064793159451487	1.8268325751396206	1.0397738222784274	2.559525672881454	1.8484465174867102	2.591980359156853	1.060528409201582	-0.1605782219645583	-1.8711711915070381	0.6612616470573434	-0.14336144412509597	0.6260681853085454	-0.7026991079740071	2.063719329913157
-0.10085849371068312	-0.4064138086300892	-0.8836677616036669	-1.683052032184232	-0.749231972624161	-1.424022788917903	1.1842358114991318	0.6452273107360404	-0.06694826921891951	-1.8620139605603045	0.08008805487608434	-1.184516095960238	0.48396956029949695	-0.8903441071316128
1.3839217422109833	1.5383861445672737	0.6706762244395471	1.8585724293550265	1.9387978216927246	0.962358229471267	-0.23240097735984946	0.05065234253490721	-1.4089608336432842	0.25071530691928867	0.7180018965387596	-1.2554053617842893	-0.03878560475938964	1.5157518599982072
0.20449090372109985	-0.3064757628963518	1.0712011340208714	0.10556705120348364	-0.4379687732324027	1.578512270976552	-0.4506601989444355	-1.3846575448250371	0.9475171674812494	-1.206645397078135	-1.5677967064441467	1.8359588500847905	0.8766435286411497	0.3489900582704405
0.8215229090803888	1.0211793472978872	1.9459669974394884	1.174569906686173	1.7923387647752946	1.07508493226074	-0.34099729415506985	0.2510118298807851	1.5909662536995102	0.1471694972889531	1.5320759279696665	-0.10432746290671559	-0.4241617711482287	0.9554046035990619
2.3885542053034428	2.5635114966171217	1.9112699962774895	2.1411642998631097	1.2698296660235902	1.7432732595750338	0.9076640395192868	1.579755884490678	0.13960550535789085	0.48607961795397064	-0.5909289706224129	-0.26857090938735567	-0.6442218472395115	1.7445023353706173
-0.7267553949574344	-0.506365491125125	0.8629908675414882	0.9467406542769792	0.2820870342937109	0.006095776213529969	-1.5066052528782337	-1.1574702117162319	1.202281048744656	0.905484313754357	0.15935854198505656	-0.4918959537117309	0.36760660156033975	0.11459531559254622
-0.31782350053587843	-1.3902658933340375	-1.0132279713864172	-0.1565937475902731	-1.6595753702140565	-0.22479799520134666	0.044834350515828784	-1.5712018332308648	-1.0585695418227128	0.14023298221800565	-2.0211752274457297	-0.040706911449678494	-0.2728471618073306	-0.3929753610340526
0.9464255173810198	-0.5621963559799406	-0.03315507355460187	0.6976932957790594	-0.49936430653772046	0.24962340400543237	1.9635171132224183	-0.03734315722075631	0.27520243043825754	1.6271214069969049	0.028595309255360957	0.8085492403861384	-0.8991317483173812	-0.3599641119840105
1.747932010172812	0.7970466762230802	0.5730107057337803	0.004625446279605372	0.7739284084372196	1.600260128886877	2.1198959576891068	0.4833462355661996	0.1841981655117791	-1.2638901943064256	0.4608045479302153	1.7814606602316072	0.6651192227354574	0.374015090336269
0.7053060968622972	-0.24831777023373605	-0.46244620666083913	0.752352153371467	-0.9452739736534378	0.5205966700866373	1.2342871636648836	0.11517106993478869	-0.7346069556892313	1.363778825998063	-1.0754928479173567	0.8964240755866756	-0.8147972827537119	-0.15446095564386683
0.39093834199833416	-0.8544521564293375	-0.4154253402012419	-0.14873480353858076	-0.5486779503606762	-0.9483730782833983	1.3646317481470451	0.15704716387501694	-0.5476420796062883	0.7231972418818715	0.4542362407443011	-0.5231013391505949	-1.635228749240791	-0.6216347049061893
0.8935858390004111	1.473090758225745	0.8012595053440832	0.873987944795305	1.1219763922089088	1.5110224828669612	-0.5905474375767163	0.3426495852250266	-0.693770027236459	-1.0409805217912564	-0.23526135000319479	0.2850177048939094	0.5101278317593865	1.165475440738852
-0.5513710221175372	0.15775079216890653	-0.39923408012399597	0.058310666332577754	-1.1521516580688862	-1.4637188791989644	0.4018299391141007	1.9610315819750577	0.6841305190037833	1.4064645898282788	-0.23629699362149575	-1.2218908872603933	-0.6383228133747078	-0.8912035943411863
-0.29153701472417115	0.2705281958954987	0.8877842177826876	0.8951147952148387	2.465696425756466	1.76748831557984	-2.643608696588016	-1.6059995322961331	-0.6377118782923874	-0.902248010602589	2.0524001775729044	0.5074167004720508	-0.15682352837326674	1.2654926209478319
0.7471808876294266	0.2822747365103095	0.746146560368129	0.44105117175313246	0.4033248446277993	-0.8250228948832208	0.8863494643623697	0.002170936651482833	0.7607489862200937	-0.33075026184200446	0.2634282854424285	-1.6642362675437263	1.041871728902021	0.0725978287390156
-1.8723640207786811	0.09361628489366836	-1.4464740907694025	-0.7342474817586686	-1.614165980719728	-1.0448894910698916	-1.4350826396327183	1.7800661221923118	-0.7219975935399489	-0.050262890855820544	-1.044672628672581	-0.11911237411588822	0.7360916535615514	-1.1216417191340289
-0.846462399282403	-1.7111316581815355	-0.49582997107063576	-0.4442191064763179	-1.860669121648363	-1.0700444890663205	0.33334104276873255	-0.6919640695158958	0.9283613598841108	1.0189084989565078	-0.9606296115333183	-0.11300803314001476	-0.7105916517779556	-1.153834886116407
0.0094396227428174	0.02034308767480873	1.350626418154527	0.043810563469197955	-0.12081772797919398	0.44619119738961954	-0.44108672970050805	-0.03430024314688403	1.8181092519311055	-0.3873735613694947	-0.2851534119380254	0.19219441100541093	-0.6593912916546435	0.17280149189386784
0.1434563590791782	-1.4693725373545865	-1.3310377991729916	0.6664518054200651	-1.0029782413544235	-0.743365061088266	1.0259536241633445	-1.7479810662740551	-1.4871495434519781	1.2923579087981918	-0.9318956597541053	-0.44578255896767177	0.8989725835715333	-0.6003784143044603
1.001183326843807	-0.655643223192443	0.7107572425100109	-0.0685125646023011	0.6035118395033546	0.3048192172401715	1.812012846894474	-0.9657818707485698	1.3871344453411114	-0.3432401799257479	1.1351273190358158	0.43741739422800996	0.3475094093288838	-0.14567598260907785
-0.6701134047483834	-0.31767964593784304	0.3745870422368671	-0.5155658962344652	0.02797072847460136	-0.6465102378040868	-0.268717939848034	0.3485561139699756	1.4865407114035913	-0.3149249182034496	0.9246348987818349	-0.5475942906249306	-0.045325268599121005	-0.5177482606000041
1.4487108351096016	-0.6292610887469656	1.1187588381582994	1.0753263746063266	2.0905098007328458	1.5230150997271235	1.06498360975953	-2.165203399207001	0.5743093803055411	0.3213250621270432	2.3647597996450105	0.9860409645045277	-0.37838561918368174	0.7455380746139711
-0.3515102042721977	0.27558616133866504	0.38843404050514885	2.4680179801361875	0.6338207008153497	-0.22694629322977977	-0.767926774665058	0.14977087523509539	0.2820830911902822	3.1373027856708986	0.825118866870752	-0.4431681562180555	1.1459897429269745	-0.04347431238778712
1.064907727662165	1.117461623124971	1.159139561048016	1.4720402924937392	0.8523544284818002	0.5363261469681881	0.18288169025112833	0.249738736863664	0.39888318740079765	0.477522221463363	-0.1887009047611947	-0.894668066135376	0.3953274725449732	0.8885528864977781
0.4298292531212383	-0.7616099052363752	0.24343352254176576	1.6084103755282702	0.6267067588296559	0.17588666101352002	-0.5558806010135281	-1.8077404411455362	-1.1877479769226233	1.6063645443398311	0.3818722590836445	-0.7682323647706706	-1.3480367275089435	0.5926417049527354
-0.5853964877809025	-0.6650108737859006	0.7011103298336178	0.44665639516992356	0.08477045070388353	0.19222124498546722	-1.3287482159457757	-0.10906522760171428	-1.2447156954239955	0.8093400983649559	0.3585240735297731	0.7134492146108194	-2.7384498485485977	-0.05188176751515253
3.0310169807850054	1.6277309390993786	1.824629623025613	1.1209896742348282	1.7945715202542243	0.8955240674893891	2.14213121349784	-0.2871434327416377	0.06336598243602296	-1.665396943131808	0.03341584445795757	-1.3981203518719152	0.927744285874386	1.6144681415694841
-1.6978551198798284	-1.4262690742102542	-1.625467206968095	-1.1040083170177752	-2.18470202011742	-2.2458960736128546	0.2300671490396254	0.6724884952742071	0.4059617976856713	0.8630888060263546	-0.5904948354029995	-0.9254439036373927	0.26850609300371586	-1.8834633899755218
1.258357659829741	1.6237473993315703	0.5794860777243094	1.1203771933760502	2.767527175600901	2.4089849104783507	-0.6672122910425675	-0.06962606295630513	-1.742169759835122	-1.2568050104208963	1.8379513070796643	1.0141171657110406	0.28476876945911067	1.6085692832135312
-0.41488016011198803	-0.7366376091668221	0.4170589824610101	0.6762003841188612	-0.9650263009996829	-0.5628228405220308	-0.41914806073745603	0.15960042790712914	-0.23946714607076267	1.748148630259146	-0.6776020573759933	-0.08701240288645576	-2.186202836733078	-0.39515729856448384
-0.9119737247340756	0.5134328776711656	0.3934790784124121	0.270864293691481	0.7672059146568674	0.18676651787656215	-1.580267356772821	0.7952431981235751	0.6056456775476983	0.05745638468994514	1.2182000801968829	-0.0716965897188782	0.0320004642802915	0.029886865940962286
-1.4405774457575216	-1.742373626797479	-1.569455032316055	-1.5840612644208998	-1.1812319160147433	-0.4670292853573985	-0.005897177587156151	-0.5106609062714669	-0.19071087538103265	-0.5821043446273975	0.4246425874141425	1.3190148239634807	0.10662628489460972	-1.4573023400135208
0.2536633298904617	0.21931708935796554	-0.34975149878909195	-0.2685939761315195	-0.09150831377454266	-0.4625659500532675	-0.07337595025886061	-0.17617071299812812	-1.0458942596938015	-1.401643981320547	-0.6813736512977656	-1.3785372556687963	0.617591238413976	0.20150126947404723
-0.884371385014534	-0.860299875460123	-1.4645219720742018	-1.1221887950128466	-0.6501753377330248	-1.5578502217532986	0.501678513660142	0.43250458528900554	-0.5889850669050374	-0.6013751604509951	0.8421787096934187	-0.5511432418728619	1.0416257688771229	-1.3281277804089509
-0.48758740316121574	-2.1929785600888265	-1.0753133824462215	-1.5188559731528903	-2.050952947419618	-1.5075842288261843	1.655585064270397	-0.11958166829252796	-0.3877650382112969	0.2697439836780927	-0.2838621319345129	0.49201325303020477	-2.077377736764507	-1.7057540117604086
-2.128757910986975	-1.3963096511780417	-1.030744106608189	-0.6052778697201489	-0.6084858616964313	-1.2287289891803206	-1.8364000920951205	-0.6271548741921549	0.050216131378189345	0.34284629671583267	0.6871816921533994	-0.5722325595321948	0.28619002329584725	-1.0772547313219183
-0.6590015468539907	-0.796043366356585	-0.5725095755584213	0.561500286970317	-0.865590306906475	-1.501655782090831	0.41327688021575243	0.18475152491401622	0.5661709033622471	2.11386525739474	0.06884109218034058	-1.3153658074932633	0.027336463595797795	-0.9123615740241543
-1.4632697027745376	0.0902976497148632	0.7550287291399903	-0.5047773751239181	0.10278792671661707	-0.9344500222065786	-1.385499415946671	1.2015291975632465	2.3448018565888225	-0.1261263875437224	1.2224440439487867	-0.7970431564040162	0.120740959173144	-0.6547680606577134
0.9327677357915382	1.0589864174752435	0.6636649189265867	1.4537687490662734	0.4746748829955847	1.5000446684746898	-0.4663394273460658	-0.11661404313280449	-0.8647473330672564	0.2005446709240068	-1.0910533416132333	0.21996057868081878	-0.21957791590631248	1.1728704265361887
-0.47210009895807614	-0.06858261156829351	0.3426368680695188	0.18232097447791096	-0.8630884347957395	-0.1505008940964927	-0.6833770254643345	0.10083711670717659	0.7179559913774236	0.18089242771589534	-1.2236332190189203	-0.4220883943007236	-0.17434469982222045	-0.09421594162815536
2.2916026191302867	2.0361070722636305	2.170972358351478	2.3187030137629323	2.9252270541555574	2.1142567895337194	0.3451912910783631	-0.08078073100017753	0.15366386308600954	0.05672865896013862	1.4010873906857446	-0.2737483810701446	0.029901448438015083	2.0785952211761343
0.47237394961921253	0.829545688214485	0.4586562385571633	0.6881922538294111	-0.6549955826787901	0.7764808460895793	0.35268322977971306	1.077870648063348	0.37783566490361004	0.5024589784413032	-1.3968356757318003	0.595000018388951	-0.20402961670131847	0.22362922271673993
-1.4688861416782444	-2.376638032763234	-0.9949899075743278	-1.1109919892358702	-1.200868778828752	-1.203749051332653	-0.3867248595806822	-0.9976341105321931	-0.23860060730738405	0.48167022496571926	0.7223444035225666	0.4334345193806172	-1.7093302415596685	-1.4361915181319844
2.701721173474721	1.1703587965201703	1.9661619664819794	0.989664942418912	0.005083975826932319	1.6164829078979968	2.121823738361277	-0.466200863083572	0.9430080666903722	-1.1587101614702517	-2.3998330707789	0.17005968228273916	0.5372701017870042	1.3426252940129126
-1.4071339481769107	-1.1586157395085834	-0.30193978937427407	0.39283040955635096	-1.3427873197626434	-0.43947761990620426	-1.2823759397717738	-0.41021934601096655	0.5452891241077463	1.7607149445947834	-0.7438263692489008	0.2902928511800644	-0.7910671323813523	-0.754270705425733
1.345236694492679	1.3595767066140212	0.4273359965959319	-0.06800240155950099	1.0172721730336334	1.0136756097905644	0.6739140409385809	1.5681657611409443	-1.4290545452761925	-1.4225132526353363	0.7834556050471865	0.46804658903466645	-1.6402003105225837	0.7467173120339713
0.43237645343417885	0.33466302944518567	-1.3828516982270207	-0.27163937094048074	-0.6979058643437845	1.3142444391787391	0.3472911767765414	0.179527058114142	-2.6334643452067072	-1.1701527965205891	-1.5410891187905393	1.5448304769498742	0.1815654359189076	0.19063370739291896
1.3507270353745924	1.2771638921368675	2.0748960826022858	1.3651468724752234	0.8751360582220356	1.5633820028259018	-0.6489830552761895	-0.4780041870086778	0.6113419875690648	-0.6982907966962788	-1.1543222146593706	-0.45756820500200124	-0.4852017197477189	1.661006748291618
0.0926793322441276	-0.18862484322637005	0.6270519807814716	0.4571662647892931	-0.8743928502436658	-1.391703086893209	-0.03285427416053303	-0.6378000018330517	0.6444130958033701	-0.2636268941795165	-1.6926795531709897	-2.3675277843818083	1.1940784012847128	-0.04476052238348157
-0.221520542506628	-2.066700836896006	-0.42019938172252047	-1.6450941262361007	-1.0564190647128615	-0.24778581592085502	2.2894973112481765	-0.7858296381904424	1.9625036519097958	-0.4165119150517326	0.8979734279791096	1.9166063064404624	0.012652684867646306	-1.59773359095527
1.1075937102415425	1.2026619130790228	2.436104990809081	0.842225326702031	0.4506082767702233	0.6767500192172164	-0.7557572758570197	0.36183395794646434	0.683047729010469	-0.9038457744541195	-1.181609961703598	-1.0393089911796132	-1.8352888633867712	1.3526193109884985
0.42401380099145614	0.8992721694693772	0.25253800051759323	0.6224294783056963	0.5183509761387293	1.3162237077855758	-0.12022868812878698	0.8908370919319285	-0.346773557874971	0.0774832958582959	0.25352115878922155	1.1551115383136268	-0.3539093070471703	0.43555177571965414
0.10651759732207045	0.3836672766612693	1.3261798710011141	1.0437771693949005	1.0746348715026592	1.8838219938067418	-1.17407398867801	-0.7702895848840008	0.8688972057976023	-0.11217534763353462	0.4008845337196646	1.7150255250868216	0.7121381617116893	0.7034133952493319
1.2357532714212556	1.6997344240592251	1.19065731689985	1.0118823663832957	0.48429944565595884	1.9756458115120243	-0.24515646173603414	0.9101260649510694	-0.2935322933219997	-0.6264974392652671	-1.1303331826854572	0.8883475763817076	-0.6469915165433141	1.2830570883972463
-0.3777579974999394	0.6458252549497788	1.5567012286292772	3.1289955730007137	0.15983126269566822	0.30653304695758976	-1.267512128901542	0.00963532797794943	0.20374631634016335	0.710427614819808	-0.13334221988476622	0.5733022525730109	2.5547620064890357	0.12909165686520202
0.3939182227244665	1.1348652003001063	0.618590183824684	0.3657403624342783	0.8505478997326805	-0.022278686979017137	0.22783807793924374	1.4627432997946703	0.6043431358640293	-0.15247121062496855	0.9888811455074248	-0.7970856802707008	0.006213194369461288	0.25597658154941183
1.9051353515655909	2.133772621028764	2.246336283587203	3.1819344039180564	1.048568296262022	1.8642968199104626	0.3989739227876123	0.8216826884431055	0.986802321255843	2.2346289450105377	-0.9870053648060608	0.018748346570869646	-0.06343536839107031	1.6534500816411148
1.013842053338176	0.40975951451097054	-0.15385573912092504	0.7558760691504902	-0.007812112579369895	-0.4739118130596338	1.3418952360422431	0.3345487781270332	-0.5865603265707714	0.5775021573208868	-0.36139302416974417	-1.4516311880968413	0.058127794567325336	0.19740468872128555
0.13694681349909188	0.8063384271651812	-0.7755392265275705	2.2375745784459125	1.7044458667671152	1.067158920842431	-0.9472991050135028	0.15803436525560052	-2.4127467485322094	2.1967854974966237	1.6559681742147254	0.36142768545801685	0.269880307449209	0.6575417465219792
-1.4482747775366744	-0.8303090057624811	-1.6425580395439316	-1.2292169764347667	-0.9196345547153759	-1.6362343044086023	-0.5495179957222689	1.0413163306535982	-0.9721369832878601	-0.07802278654042452	0.8406598447709653	-0.8149534647043595	-0.9930220269363484	-1.2564943987673702
-0.2420985344588426	0.31253207396199456	1.033889435389466	2.998517321721104	-0.33682085640071247	-0.42314732018249723	-1.092587164037538	-0.40020985135773823	0.4189438872850545	2.843640831627682	-1.2527275911887905	-1.0280652795653284	1.682930932560722	0.21607179826449305
0.2291427647737263	1.044810818697206	-0.2162676302583376	0.9825844235472896	0.15184411466362502	0.47474521574197026	0.3152238210172498	1.6722222144408376	-0.39283019710072026	1.2324108513717595	0.1840558109128797	0.4334777452146952	0.12614843875281917	0.01624780228213979
1.1891887928524418	1.2510979534964006	1.580584133730829	0.9063010402768493	1.134432625413662	1.861209041760258	-0.09208914659064865	0.390229246761564	0.5882240887241185	-0.5737956234431868	0.18140735764205124	0.9261565103332406	-0.641685760305557	1.1452975575005737
-1.7400989750970226	-1.079430041264217	-0.1343407532491074	0.472397848622584	-0.7811110658097433	0.659747154672832	-2.367383811658464	-1.2823811660531381	0.3679836868694296	0.9484794032175005	-0.7829356783274006	1.417087082226207	0.34394910667399153	-0.3787911629671325
2.0182027019693702	2.4397695042202563	1.843720939069122	1.9435433093673202	0.3722577896992072	1.5565489335792875	0.5253663619669496	1.051875896392739	-0.13209722661298381	-0.6668454064077576	-2.253998296263949	-0.00586844517370091	1.4064637572796261	1.5273512149286876
0.9863212783073668	0.17011054939573966	1.091799576782001	-0.3368999184772039	0.44511363552771416	2.251803495696158	0.6367176368191785	-0.6671467092829009	0.837674439216421	-1.8467093255130964	-0.20884417472155056	2.441421277204548	-0.08649952381339722	0.5876984797281596
0.6716585962997532	-1.6028573476816457	0.25971896712752907	-0.9938366355833476	-2.1166631419354376	-0.9349955335537923	2.526484995998315	-0.3768834177818646	1.2301455556989527	0.016686321117983398	-1.4609799799082135	0.21255324888768912	-1.6775662225529264	-1.0412140525019415
1.4145339736241598	1.6086814300843404	0.9927527362301019	0.5059586737190414	1.164880744856035	1.4565086768235826	1.0360715160737353	1.1900428683381565	-0.0071926963573332005	-1.5058495419442623	0.5811976365946718	1.328560374737806	1.3729623272600462	0.6200632436294373
0.3138408737545917	-0.22589214743931885	0.028581613794482208	-0.032901494112636764	0.15400003004108748	0.5222151412023227	-0.3416853345565827	-0.746312841291371	-0.857873165930157	-0.8529090766287724	-0.14752963046915168	-0.003833228403856081	-0.8627361373667916	0.3944427848088621
-0.12128317322784556	0.25180327799472224	0.1969936953563702	0.3916929640231286	-0.5722431609919733	-0.8087496673289264	-0.3138704242023105	0.3047143729726402	0.25484380959408176	0.20081675886747727	-1.0685248839403079	-1.7441277164245241	0.14565020538468595	0.03984461313420092
-1.2960041144923702	-0.426746747681691	-0.5443389718160081	0.5083451678929296	0.3195166989534095	-0.46460420877038866	-1.2862171579465118	0.010522372928659604	-0.3051570926453467	0.7964198704280044	1.361726056435762	0.27880482313891164	1.2804340305563522	-0.6891469775501572
1.0498419496486886	0.19501976452412684	1.8358610567248626	0.41083136502654416	0.8152803457129766	0.279867689378828	0.06412289278211519	-0.8986695003731466	1.3572090254467428	-0.9551844034200574	0.10768336177968003	-1.2560340045234926	-0.798680439347575	0.8939575526175297
0.03570806561099482	-1.2840569672159423	-0.30590261755788306	-0.801691479517771	-2.2330936485984054	-0.6012071870354464	0.9551808175820186	-0.6815465880106854	0.2850430609582717	-0.3329319185767215	-2.3156586435761475	-0.05673827174398554	-0.996997929652351	-0.6757294284790609
-0.7545984676916981	-0.34852839034315797	0.7428026172397966	0.5777710053409096	1.0091646291918688	0.3440230619904109	-2.142133250928569	-0.9728889876756521	0.31467761248002657	0.14362167832008102	1.2561203016487892	-0.3226142775684144	-0.8579231338510058	0.40678962903243443
0.5796182330932499	-0.19585680123737204	0.03272123324689998	0.9008044849283656	-0.027675654045247654	-0.2977935207476725	1.0124260965961314	-0.28842015207368743	0.15358822131026495	1.1954703754430291	-0.007338829004605484	-0.7015089839777817	0.24141722356370465	-0.07108815470590053
0.4131197067698437	0.604898350901064	1.4469899072859285	1.5845449400794362	0.5253442473573194	0.5321141672600346	-0.3534415422907401	-0.19515285535505508	1.0621344336363234	0.6207468090124296	-0.20817231987615575	0.04726111468768361	1.3298167960159555	0.456026704910906
-0.48014597960318717	-1.5329479569043551	0.056371900541434594	-0.2646155441992724	-1.144398641274724	-0.610767556443033	0.7148146003448802	-1.1057061032692694	1.6027981114205698	0.5462280938959373	-0.4338187469002685	0.44671517373023295	0.766620785310206	-1.0228484520048347
-0.5258944325337708	-0.1365083170835979	-0.9330287283862612	0.14051094582325063	-1.1791880088275521	-1.0453088057200046	0.6677539362237286	1.030771302036745	-0.8992369758098707	-0.16930478969542712	-0.3737813000430243	0.2794339082407018	1.9343719102891448	-1.1418454803634739
0.3142925720845529	1.069751433926267	1.0747331437799201	-0.48278645367749484	0.3818913461291375	-0.46436283939742135	-0.17171978254607578	0.8739915196214872	0.5674399426519641	-2.8220144961439773	-0.07470649078123737	-1.144491125620997	1.5929607862027053	0.22676436491283364
1.619286925755965	1.6126016127471197	0.5508065005212668	-0.28638120933954925	0.9960446262832507	1.6341434426089387	0.6432861658203862	0.6355637285923291	-1.1358156517385454	-2.8627453641248097	-0.3920312563749828	0.3364257753363023	-0.005136199319905155	1.2322906154557032
0.7685920046972863	0.21705067940473943	0.6811403930450188	-0.543029754508571	0.39502973580469136	-1.3061936051704321	0.8127850628968318	0.7487756672942264	0.125289881151551	-1.1206132511315168	0.8427362410579384	-2.3135662949009888	-1.6073457064823091	0.08925442032466546
-0.1473041452954801	-0.7781849090104005	1.6741244574354355	-0.6948798755869555	1.2607633738312483	0.7058175812309779	-0.5887099754287292	-0.3841198917532467	0.7623658589924287	-1.1096440240525405	2.373071212187373	1.5213079725913672	-2.511990966120608	-0.04531478073433091
-1.6280461109418827	-2.7418552489724846	-1.0565991090815876	-2.02632672424169	-1.6713524878912973	-1.4637950893493477	0.12260757751374812	-1.5726032528454168	1.1291238708295555	-0.7234146316064886	0.2106421319037346	0.1497654099039231	-0.255711140866382	-1.7471510690919583
0.1251176844367988	-0.11801175667837549	-0.04505336792249903	-0.7249230977458141	-0.13802350377011455	0.19698120410984427	-0.21127309362953534	0.12814980364525871	-0.8334525763353168	-1.4249175041491506	-0.03542638267157997	0.1299833495268861	-1.3707215409357718	0.07924266932162363
0.46143594802241333	0.9116196121406438	0.4033270450252562	0.7826815781347647	0.6981219424542572	-0.7384542783867305	0.5335270296530885	1.069568285203429	-0.09556916749712595	-0.25938372609631344	0.9129375415290568	-1.139323778399026	1.5972463363004346	-0.049570626241500444
2.2331803997364807	1.1058593022192886	2.2467994179401263	1.2828656031380887	2.4751338502854625	1.4972345791063213	0.753507951234774	-0.21863365646778823	0.12395477561052023	-0.5565549277862631	1.8199134804040131	-0.09012340911275935	-1.7196700841272023	1.5809735129254021
-0.9147705100550487	-1.7274977017674547	-2.1066940734435775	-2.067716653147979	-2.3872859917580493	-0.6736232338078253	0.5732524631732704	-0.45217693865308356	-1.3679516911021365	-1.3947807360421494	-1.5609012669625848	0.8368601045691691	-0.5494486166394928	-1.346301815247706
-0.7818494038800968	-0.18585129241826792	-1.229702254773688	-0.6259891361105012	-1.1072235875376366	-1.934329919409925	-0.08541811548188954	0.9049396769727892	-0.7947854296702638	-0.16535908236829572	-0.6305299660634633	-2.2927656522938276	0.1395551246694471	-0.7567261235358308
1.0128723787765999	1.9689000134113028	1.219506749725361	1.0928134628501058	1.2900012720442735	0.7394954556264718	-0.4172173752363326	1.3810139754868627	-0.014078055493837208	-0.42873821501652165	0.24753680556579044	-1.0932609176922106	-0.32964436628738203	1.2062205013766616
1.744210970137611	1.0319966914590648	1.2809667026890574	1.7927688666515986	1.3821166061562824	1.2418681947942898	1.374039729220307	0.2772722492902867	0.6390811982033797	1.2087791420070289	0.860653595386591	0.25035904496302896	-0.1398618674453754	0.8936057153739679
0.19590714643025514	0.7101927512304902	-0.42463851271591974	-0.050225731914318866	0.2804987380692142	0.48267791331878995	0.01997168837260068	1.1526465747160002	-0.9581291643665696	-0.4776211809878132	0.43137886286938326	0.3227462069074366	-0.45298000898007285	0.10920080819690464
0.2903530584759691	1.0044484213350238	0.45047956307006226	-0.4312806615102685	0.5361480189739845	1.0639093386605738	0.18154290270355744	1.3522843094389594	0.5076332475347983	-1.401547249608726	0.574839230105333	1.2690549678805148	0.38121913290569354	0.1168340090905095
-2.168689562766804	-2.7914108185093465	-2.3002969140545915	-2.245077357025675	-1.1308326790274277	-2.8015619572238775	-0.7223472052127412	-1.8066378337835498	-0.9099406694594291	-1.3103269476146893	0.9742562101935485	-1.8858554088890527	0.6244107282408239	-1.8323102638873812
1.195557470567294	2.145246296895115	0.9878109223874519	2.0832931483803483	1.0546281712788668	1.7355589526988948	-0.8853988081539413	0.6662832125772342	-1.1794463064562986	0.18085683562528965	-1.1446940631937674	-0.14407386306002842	0.4965817310984122	1.646160023129092
0.47551104320577636	-0.06301850386963248	-0.4953718643881324	1.0834704596798805	0.3029792569691414	-0.3627386380880703	0.4408950883758538	-0.5794050305679029	-1.3445348667579091	0.6835566429994352	0.1037731752809087	-0.8512299346917148	1.1193728327732169	0.06074994791646586
0.3907347443116023	0.4242484541009319	1.6496376305040337	0.8048224429346039	0.968893536528647	0.8825315100164427	-0.370622949201307	-0.3561167586098503	1.7671793719374163	-0.12489475329210471	0.5625037374199268	0.32427163243911583	0.5840088708036784	0.5211167351061065
0.8086468099574908	0.8341331006246064	1.1088284328339606	1.2865702852083698	0.5541063250524092	0.1412219147642519	0.319412761136608	0.19600907352510227	0.4943015999710889	0.11084427816580412	-0.14500922761226487	-0.579486867685285	1.353580155409444	0.44581162542765623
-1.5802639828575162	0.28418776135862434	-0.90506483801875	0.5311104173480107	-2.397635652282289	-0.25082730824178634	-1.1345678343963297	1.9720903496824085	0.01145037710149841	2.0494798285040625	-2.4975969976117223	0.7709014493692051	0.06912075838367715	-0.9128906001275561
0.8733746783408453	0.16402276891239498	1.145409634438614	1.2400813723226163	0.5673378749020642	1.1713776642845186	-0.4126390016140467	-1.605066255598802	0.09594347907457454	-0.15806639826894806	-0.9318109447902914	-0.15831591855098073	0.2678252304599703	1.073497476179682
1.6640550571117876	0.7528274116396105	1.170401194628248	0.7649955200760188	0.34621601885042286	1.1776674904562343	1.1603264597850351	-0.3589933798217817	0.3562238254601771	-0.6726915982696277	-1.0366660674953276	0.036896468390977724	0.06157406657759119	0.9559086262171613
1.4717524527576082	0.0979229774941367	-1.2035213263411468	0.1767918582999841	-1.3871180062417234	-0.45907175589777577	2.998728518346146	0.814872383111862	-1.4182425557265383	0.6086931595853107	-1.6604448000700855	-0.49723698610647565	-0.1649235274366398	-0.3580157468856526
0.32904425670467985	0.8315541276209267	1.2114822650154422	1.2550090280748039	0.6585052559625696	1.6084467674984482	-0.5577806849356431	0.25066917154309165	0.9670496875011659	0.5782152259743898	-0.031759782594431324	1.408685194310862	0.47765857886447716	0.5856209089221763
0.4091054573135753	-0.24561347808021572	0.8460933676945277	0.6200030294305031	-0.02082874808010632	0.6458210002627129	0.26293830514441163	-0.9363374385679628	0.8712893845207778	-0.08668896713348544	-0.503404115109788	0.7238802654850895	1.0344658638374349	0.10929581229307492
1.3193792881834663	1.1778461436978778	0.9557926535725629	2.180561624037383	2.394091613730082	2.9592848726972845	-0.5588224374197357	-0.43823508432969405	-1.1280644178004073	0.8500734526455188	1.5770754759689907	2.055769033000939	-0.5996456473726275	1.5607163237702197
-1.805413622225765	-1.2225580650257728	-1.7570165132177227	-1.3350821874450547	-2.29477625879782	-1.4895025800204442	-0.523353809461755	0.7429538843991287	-0.3895480148513166	0.18818999624842064	-1.0504380341587138	-0.15896099449935577	-0.4875289650392983	-1.5708246026573904
-1.2802801319211918	-0.3325752710594124	-0.7036031627667125	-1.0997343496433227	-1.5489742273997882	-0.6180524186122608	-1.1516221835360787	0.34324954770690896	-0.24276551520854367	-1.4508860700409996	-1.6463117218022842	-0.04507183943107107	0.8910316230304886	-0.7167313242896556
1.9158808152486257	0.900683283863445	1.5842400484440557	1.00688155932668	0.7134518530239142	1.1506762362702336	2.584288752422605	0.6976726774046722	1.5867658250492254	-0.1195192465750321	0.5532000814508726	1.5909164265174829	1.5002521581928199	0.1820292457820777
1.2275107650448134	1.1202725239374727	0.5818387945628638	-0.0025954077211129967	0.31992951546569304	1.1174207181001097	0.9908246209450459	0.8070007056362882	-0.04009916629712305	-1.4038621112050025	-0.5265523031542032	0.536327866888321	0.18514929104861524	0.5990422423459767
0.9328197599335711	1.1636603482009735	1.775861688498887	1.6294482801975305	1.365590243683493	1.5196178259344753	-0.22137436017303905	0.7554337972661321	1.0524347408523242	1.0638779661202806	1.0301761770811437	0.8325927951334404	-1.055636162709967	0.9215273023832876
1.704503196461014	0.2896175934235177	0.9522254890853948	0.45221590298131953	0.5154126592290041	0.7492476739529641	1.1956900122553291	-0.4897842244434706	-0.2886315651652769	-0.7239444485208637	-0.20716781730892195	-0.24495630385121397	-1.2203434251552232	0.8275568131206447
0.32177803493699597	0.010553789962375215	0.030985761729590736	0.4498875657457241	-0.17879454244156362	0.2335572835159337	0.6579180647367914	0.14359039487941042	0.1754359548253724	0.5424728211728832	-0.17199017495352342	0.17974347188078021	-0.006579884123118002	-0.07428447014064743
-1.1945505358204218	-1.6720913677090514	-0.8939087240412366	-0.9019525235359462	-1.6918598607452289	-1.089608868248495	-0.0004542990091622809	-0.7812004765212234	0.5079758739895518	0.16894448229951592	-0.8141486287058027	-0.15126304565143675	-0.022861517810163864	-1.1987987782342846
-0.2480907853054527	-0.5237258289985983	0.7448744132990637	-0.531298050573892	0.7743890397969421	-0.4375025237355274	-0.46458960095196467	-0.33318380318868956	1.0604839434244515	-0.8131138801438712	1.7689680799475531	-0.7054698002436008	-1.0530608396482368	-0.11320337915573724
0.4507907748276698	1.1528385912323653	2.045686028148859	1.6300995181298157	2.029177287506283	1.149535612450784	-1.7977257052487312	0.03182908353528575	0.6477051301859293	0.3284692788122127	1.4045311288480047	-0.49430274556680615	-1.1931063299836004	1.3723624071079141
-0.13971076036592286	0.30442023184661865	-0.22105046306742582	1.1130760073339805	1.2168794846624986	0.3483172109310541	-0.06266391344299112	0.6774347838646074	-0.18958311671539865	1.691738197788823	2.198201302384062	0.4263949875686412	0.027030416231872387	-0.10744672171852028
-0.46279216622250074	0.1240789614280452	-0.03503208588012591	1.2246296976705722	0.28915686306236793	0.11206752234720901	-0.22749779152064276	0.7226655284061563	0.5404566444469264	2.180796526155174	1.0034017360243346	0.5608014822906541	0.4672675186269942	-0.4029738593410474
0.47052889528837105	-0.9235028070409335	-0.057109619330188044	-0.4301105368895233	-1.1433275492594388	0.6711960941284001	0.7733758104723782	-0.6682887956766934	-0.7033338361614533	-0.4640241619778387	-1.257797555965754	1.4658975494208797	-1.664971376256048	-0.18953525438370783
0.445768864442293	-0.16359858078070788	1.6240367675432987	0.18350047067702804	-0.5397933459871587	0.6777115271772995	0.2944469200068595	-0.6524572863034654	2.2879889161908253	-0.4090894243852195	-1.2795140796040454	0.38302836537575585	-0.10567163887469709	0.24901011877631082
-1.021095017603508	0.5005650887209356	0.12029601194653278	0.4661031744430297	-0.340369268584629	-1.2297624827273097	-1.3792841935392488	1.1056945863655903	0.546663959969814	0.6231847718859537	-0.28020293712297517	-1.821269606378137	0.6604571447936	-0.2949430920571384
-1.5321925715498452	-2.2103561182212927	-0.9752746880969727	-2.250494805876181	-1.1314812861996504	-1.637325630170728	-0.2195150328793819	-1.1937862966756876	0.7619403161593581	-1.6034083360198461	0.6035023153517691	-0.6443223665657202	-0.24714611162507008	-1.444655117890866
-0.2348340250622737	-0.7497205593616361	-0.6910073743364404	1.919204523588752	-0.25215487996400077	-0.3310385812801575	0.8428252656134705	-0.3851736419640096	-1.2899942386219942	1.4899731497672501	0.9649814008178926	1.3042954927762285	2.3050007521050877	-0.9796165246042479
0.3912025550732513	-0.4708474628229155	-0.2043121663509046	-1.382061361026198	-0.7147113737686619	-1.078324520828407	1.529096195742623	0.07038335775295791	0.5951332567064336	-1.8136095394582616	-0.3323090479064923	-1.111956197348336	0.4082024755256007	-0.5947179725798104
1.328247178068757	1.798085129137713	1.702121472644464	2.612722792840209	3.135016418693713	1.0244800968219727	-0.8333183689819805	-0.34987002511444193	-1.1726652767389285	-0.7803842946920231	2.240117327840698	-0.8362589064674377	1.9961843042911573	1.6087702833481465
-1.8528339866439882	-1.671059214979053	-0.020592102935531265	-1.8485478569952947	-1.457102216793288	-1.7166432330670434	-1.5647907755129387	-0.3696697250636689	0.868988362410498	-1.2897194221253236	-0.2446112873562108	-0.969330734129416	-1.6877754221571986	-1.111702295509412
0.11973147466847789	-1.4149409092448666	-0.6598069798185028	-0.5629312615865171	-0.14643473377133653	-0.5854276457618312	1.1607447098160826	-1.3971661397916564	-0.12970328966966596	-0.31061035449278374	0.7170119713586215	-0.3386936718428756	0.027473707857596473	-0.5821359669413921
1.393761534496613	1.4532014901607035	2.254856914865049	1.735425467103415	0.8982404226648039	-0.5141783312039467	-0.10463632097883595	0.9489347392792528	0.5664796799222283	0.7572344458348254	-0.2617139724892779	-2.854540085344126	-1.8250037207696677	1.2488413907470854
-0.18841058792248655	-1.7116051603070308	-0.6002412299134124	-0.060841584786430425	-1.253679744598657	-1.161664793853351	0.6959128487407773	-1.689671201174185	0.06227759130105971	0.7192295993420497	-0.9272499144384599	-1.1774606740340567	-0.24227574023563378	-0.6493472915553931
1.9528296754261825	0.48549618484118995	0.9801915796630085	0.8855609901538728	0.8103581193663973	-0.2473866541640195	1.977098431598905	-0.20240137934541508	0.41327950301234523	0.10347943044352856	0.33446856074441134	-1.871390297167237	-0.43618071280913057	0.6941731550102651
0.2745325251157556	0.6353722007639512	-0.10026288286153125	0.4512815165374671	0.12639048650273596	1.6517749171387075	0.21052283789174853	0.8084212361089016	-0.37466707560346235	0.1642155448049967	-0.03968666581749188	2.2236103421608933	0.15202080951631664	0.11991529719534691
0.5715580739631878	1.9792541056386748	1.1823506360694176	1.636466791405838	0.9475613095441995	1.2285081296036438	-1.3386960056721864	0.9523879920092131	-0.30447102517505475	-0.053460911239268105	-0.7492871491966256	-0.32599516879127033	0.6898939275135398	1.269842524930439
1.1600402285927287	1.1094219489590496	0.5231572454545071	1.1514474545135516	1.7443502638109059	1.8836100141283034	0.295558874448551	0.20330378324413872	-0.7141171038249761	-0.06983832906134481	1.2622244022572815	1.2472270772008862	0.23365596743190847	0.9407084855261846
-0.09894139290581755	0.4322252879295301	1.1140857313405115	-0.3140252329340456	-0.49196625716524056	-0.5732699372302741	0.5447660180699178	1.4069869175615883	2.6245897704896857	-0.20398307939003713	-0.12926934879039373	-0.4334750725710136	0.41941676185077187	-0.49585021497757725
1.0720625794909777	0.8379830462531362	0.6848937681023483	1.737161094544874	1.39683930345329	2.936721088307536	0.12482994149492962	-0.26741173978845234	-0.48818724689868126	0.8955221724503813	0.6641037059328084	2.938337721156873	0.11675056350107084	0.9750799774259935
-1.1852635850797584	-0.5482298148750373	-0.7951787738296434	0.07138955976680961	-0.8580746586096278	-0.6933704536956932	-1.1817941063173343	0.3825915763932866	-0.5784866378032489	0.984113957172389	-0.16997826192277357	-0.36486227760820156	-0.8778569765460332	-0.6022133654018026
2.4371046495095183	2.091572991797725	3.0761011520808887	1.7838293610320548	2.1425466582425723	1.705535590052072	0.763138375029924	0.043331764820348444	1.5865803426444276	-1.2055101955570375	0.2256444388661876	-0.2970617841849028	1.236814133919527	1.8182111061216104
0.4608305293288898	0.7200919431175219	0.20734877599776746	-0.40017178171949913	0.08198968194856429	0.06923350008008089	1.0637013709944996	1.4877053491835572	0.6933959659699669	-0.7228738931407921	0.424938297935077	0.1578918203346325	0.2369176667999178	-0.21991479975259604
-0.20382721124378064	-0.7054842965895243	0.17216692366821307	-0.764595481181843	-0.868931558284572	-0.009665622141952813	-0.033578230692285216	-0.869912614633239	0.6051378426479102	-1.3020130988853096	-1.1423215799853794	-0.030513738100473337	0.03836732194824085	-0.191210192199229
2.283771702542129	1.679506669170691	0.9076355110526518	1.7945183326991438	2.344717180098386	1.7513783228485185	1.3327010766886724	0.2718749852804399	-0.9420278740600081	0.03231109700719216	1.3976184369280962	0.35906560818930233	0.6798688061647925	1.3804079167694685
0.25915562683780036	-1.575825887423621	-0.4741043757922603	-0.3380944655756392	-0.14554349795172683	0.20289666820160343	0.9010451998678468	-1.762690413922635	-0.2998825961083797	-0.09379689354028126	0.6047359987833056	0.7171706828087102	-0.6705486340661111	-0.38410191225681795
1.4845407076823345	0.7034865164833409	0.8826745981064248	0.5516846455909917	0.7029714469310866	0.5359582713827435	1.00281642314436	-0.32448321702918576	0.05645704230328777	-0.9491571026152066	-0.3205219529068018	-0.7566407740510415	0.4441463508980962	0.8093471765212331
-0.5077845312036464	-1.1046655720841303	-0.6851183312631209	-0.9138912177495961	-1.258479110945673	0.3284682952943454	0.15392064656451285	-0.475328752404117	-0.10822521518069013	-0.5428049349930324	-0.7444529429184679	1.435767898503806	-0.6164343206990573	-0.6961814565018486
0.1993865705920181	-0.03613113593609188	1.1911051161927693	0.9746722506380134	-0.6343047074703684	-0.23074092548060438	0.5618359486073248	0.011612442363811287	1.9213256822977418	0.8970358877013347	-0.870594712546436	0.0383602411678105	1.3105809896873444	-0.3052147992918475
-0.019545286433570785	-0.6523593853461531	0.7741857780170469	0.6575327058425448	1.001292532283757	0.6056742209719288	-0.6178091057192421	-1.3762122336687914	0.7579628046152452	0.4393925529361483	1.373414263452751	0.2630571833542564	-0.4900508582713771	0.2713781265093972
-1.8061978290893175	-1.7243526831842724	-0.6342732716683099	-1.696778904067144	-2.658472005627291	-2.3536688866697646	0.01435993964132413	0.4635018195103473	2.0170434872077623	0.13799287001487368	-1.1010567819380066	-1.0479132685040016	-0.5196921371117695	-1.898515347468127
-0.06042138669481645	-0.9305921974035165	-0.9469194554686251	0.13540384146548723	-0.29523156727228583	-0.8069135307693944	0.7177779306974417	-0.7377496049180317	-0.7140766650921742	0.699299386435869	0.32155326688923347	-0.7964123878156787	0.18799857340568935	-0.5255421491338355
0.1934697432091388	0.6528043721788791	-1.1193710017321261	0.2673596738947701	0.9780673555508969	-0.1689527538256571	0.17222685899044166	0.8903122912111978	-1.9858387934997108	-0.16872137322955244	1.4462011675117992	-0.5372600052476458	0.6325759577664819	-0.007898194101135913
0.21527711552920392	-0.030674122468451304	-0.7956235501228128	-0.3194106566451513	-1.1941179706507439	0.40320816175488394	1.1039113349819518	0.6804686050573503	-0.5228295241301215	-0.1522078675490582	-1.2569169258986481	1.1905935571737103	0.3125240034281512	-0.5014600861884917
-2.325461374976054	-1.083650011644968	-0.6694621962512345	-0.8651282040052668	-2.1324475291576483	-2.0301538792446356	-1.3555811287696171	0.6648958162650789	1.4314432679903402	0.6084874890271319	-1.0684368938058997	-0.9634786154376843	0.6459339638085807	-1.6117742941657316
0.38452699478035296	0.9001924765273773	1.6210414422793216	0.24871050158292268	-0.22940996331380353	0.8831868679656831	-0.7471561992947966	1.318244966154992	-0.19153509686971448	-0.5964164888649263	-1.1366341000564997	0.7361907084164593	-2.395442110945035	0.5883339190233892
1.0394293606735205	-0.018100742637513823	0.9879532281380735	1.7735957127933202	0.830151324423096	0.9651132360760397	0.8253652307252078	-0.7309821651651208	0.7983896567171356	1.9053534257025846	0.6807501959233806	0.4819197442146079	-0.3319581649525219	0.486880189452063
1.3606849156426737	-0.3319563306112451	0.8680172187744862	2.7443358648440963	1.2339453239097995	1.0481831003638473	0.7116807971435092	-2.1936195887824512	-0.16062886353896733	2.419230030437454	0.4536684371885733	0.19255920507401972	0.8884527914666135	0.806524864364903
-1.7085654162623192	-1.6474611505979095	-1.6599871557295285	-0.2795811722000672	-2.142346434007004	-0.4178498594917235	-0.20092942092574342	0.06152968427535636	-0.06594368215354839	1.9980358198861663	-0.7641956423875738	1.7033661907711641	-0.2548444035883288	-1.6334100804454577
-1.1115225292419715	-0.9624409953761752	-0.7977339686467041	-1.2926896130978864	-0.1768729951605409	-0.5571428684765585	-0.30798099423064257	-0.09649385781174658	0.2605912987104921	-1.0407764005606859	1.2217800299792452	0.47701810229178054	0.5477458278872614	-1.0140938462665796
-1.1451170691693058	-0.4044841727419086	-0.2977311055243037	-1.1821953510460883	-1.3585340266533796	-0.02466816754401424	-0.5987136079644968	0.965526780149442	0.8587277456007955	-0.7064201061643979	-0.6336995223725637	1.1309194648967933	-0.5507913397692067	-0.8736419728777325
1.3704122965834817	0.5629893727028815	0.6316860590510059	1.524506234170416	1.1468676006390712	0.5093219104157258	1.347860831106603	0.0017943124888403197	0.13131210015216108	1.2706101218657386	0.974930573799793	-0.4048425281803391	0.0473079758261038	0.5524511900443566
0.7825639204992652	0.8113739678663074	1.2666029827773313	1.2971979365768935	0.9987590973385769	1.088247030880736	0.1883628702162321	0.5953251801070187	1.030949108818523	1.021460236513772	0.8956012752718947	0.5810603170075623	-0.6042070858406076	0.5750202769702177
2.0533999364958193	1.7318555364812256	0.9416840472464234	1.2149459729172516	2.5557364037851453	0.5771802281787	1.8683266659518287	1.3014776363747422	0.0678496567292538	0.058160353168422774	2.681262647154524	-0.7513764425440204	0.4948528879501392	0.8519983770663525
1.5927883581970883	1.5658717112981682	1.3536117010303483	1.8743014499791402	2.242378270333385	1.354396559933813	-0.010373715952921591	-0.2486559579245452	-0.8486020709715923	-0.7218571887344865	1.044581862690693	-0.12851999321318822	1.4942526277571726	1.4162147605014606
-0.4388429523246684	-0.930978809899133	-0.286092968866663	-1.6099248406065254	-0.7486527629246761	-1.7573804409255334	1.0030689638169787	0.9932982535220881	0.8037019635029607	-0.7154498715473039	1.1263162649187322	-0.9076245634446292	-1.510775491003342	-1.2248026638117173
0.6873641909028281	1.7931844731540514	0.8636990355363431	2.3167474676126467	1.3080456966538025	0.18159894748042038	-0.5817133027281638	1.1744086284385946	-0.3461991740685386	1.5244781588450007	0.40542734811961584	-1.4155230033744302	0.9054580365868449	0.9074476887735256
-0.25466057379211043	-0.6607139261954172	0.7677362113872623	0.7477721110624582	-0.5807874447574112	-0.18944436890664965	-0.08806242677279115	-0.02650786028929019	1.2876225371107939	1.7827308964047164	-0.019985975536131406	0.2358814204739425	-1.3573797392329725	-0.3733332621752486
-2.500674804703705	-1.3070938970955894	-2.0913988209475702	-1.6838188960118883	-1.7986461439179986	-1.2789853074236277	-1.6363922075973434	0.6112345082683516	-0.8962973496067032	-0.3759466030731553	-0.2121729648501057	0.21321969912648653	-0.42253506945007785	-1.589327588166585
-2.1582977301177184	-0.5816881303415562	-0.21307754008419977	0.37673190971030557	-0.1937016401664372	-0.9734330352547294	-1.7212776359819066	0.672919953628246	0.8985754534412478	1.027134837961082	1.551927430401663	0.6229818536601761	1.6899943074854507	-1.323438964015594
0.19763407948213707	-0.4652734299038095	-0.570281428990547	-0.613602691180772	0.5976439416949533	0.2845387283083587	1.022120528424177	0.7443491387044573	-0.7433883820468671	-0.08936433909191831	2.3336122245036965	1.4704380899883587	-1.5465025205995435	-0.6025824090065751
-1.0163302877700382	-0.8663329714823546	1.7341909443640118	-0.593097848593716	0.821113273700837	0.14230295826778672	-2.31520698479691	-1.0311058065382146	1.2984667791804547	-1.2882934526973449	1.4164241688912045	0.12191846986462554	-2.002778820046994	0.15288627644997302
-1.6880292072981204	-1.1697700535043152	-1.2622588461869704	-1.5919424000850455	-1.8869617314953306	-1.053505413899678	-0.27487354901767896	0.7197421061423714	0.4829770610060944	-0.3237971435325563	-0.4760590701445073	0.5186740778932106	-0.20558569429627394	-1.5604981783304832
1.1846436641147648	0.46434719526743673	-0.04386233581824328	1.682801394915759	1.3926303880221815	1.3576236792094971	-0.17215727719179016	-1.0584193704534388	-2.170539144615291	0.6005051686402478	0.4809062256881685	-0.03263409611321586	-0.5224048449890856	1.2038797865373172
0.7394804220773434	1.667091737676314	-0.21481591579901244	-0.19169873102369284	1.3327364968930935	0.8880104795874169	0.43535795736291943	2.0180889422072887	-1.1380688494404292	-1.4137382759262271	1.460820546764539	0.3681995725098826	-0.055819311976941864	0.4674022347473292
-1.820667974254073	-2.4878644164982155	-1.70408069999805	-1.684974769093159	-1.0873462948148531	-1.0963463922293029	-0.812552930020568	-1.4897364781688613	-0.6181856440859378	-0.558463409927852	0.8219670332288843	0.33591524348324475	-0.7467020815944986	-1.4446821132779988
1.2865830844461914	-0.003521013264134898	1.9180309771747108	1.2329777490248413	0.5037924326291568	1.149464898522484	0.23962383925301117	-0.8612015699267535	0.2790405852295588	0.4771186137404698	-0.39698204813859606	0.5312697384204518	-2.0371309557697828	0.9206261198458737
1.6476870525795997	0.5168645242746669	1.1151173673818846	0.8660235035679154	-0.07073036523928133	2.029503747454738	1.2329704393378706	-0.017988564477624067	0.16557921069288337	0.07727030778839039	-1.0744924289387299	1.983869724201263	-1.1402929281151482	0.7557162485842709
-3.2747677090817677	-2.1251699955570014	-1.8470504286235423	-2.3654042133673467	-3.4460923440267406	-1.9676002999770232	-1.2523702402617183	1.0383137194567011	1.156981341379845	0.24986204263175257	-1.177060630823783	0.8211233310304208	-0.6333997392349547	-2.621478279384031
-0.1077187409389544	-0.19990870150018475	0.018007536234963872	0.6001526437325567	-0.4131091517519877	0.9791608982663274	-1.2297500486662156	-0.9070839112363531	-1.0471175894864617	0.004986635254657045	-1.2927329724097325	0.5567113044202522	-0.8265301441829617	0.5096476740782194
0.09915661007183513	0.04930040598500465	0.40656606778758775	0.22591045256273473	-0.28523382519707297	0.6283932458469372	-0.1303576137166479	0.40414037606217224	0.22172967600536142	0.21923024866205318	-0.2243601656858514	0.8511674066752958	-1.107345765286159	0.02828533340493313
2.5604414918166203	2.0114982988667958	0.5239222788662314	2.696239746358261	1.4271628092586566	1.0293737918770904	1.5403933521992146	0.6089136593703326	-1.7946130243861542	1.3938863485789947	-0.3626248401901635	-1.224715709759651	0.34933496999423047	1.57628310924575
0.6630534055794819	-0.20634848019910007	0.273802075133594	-1.135286555844119	-0.9375051823739713	0.47027208120664876	0.7924415791034329	-0.1128817564524177	0.06139631924706741	-2.1084834904911465	-1.3782333125020452	0.5037220215224588	-0.9587386844685428	0.05312831056605912
-0.09552233360394044	0.11056208794176477	-1.3824319897213233	0.02321197340516351	0.3941619791787649	0.22942033492478842	-0.2325412654322436	0.08701187004365149	-2.3197002491945358	-0.42732266686904796	0.5639981118241708	0.12456883864776834	0.4281253215720458	-0.027270098398835287
1.2964868032140693	1.2216962397578632	2.947344366978189	1.988459488715224	1.0379717514780102	1.5295670340109544	-0.7740726855535613	-0.10367042613235582	1.5518562847498814	0.6056240778927308	-0.5705824489936878	-0.11410653764471095	-1.4777918251056956	1.5794568604584158
0.0181842624138442	0.5944865321297239	0.08681456934548103	1.4187062528232275	-1.3262072954475366	0.7453215012649732	0.156189783195024	1.296317728547934	0.3272051017852391	2.324200670726964	-1.906143196469787	1.1324029107442302	-0.28675159127063105	-0.12595378674491023
-0.3529345565005104	-0.15231018922313577	-0.3346255778907504	-0.00637432876185709	-0.1838911208605109	0.22182306824692732	-0.45305854950427316	0.37101613014614565	-0.4593003221681627	0.18795177620784562	0.2851856876287301	0.4910337279715091	-0.8525429433496193	-0.2044112786408993
1.333308601529565	-1.14636565225746	0.05020354683518169	-0.36806936158193926	-0.6769389307668876	0.23106120692003485	1.8542539547868457	-1.5827066585944296	-0.547516201237485	-0.8021090543091097	-0.9049226481578875	0.1909350676842297	-1.2684101965868593	0.05694038221656966
1.2132286442299196	1.9283019607686884	2.4696918207601706	2.4498210921784445	2.1587915404779787	1.2758596426180326	-1.1159780211193535	-0.045650212132766675	0.8151372017239158	0.1807133525417599	0.4103102147988436	-0.9099882470427945	1.1120351774100607	1.7332850525663361
1.1746845392605625	0.9073285787785528	1.3996946675206852	1.4389329325002795	2.4337949277490223	1.5305078821606277	-0.9239686336134308	-0.5934356487015091	-0.9407080044508727	-0.2657516948224989	1.8019039619369792	-0.07827059367480459	-1.4374332274839186	1.550876613496242
0.5466388939319584	-0.4532117497809854	0.9610029547711421	0.19765945181053518	-0.1058466861895474	-1.250777596645126	1.1258913778849098	0.18314003534321324	1.5113495035588853	0.7372675374759837	0.6433273431566847	-1.6689285063999377	-1.3265938569133588	-0.2977769996042415
1.3769036709453886	1.5614552658375374	0.8226981450975551	1.4911808561057665	2.0355674005868614	2.100236241250666	-0.5925835897080992	-0.29407361784707725	-1.46252786888255	-0.75604889974439	0.4969979594291773	0.36502805378239217	0.2518525651824965	1.6875289235092843
-0.40716624644505917	-0.0968248451588416	-0.840549495144612	0.7591114442065867	-0.6863104312296836	0.1953088359657853	0.260339886177637	0.6206071423646083	-0.7525442345640433	1.2513763963170064	-0.24806835517672174	1.4560777277194237	1.3067409006968116	-0.7305373107169689
0.6220488120845162	0.3757778428495997	0.11966772203836384	1.310442613608477	-0.6725611099104261	1.2703782123438778	0.19844758060386283	-0.2528366922249663	-0.5984756936562894	0.9029801970028267	-1.989421050982047	1.1525678762855507	0.579789725139205	0.4115219131567385
1.118435716848521	1.7890272701232146	1.6643501900437236	1.087811671447332	0.6010652180209338	0.8787104355181522	-0.11892010260056257	1.9446907023065625	0.04755360163024629	0.11920446670651198	-0.3131251666682943	-0.09682444625622054	-1.806084539133701	0.9834297565660173
0.22132734737019877	-0.18529894939942163	-0.18243100064254741	-0.9622952805403528	-0.2358288006137459	0.043504568264211174	0.9288443344385353	0.2497723003129474	0.28270371641544306	-1.3800462978783066	0.1656007322432589	0.33026495562947544	0.09312717530303917	-0.3537877646477979
-0.439778534696847	-0.7362858474134538	0.8451039674824283	-0.3293207264174718	0.23676010592184832	-0.38597422949444016	-1.0530678205229635	-0.9822325058083343	0.9854863022551703	-0.7601834827183801	0.5864738830573176	-0.9118805444102347	-1.0012636844634915	0.053306392964245025
-1.5213886710946136	-0.7351098965343541	-1.4187912699821426	-0.6988383810481505	-1.0521469515011237	-0.9369571075456777	-0.5918815855334947	0.6816656514899131	-0.37521249594999717	0.3483832928949527	0.1622377184668947	0.24299064343682492	0.5471971935689868	-1.2535487261420992
1.5355397299503968	1.9519401798577323	1.6116574209100305	1.7740365882887976	1.6734931649904714	1.48373048484341	-0.3340511673590606	1.0610523904647815	-0.47817050603510997	0.24534565346656717	0.48978921712050993	-0.24152705301968366	-1.2793973403265404	1.5711882136441713
0.250471460925022	1.1520016713614145	1.4962254321639117	0.7659615696997658	0.4422449997247136	0.6647845274818209	-0.8135776528366013	1.4364035948174685	0.9195481502108878	0.24998781062020564	0.1216727077874083	0.10118224865614096	-1.3766153409349042	0.5654825826579144
0.590526243507809	0.4002019818082113	-0.8482889920168522	0.37849536035062314	-0.20029141978060086	-0.055092300791880607	1.0758640217942763	1.256699163035131	-1.3653415700965341	0.7910994535931113	0.22079270082609964	-0.006973951895510787	-0.8688196850826182	-0.1800535789963436
1.1319696746472134	-0.6014120830049572	-0.3258359778135982	-1.2256655185234107	0.4981491893831659	0.1573020606914244	2.3851583485228365	-0.2550662247855779	0.014129903988075137	-1.6528919593022915	1.5738565795820956	0.5679486007782576	-0.40569980657822596	-0.3672323868179653
-0.8924959048298806	-1.8825572704252502	-0.8825936971419962	-2.691263943283751	-2.159916040837192	-1.8249014457777024	1.0449026049253207	-0.6218338925428021	1.120608195000032	-2.326038106921563	-1.0817305466841163	-0.7221858930599403	0.3500279899855724	-1.5794625328966834
-0.0291292914398604	-0.9168485831457909	-1.5273399567260877	-0.7768919511702059	-0.6213686486910391	-0.2101093473341198	0.3095488314728678	-1.2749693192887186	-2.2979236771897704	-1.623835135363342	-0.7271490517999799	0.06609575562672206	1.0161455277358045	-0.35509609711972073
1.7108476106514923	1.295591957014911	2.0864113686677244	2.5951528808480857	0.8696644277203226	1.8668562441749823	-0.05072111970009468	-0.8994924894785938	0.2857544052625145	0.4720282876831881	-1.4959489953250173	0.4001902080769788	1.3052057960799468	1.574246291486078
0.45003705645227143	0.3973340517656091	0.9634366691823869	1.0390393196066139	1.4207408069762997	1.8897582024174724	-1.1735448346020414	-1.2613838632945436	-0.3172033925838911	-0.5252091058390551	0.4442940625230421	0.8933345615795586	0.0020324559251556316	1.153757878557304
-0.7042126284927711	-0.5512757011396568	-1.1119509523507531	0.2680436557674537	-1.9027506137919818	-0.9244279229118467	0.7301323723547332	1.1850218803304453	0.10903077128903509	2.201715388471762	-1.0692701988529327	0.1397174844950083	-0.32133858491413153	-1.1980211123550977
0.5970615233735368	1.5683863018122075	1.2579713349210824	0.1905085914951815	1.6356836550680385	0.5199130796127345	-0.8029508097775051	1.5732853325581866	-0.061049415102286946	-1.2714435731277376	1.5479240720210086	-0.6974806719513359	-1.3976115009468602	0.9039374024666676
-2.4174796546720634	-1.8808967905412015	-1.4655761604907853	-2.2605433658674716	-2.2272348252702465	-1.7484688101224555	-1.6610342634235196	0.022533438721696	-0.489563595951921	-1.1756790448417818	-0.7116870044055708	-0.280287074470674	-1.465424700738477	-1.6013319136265238
0.8075394880219198	2.269766578426215	0.21328100558726226	0.6458925079158842	1.2710991207270173	0.9104566475214004	-0.4744419890889296	1.766802269006032	-1.9147867271322625	-1.9407174007121104	0.2717696565933638	-0.01819762118013782	1.5061506468815296	0.9084550876462897
-1.5129869611835685	-2.2407926688199757	-1.416674778550508	-1.292798334695154	-0.32048788617695423	-1.9939965762218417	-0.8269807032274135	-1.7183759802365577	-0.6191364001226629	-0.512051674612939	1.4737086009779976	-1.7722684588780007	-0.5357947243569328	-1.1026081358066546
-1.7125093534010898	-1.657063160572871	-2.078663045700598	-0.9736471640105591	-1.3311165050266942	-1.9187287597371598	-0.10954507990400957	-0.019376490582913544	-0.6867158873972018	0.7837965065025314	0.5239650745165189	-0.7462346437376206	0.12050195678471683	-1.6695376575800662
-0.007865376647945177	-0.8240606110767845	-1.2994343126899153	0.2766306674071929	0.14646135641500135	-0.2573993981490066	0.7038220219748589	-0.6688788260712417	-1.3914650994433957	0.815910741787122	0.950118336927111	0.05615592145142332	0.29778646916981966	-0.48229060926800343
0.5938689083835433	-0.47565896553945114	0.21772577984685604	0.7299959198553676	0.4240745160053812	1.5281045073952138	-0.16423061040600903	-1.5772196919112456	-0.7592683751949197	0.04562720876911365	-0.09089332781845111	1.2838890391277815	-0.6238637714521093	0.595445603897718
-0.8082668878034531	-0.5397298820963371	1.1373549575185196	-0.579738337402959	-0.1885581193492004	-0.22309905817924852	-1.3551748137846245	-0.4417662466516174	1.8679242775336249	-0.9260446328054805	0.11533301788699847	-0.41353701559374606	-0.8062743301154461	-0.11341526808227743
0.6592193879152634	-0.1782512896541001	2.252168153670832	2.077916908311704	1.7756659402080088	0.9701289776243702	-1.103773204821035	-1.3980800951586299	0.3856802287579749	1.6051330966519635	1.417991338763722	-0.01861987441049408	-2.155337312823899	1.0916642300058577
-0.07307238774855829	-0.25772053834914244	2.0999539089857375	-0.05226453530651526	-0.38919355741360623	-0.08468397450331092	-1.0678319517858255	-0.10340752309109237	0.8092376706810913	-0.6369041217967055	-0.9864283077621121	-0.3882788796972745	-2.549661728021298	0.3142563211097726
-1.6632938447813834	-0.6118857653142016	-0.8956877497199658	-0.5080010039128158	-1.4111978937872562	-0.772302202118703	-0.9165384460040458	1.6434473063511577	-0.08587577541730974	1.2409850635747715	0.14228858069983388	0.8525038163770757	-1.5047342275914233	-1.2970073036066114
0.48884672312013644	0.035451392720851294	0.8219856883449901	0.6358083677737049	-0.8363136684015332	0.43812114625130916	0.05824120758155702	-0.6974178689370044	0.6138306216125461	-0.030156436575711102	-2.1503596374052667	-0.3592763705704111	0.001075149474349829	0.45368708418818393
1.3753149170059005	0.41471478353952596	1.1117519138405882	1.035744356187753	0.8819690562240061	0.39805861988038005	1.2981934437068796	0.18511889169663648	0.8235033607007584	0.7945376460914928	0.9310730015997821	-0.3458932035096216	-0.8490857068744542	0.4734605898964349
-2.363604904814582	-3.2937959282738345	-1.6366394751438227	-1.058478201146093	-0.7841184374239807	-2.2107067744277393	-1.1147249472711727	-2.742288823293607	0.06368999297555426	0.48967201601712457	1.4726582895851936	-0.8777152195192153	0.8432867851266297	-1.8170799913229965
0.1486563795167659	-0.295931251759903	-0.16736388256734547	0.5159656651087681	0.10159790847673085	-0.45850602406568286	0.45671814647280107	-0.30338054055510383	-0.010732237926998362	0.6893316538475213	0.36214649459756454	-0.758154878437723	0.37796747122807367	-0.1894964216724554
1.0554877612794333	-0.3845265693938513	0.8155141036580095	2.1774075546518854	1.4851678347584278	0.3491183124181182	-0.19154454586573497	-2.6452589080856996	-0.5726178611571966	1.1934467909908004	0.4879427450307452	-1.4552224693278213	0.679666982146958	1.0666953790281768
0.10160133261688217	0.25246419678215176	0.12209093762972512	0.9874979849248043	0.17590471073560662	-1.2932095187395125	0.42244823046229474	0.29999474633110157	-0.9409422172404653	-1.100691467298506	0.7029669914435587	-1.274422228163206	2.322345904309214	-0.392001831878352
1.3311959199778776	2.2069279489602445	2.099757918416614	3.105211426928546	2.5024984796311642	1.3457661287895344	-0.969923742880781	0.6048238423825457	0.35539039593802785	1.7635375421093797	1.0971177192078434	-1.2184038534632518	-0.1800369009218554	1.8800410237150882
-0.23987476225129867	0.07783816449439596	-1.316425205578521	-1.6114357291220172	-1.8200412132352093	-0.04676533775224723	1.1839820539337784	1.7113140822552975	-0.5775023681737588	-1.4399339556351127	-1.451724572082538	1.2123462423848792	0.11903740219992237	-0.972757765298767
0.838211653505866	0.4881890999731646	0.7299605717504944	0.8549796774845149	0.9350812283988188	1.4062368216455403	-0.0017470340159650329	-0.31561844197862376	-0.1252940544802765	-0.06591690841632514	0.4244422946970058	0.7657757862108611	-0.442276072280097	0.7660153796163583
-1.334201368612883	-1.0077359877506333	0.15974340437186296	0.6190953519196424	-0.9676615394252037	-1.2359848158086248	-1.2131760992129146	-0.10820562959685101	1.1779478280503664	2.1486999593464975	-0.0931864264001357	-1.00167807823578	-0.9929623530654849	-0.7442201393794258
-1.548349606812898	-0.8838606998255664	-1.5590937369874092	-1.6256976730083488	-1.2601920533428785	-1.0954957800459209	-0.6965946130777545	0.38009952395897795	-0.6619698255512368	-1.2377985560297453	-0.24052498768745165	-0.1017087682947251	0.493453037236265	-1.210611021648206
1.006459257104864	0.6229596517530613	-0.21356313236726188	0.5297842238186173	-0.7391487239772206	0.44191388813025206	1.3243379175496304	1.150792814285997	-0.7284827681692007	0.5779832970412708	-1.1475300707382459	0.3496015650049684	-0.8058379787569271	0.09365155893284857
0.9194218851575446	1.6488341587372453	1.1021858525353903	1.784077312602967	0.57392277284819	1.1398412587558369	-0.5615788259558018	0.8343687744908924	-0.20026831075370027	0.7138680145465189	-0.9584694250091084	-0.4295158033560273	-0.28782594824269564	1.205778083691249
-0.5850548814947067	-0.3722809807791345	-0.22795766752886504	-0.4615086242657742	-0.4224216125647312	-1.0087911367760194	0.6806123289385687	1.067769363756979	1.2910312820880976	0.5853233197522367	0.9841949510322385	-0.34247149856482106	-0.049391309776548056	-1.0030643370780121
-1.1339784606966503	-1.0319307020158202	-0.3244223859380509	1.9495697920175992	0.6951545244007163	-1.9309520295056082	-0.7460234575255511	-0.896661038357148	-0.47735284871881084	2.0730746452746525	2.3893140595523032	-1.5326699341949903	2.090476976090454	-0.9120294742196222
0.5795492941771223	0.45563180030604555	0.48379699569140333	0.6414358576721899	0.7866300605802427	1.3694239218900732	-0.7049184933319289	-0.9114876738377068	-0.8594343124970993	-0.935188228166226	-0.3598236967465316	0.2833985477951429	0.01557674198592984	0.9994090562114837
0.9138444282960454	-0.7703180469163682	0.06830601386671015	1.3255686752099527	-0.5306519600856441	0.3745481810331061	0.8291483375360892	-1.3838357423439682	-0.7134035728275784	1.6406142151117822	-1.046843471852812	0.008008196985054238	-1.0594305997274203	0.2718695184354969
0.5796304982513747	1.2210684765090134	1.6528565073277899	1.3519162094629251	0.33413996219129793	0.7149798465673602	-0.4580790404271043	0.5233966764995976	1.2704202601276022	0.21684120682992783	-0.9146883028464193	-0.22150075149186269	0.9097186878943515	0.7250867330303845
-0.28512415186998297	0.8425940313915109	-1.5907828931799681	-0.4318125600222418	-0.017808710776200942	-0.01321976636062433	0.37056920226688533	2.2485674893242766	-1.7773374229816499	-0.21046433725234495	0.814616738908308	0.5234966968879099	0.09896369982209388	-0.5263392021674738
1.666840192446803	0.948793567762853	0.9957098030459222	1.9564064276008863	1.0456447665791457	0.3259904317469132	1.1688389961421208	-0.13478192342518527	-0.06596055829478721	0.955794426915911	0.08377907979560739	-1.002688930322549	1.0273680697806336	0.8241891078618375
0.6550216253489288	-1.1777442899808017	0.2083012675955401	0.18329112687035232	0.33563553096353593	-1.0613122567307878	1.2224870897522078	-1.9770332723733615	0.23276550197099433	-0.44896605688597213	0.6438298742480836	-1.4764976487727952	1.2421802104938136	-0.23996036865554748
0.5975540053713124	0.5126377024465132	1.111653249611916	0.700648628341786	0.8661519087279907	0.24873996030440162	0.12303233910837587	-0.2255475709824946	0.4802592273345401	-0.9808684445956326	0.5509599660754223	-0.14770113424754747	1.5619121154200617	0.3355838219519976
1.2300606426410758	1.4103688507802106	1.1514031345128584	1.2516929292063115	1.0606672201572007	2.309072459445988	-0.08772151426190793	0.2117819114539458	-0.19532528456486992	-0.387103909100535	-0.37102582210286866	1.403980840876816	0.07988929230536487	1.26732184544677
-1.0964308266882723	-0.5251314994453637	0.8067956669887554	-1.6436191868809729	-0.1988928992695378	-1.2904752123774055	-1.1916823261607645	0.5098079883665153	1.6341152759808766	-1.8983511963177808	0.9206572276530592	-1.288982186940551	-1.3806153166789619	-0.5548932291294806
1.0040062353468027	0.8511264922560811	1.645028933832549	0.49956267451249353	0.29828950348858674	0.9939598276956656	0.26728235473882894	0.9422527154334847	0.630609167357495	-0.29055862336137356	-0.24253647857958235	0.6562689689191011	-1.7703398098325078	0.6398428249624919
-1.0123289769422315	0.3145916931697902	-1.0568330723166544	0.27514642372100523	-0.9518560290298976	-0.005493550261439672	-1.597961768476788	0.9772950634816755	-1.6380352255385735	0.5266384667026781	-1.1460125391595173	-0.03316181972446187	-0.6130440420884181	-0.1491765365015315
0.9247369782876265	1.7488671634196933	2.024321234160585	2.5544138640313427	1.3265831632818093	1.2999851723350937	-2.0175202965673202	-0.26407712846097037	-0.1572099799201769	0.6889145248638797	-0.9823571870092184	-1.4933268059927054	-0.6430961937134071	2.035932679238957
1.0423103837573293	1.228953639115932	1.1221548634982903	0.4655404489286623	1.0622448425426676	0.56401222390691	0.4983282805355891	1.3351909645513507	0.5652470745550076	-0.37733692635444743	1.0154392494623878	-0.2818764877833606	-0.9233192867030299	0.6125029177257275
0.8161252216028294	-0.9045237022444954	0.6261081032923184	1.1427540002404741	0.042439437257575534	-0.596282460311826	0.7414586456464561	-1.3410829110393991	0.01698486375929803	1.507793607377396	0.08276714925886654	-1.3508639757086078	-1.45677175554227	0.19148039548759804
-0.5910108934304147	-0.8535320678961558	0.2924860932659602	-0.24201023236009106	-1.708566396667503	-0.9614027691236329	0.1318367620312505	-0.4275966003052818	1.4398871306064849	-0.052924443640192935	-1.7803795557092224	-0.38274145085073913	1.114523891378749	-0.8198788859887366
0.9236349215809734	0.7487988755038577	2.4365193821317286	2.6048958145978265	1.442218549507632	2.22878651227657	-0.8999366770661789	-1.4581845130740927	0.8334498922914045	0.13785644763554006	-0.0076293617566115055	1.7148576309276327	1.846736543293774	1.2543622746895584
-2.0909087190850983	-0.3908525136832586	-1.7738241811479951	-1.5493992502536014	-1.6754923198934182	-1.1242441583381177	-1.0582539700686207	1.7687556071653212	-0.4810394158021305	-0.5033245148605143	-0.3718027321198051	0.29012998510899923	0.20926518684775228	-1.4939589153520016
0.38086039914868697	-0.06099666626711192	0.20210512867923255	0.5338573724599504	-0.29705351593801527	-0.38593594321422986	0.7982762270225124	0.442880951667332	0.5275384356713533	1.0443814421823367	0.03483738632679985	-0.580080783102342	-0.6452233505826095	-0.1976805671509892
1.3267715444122579	2.0573758569715146	3.255418428617431	3.221943447251742	3.1245467341067137	2.8215214897384104	-0.8654997205894095	-0.004329177623223608	1.0579990923036844	-0.46847219295471343	2.263493293539741	2.227066044200619	2.2473488628344533	1.610503590978558
0.30831983733034807	0.5254789944165632	0.1184708839887102	-0.23475875239249244	0.20420236849569215	0.31744478132972476	0.18039608320424713	1.0779558664691273	-0.21091863043549514	-0.6332126447645957	0.49796783881862056	0.22112595302397198	-0.9427691910262714	0.06725931274034119
-2.7654476279149405	-4.386299641468687	-3.6485661799626428	-3.447235816802402	-3.880589551614043	-3.133393714486585	1.220006444946219	-0.47738365346646133	-1.1413658278342014	0.3944999695758443	0.03180680767178464	1.08452175635152	-1.935285164130362	-3.7128124165627385
0.058560725501238864	-0.9178661338763296	-0.47141900346017046	-0.8881815342299639	-0.5135652306723576	-0.7904450373913987	0.9244034681435636	-0.33850778347864563	0.07492459410559402	-0.6741587553291609	0.32268177402491455	-0.6033156881038475	-0.6144229535181321	-0.5918768730855158
-0.42859094104157014	-0.35550010752566197	-0.7812143804024057	0.5712481713669119	-0.028363474613936457	-0.09446385607267266	0.1878439820642127	0.22560681127938795	-0.4505911672208165	1.2564196371904732	0.808148072491168	0.7459475473392727	0.8873274727112636	-0.6683296888355474
0.5701851215777176	0.09939884506356045	0.6548444423123028	-0.01924363085016545	0.13913631844657814	0.9019308201190148	-0.1363637325089503	-0.9332865067561997	0.06198852908800237	-1.4805741358815874	-0.8656152914089216	0.18432171777436965	0.29652302658259894	0.6000661438007604
-0.5505227814195882	-0.9838984377776326	-0.5396944888683519	-1.5018990368692144	-1.5314127342468558	-0.7512000844289564	0.5694730260923622	0.30764190742405534	0.5715414073756641	-0.9713815789083918	-0.6320160221698237	0.19695980054087192	-0.795886277684727	-1.0093063266951205
0.07009451106985254	0.5562218842333758	-0.2046301617881517	1.0903829248935173	1.0738364079843103	1.1542606261630637	-0.6217166079183103	0.16114082477478422	-1.024104405729867	0.6764080098269142	1.0292375476040851	1.0132860627292082	0.46158826473177933	0.3672197364221494
-0.769670773016127	0.3069764158184126	-0.2729228563199064	-0.4204686630823259	-0.17112591217631845	-0.6013516225984915	-0.44383707468940875	1.4549039330788136	0.4254567616831247	-0.09500759010406404	0.6578288469865631	-0.442071881036276	-0.16245388782576523	-0.5334751664637225
-0.2465618487203095	0.032311694926615744	0.9764948182324206	0.5636409563167393	-0.17548089347094725	0.35001830218317254	-1.0648618862464954	0.1691668160367914	0.5937570721588628	0.5001038498478915	-0.32173021739595764	0.17525895576688272	-1.4227961015570034	0.2153708256159416
2.4875462948884737	1.5209604272106123	2.5712931202120877	0.13041011632726351	0.7683534856421874	1.3263528530835702	1.3798673469979454	0.32797970092787	1.422408055476111	-2.443342027681157	-0.9776029952014165	-0.5092312625818147	-0.9894221702937869	1.5220570407126477
0.24605816592034369	0.6513455618891061	1.4672090004205984	1.497422816748628	0.8796900187184598	1.4408808568874578	-1.1905250018008262	0.19238968357297165	0.5643400764813398	1.0801296484789884	0.46261109828930785	0.9858744020192576	-1.2926142959187727	0.7944346109290776
-1.037270049356369	-1.7369162024090856	-0.19212988797376548	0.46165119014188855	0.09520347795933726	1.2606199487917182	-1.0806522367703864	-1.9527944538917117	0.38122891456612357	1.3444790295541797	1.0944424931230035	2.5863931731876355	-0.4858303438234673	-0.4680734613093653
0.06195960885334462	-0.6176132075336318	-0.03318195669836366	-1.475186363366654	-0.8362701537677613	-0.43568285568652054	1.144236411142819	-0.01655012005509514	1.0405199550342719	-1.8223520820705004	-0.37530113094385475	0.1457775616318665	0.46924241706114844	-0.7015316189128045
-0.6453712536512609	0.780885150559821	0.9911848708361877	0.012629082677543785	0.08824574555146794	-0.7396224997809625	-1.3828896136399282	1.2182107291358415	1.4040092609226944	-0.4150390500308088	0.06118020670067724	-1.7484976271611068	-0.3626140539205668	0.12248152386242948
0.255450553359112	0.29923022728300797	0.7001681332831501	-0.1284471760435179	0.2918016353887676	-0.06051652452991922	0.6060137152460708	1.2356121324422682	1.2525755569002492	0.07010364625227748	1.1727267047478078	0.1234398793127877	-0.9845198741097294	-0.24523307736040703
-1.3710078915070534	-0.8127629687700315	-1.6058967146352259	-2.0307766689189273	-0.9223054822410179	-1.8618861609704764	-0.04343869126241338	0.8818842692538209	-0.38974898258784196	-1.4875440631101875	0.699664514555958	-1.13263690952355	0.1849904347499634	-1.3788916172723167
1.5440336537772845	1.4986839149202167	2.269409286104264	2.862702912139386	2.300267731336996	2.4537872142113577	-1.130962082283902	-0.8874988023993419	0.1259660805936788	1.0128425772562402	0.4402668186730848	0.2398846910496834	-0.5311315177712177	2.137409499914065
-0.4135509065113927	-0.3304715014662383	-0.18443810251159887	-0.5148259379025542	-0.9492225504135083	-0.933978440057515	-0.08602888818798844	0.46950632696737266	0.3057915229259839	-0.23880419101852227	-0.5813748536650117	-1.026136821746564	-0.7129762598243063	-0.46958004568180056
1.0389381524285137	0.2961761799416602	0.5395440033257352	0.5844973357726871	0.3606461950971951	0.6833568514053575	1.0045752539418558	-0.23495013877911483	0.2008862015676765	-0.08950136802377119	-0.1274431780775261	0.11232368999436801	0.10083825849663342	0.4169786115098024
0.7626694767472405	-0.9928613140650334	0.1557011552682273	1.3362287421382368	0.6886648263221522	0.9471005143954754	0.8489171159718941	-2.2053489546889637	-0.34907438388110945	1.0062464196067307	0.6764990808228772	1.275821163586068	1.1511440963740212	0.10011923947354061
1.875725424731128	1.849396693212344	2.1377036439131314	1.6381003021793328	1.8818677757828335	2.3781409944103853	0.3186476592411864	0.49999882740558205	0.814587575858415	-0.205200481311893	0.551439520803428	0.9482546553482875	-0.36473609161722753	1.6223446150924403
1.1806629280323615	-0.18956422410713736	1.2142296523429104	0.6635866978600304	0.9806110884514474	1.2363874390422502	0.23424344855757304	-1.0692960075109414	-0.5376529945528812	-0.32547978183636445	0.5709741100076642	0.7820246112145273	-1.8820244212383839	0.8284182646471043
-0.6061279309406598	0.3355435135701574	-1.038423361147905	-0.27729471573700976	-1.2225695928354674	-0.1760705185196036	-0.5422642949650539	1.0218718190713274	-1.2168998766488524	-0.3392323836291492	-1.574606657914744	-0.095062685236993	0.1893865528180926	-0.3154568884362576
-0.13824881478037482	-1.1256341221172526	1.010776319960985	-1.138677490074465	-0.5802649489118763	0.7103369865432604	-0.2627483592114455	-1.0509827745757334	1.1060775996805008	-1.6765717964575642	-0.3463439452373259	1.4853663896839302	-1.61207743409717	-0.17262897055237858
-0.7051649904000934	-0.39485576813322576	0.4875700263952373	1.706374891349995	-1.3423880578167287	0.3966024972582929	-1.4671035899948996	-0.951638745800214	0.5503873572833086	2.215176681797976	-2.5307950111650586	0.0709488796032966	0.10496751602969707	0.15513397614096322
-0.27394023669350487	-0.6711740025516119	0.663868826156623	0.02903584187446759	-0.7653451726029279	0.26235355616228173	-0.544013342420514	-0.9449074199999059	1.0767226906038314	-0.13777436989941116	-1.1061614335025927	0.16512970943633326	-0.42753642070269315	-0.018722266411129767
0.3024102042135457	0.2125004569193562	2.4743548252781125	2.8002794545977125	0.46239042599159663	0.4116203471854677	0.29953467206466466	-0.2814019692565535	2.1513798776660567	0.5562045137847473	0.8078682946740751	1.1844946607122175	2.564201129014794	-0.13149858732967054
-0.27842718897404367	-0.8183250445371322	-0.8204985646553068	-0.03374390170008079	-0.26177185958397253	-1.6258555551948022	-0.4010650949831853	-1.4546070767199986	-1.5826384384981633	-0.9274155203522781	-0.41743000397859314	-2.4632263528542864	1.2894469486568565	-0.20345018823650446
-2.1590910098246727	-2.3164457106755827	-2.621248465880161	-0.5717877434805945	-3.0016437560479288	-0.8643952017676937	-0.26094559766178405	-0.4535634674837136	-1.001107672810308	2.119019852335552	-1.595628495784018	1.599385415467085	-0.10713988499923818	-2.0228796531855067
1.4151067670413204	1.1921425282576625	2.210684617293267	0.37139529940350746	1.7027925891873101	1.07825999397999	0.5060352355656501	0.06659186691088709	1.8213099069519572	-1.7685875133074862	0.9432757241335726	-0.1000251147071437	0.7802790128689837	0.9961316055373336
-0.6206291755525603	-0.11160259510487618	-0.6480362103836205	0.9003490549253936	0.44117773136085064	0.16142691944500367	-1.0447864793856974	-0.15032153627699948	-1.0694627682434508	1.2021262307683251	0.7709597012266186	-0.05121934565225305	-0.0703118616210191	-0.007347301014472672
-0.21715662009521494	-0.6892979611812022	-0.23448452666833317	-0.030381363762445362	0.24919339899900417	0.587262345182059	-0.2883658982623769	-0.6550592967328527	-0.3089641982298478	0.041067839407725	0.8889765442923654	0.9820613291013365	-0.7189265265204997	-0.15247707783739067
-0.9165196828797337	-1.101314697522668	-1.7279686269122647	-1.3330528303165068	-2.0632539040316424	-1.5413382237290818	1.1215141265919748	0.8074883033179205	-0.1830976333638225	0.08060244559185752	-0.7952831250607334	-0.1848943497621717	0.2025303997090721	-1.6263137594552346
0.29574546722958195	0.32608078195701234	2.0995166779693872	2.0136949640963517	1.0757279947180176	1.8847761859830956	-1.3793069700719716	0.0701131713541154	-0.6290205800634965	1.913893289699834	0.46612262090257695	2.037481812623367	-2.84881781145447	0.8537764414354372
0.7478023923047058	-0.7556098465844493	0.3017623688101788	1.089040477646364	0.658544094090513	1.2620787251267087	0.010613245833189379	-2.500554225888363	-0.68646129893801	0.2339404760954771	-0.14323568972011352	0.5992335706088997	0.19245765149807065	0.7062311586489542
0.011315751196052048	1.0220097615661365	-0.8528647056621426	0.39496641302462804	-0.7849075391956764	-0.043944908509561675	0.5147226027195843	2.0833388513060793	-1.0702438847021996	0.41672023658785123	-0.8621795844017716	0.509625231284848	1.0799791995265344	-0.44398938912281777
0.8222558098238973	1.1909452201967938	1.9933435037950802	1.5972788332878614	1.7168260119275305	1.9667091254009603	-1.2397512725822015	-0.7369803165931322	0.5807128168264971	-0.6659146007709571	0.20132257893398076	0.7437147314880292	1.0557985405995094	1.4219737020327712
0.250815399401693	0.5954661491863625	0.3237559435376079	-0.06229140799274177	-0.31388740877366206	-0.10485182685189143	0.41281914323547475	1.2369402491030588	0.5929771737124753	-0.21691276100546283	-0.28237397480089177	-0.3721036915146996	-0.4073798531640306	-0.06522202964266666
-0.33008762632702526	0.07863553118474181	-0.2886603950903752	-1.0852559137455116	-0.2495389234869603	-0.49376880949058755	-0.2508564319422714	0.9382892920685336	-0.23290208600802062	-1.4347279809755664	0.35391126013353763	-0.5220543933956815	-0.8881982937801347	-0.3066983853003514
2.9165651984532732	0.9106727467234497	0.8279077543936613	2.8081112238538743	1.5828207433831771	2.109399452907766	1.7138874878071653	-1.6822008423117552	-1.7469065521549851	1.050825080221518	-0.5453228941873175	0.27992499742669363	0.6740464532265671	1.7851839614651894
1.093473380978049	0.16179776404872026	0.891492316409482	0.8383130252380825	1.1248190071001813	0.46442409372836846	0.8416526077533194	-0.7911644408432605	0.4647888091486189	-0.16533140726108725	0.8480863774434858	-0.2167766992777278	0.861404222205788	0.46421558411351893
0.7763911279351936	-1.158207627700366	-0.23701500150872418	-0.42572147746598854	0.19299675496747304	-0.3826922754090297	1.602591369885995	-0.9829321529878666	-0.2724952360679145	-0.2511493902700979	1.1898678235769002	-0.2099213129580049	-1.1506521075618423	-0.3383179143952774
-1.5375736945492418	-0.8228752259873925	-0.9357588381738637	-0.49960934532298734	1.1061764573218043	-0.8294321285011971	-0.9139102294006456	0.33785189142050587	0.11585682627416066	0.541899235159939	3.552893462451999	-0.03594827731366092	-0.09293096942787432	-1.007000166954121
2.943850125845271	2.5089414337778915	2.191841973608073	2.2601713088413895	2.7895910086335594	1.3295004578542704	0.9661667253687766	0.30249983650257095	-0.26021630648186167	-0.4468733083891008	0.7702032334082541	-2.026383194014647	-0.09384436353661253	2.3462104045836716
1.344753505426549	0.22067755050595228	0.23313249604634145	2.3835403742955483	0.7907198889287359	0.5528510542519103	0.955907792912752	-1.1457856397364654	-1.4939837843360426	1.2523128136370374	0.027373857737108313	-0.005909927537197219	1.6648472696026198	0.5751794804273075
0.02815041802144025	-0.7758161739053508	1.7159566861060056	1.6713840979136252	1.821692724285854	-0.5822236366462021	-1.0033802806829653	-2.350062358160267	1.8591049066901324	1.3870033969582796	1.9796681475203814	-2.281497778463549	0.21475886428219368	0.5912694681343708
0.4579051189476375	0.9126948250531256	0.18530890950263867	0.3257711417923918	0.41451027820456654	0.29546725367321336	0.36923132947097165	1.0208481695767506	-0.1997736978379801	-0.5443322005670858	0.2471973400884103	0.16036337097341888	1.0243434222832946	0.09531723885041636
0.5067857617168178	0.7136756477007563	1.0245649072141925	0.971185000968608	-0.29988812479703797	0.6719121906718691	-0.022423065233187614	0.8320466812540499	0.7880502957203064	0.8273706606954474	-0.8950618764927732	0.25585467691614633	-0.8915586420156398	0.3927593673514544
1.2942718252294805	1.927831530972563	1.8121535870688967	1.5622352058119118	1.3613499902020105	1.4349372353534127	-0.17584656851458835	0.83888885001579	0.7271421732468254	-0.17317833512662187	-0.09443684906482525	-0.06666053634142541	0.5827666043073104	1.3079449001016268
1.8642118803682117	3.0615852439400695	1.642888561159879	2.9565703368433227	2.0478063639467354	2.837318715495775	-0.4916339314252601	1.4684991662946478	-0.8130701648125974	0.9026596573411056	-0.2127462600395752	0.986295718361679	0.5349939912096892	2.073486945921343
0.9057401248870807	1.1213227171851001	0.372577079217969	1.8904581136945497	0.8433460327516963	0.5893161565725541	0.6531322244417368	0.8693323925833583	-0.47403781153671837	1.4188897175867603	0.5024043436444858	0.2827844377475129	1.2323813368215868	0.35324701427076777
-0.3664853728529007	0.7617285837848016	0.356909381362473	-0.13163752402622875	1.8228867913790938	0.2937186231163547	-1.6172998725817076	0.7492852105541411	-0.44579010771606875	-1.1646595474510328	2.485451498968968	-0.5337074693551487	-0.8457822790849144	0.48131391326929984
-0.4015385549781469	-0.1344958372102243	-0.27646379230592033	-0.3254367451156009	-0.7881048267200282	-1.5286817741948828	0.7658253392005311	1.191720508977701	1.0335269198763593	0.5129413035284757	0.10536523977534895	-1.315456091117982	0.3785875137164826	-0.9252456453401414
-0.4606197938576313	-1.6068094415828635	-0.8048966927780923	-0.7833552322915693	-0.8442191732030407	-2.02032613619824	0.2583806613455	-0.6954092312130896	-1.0843867792394755	0.013687622473073641	0.2879886613483789	-1.9091610200548228	-1.829484146351508	-0.8236670735847081
1.278928465031417	-0.21662183442488503	0.5561807482176993	1.0052156607711356	0.4909346056309663	1.724951710916844	0.6238357352194571	-1.868881757842542	-0.5716208855859896	-0.16595677499674538	-0.6896197266045782	1.0434059821666906	0.028586915282080985	0.898989837224224
-0.9105084850103649	-0.852182017644665	0.9304099422746721	-0.46640248281577185	-0.40753684819659575	0.3046536954337268	-1.901780284143682	-1.5097324598868873	1.2195691358197178	-1.2339799346865348	-0.7750156579575832	-0.03866607620553413	-0.4874487391641502	0.1511472061202974
0.6553700512545279	0.4493685584678063	1.0869811871960438	0.2814280305423491	-0.4160889353626722	-0.41625351957894285	0.28734513665822586	0.7990962089650577	0.46523945418703366	-0.08331239238090217	-0.845899822962879	-1.1672086756845086	-1.6070437603370415	0.29131958515618
-1.3711620838219147	-1.961239523778552	-1.3117497695153006	-1.0706823116905495	-1.2988287363507112	-1.2884787493672032	-0.394700169235067	-0.907314280601877	-0.3187316377648969	0.15755973066107545	0.16751358619081624	-0.2864210943325006	-0.8159410483776683	-1.2536627457418923
-0.4907060246138063	-0.08824077799732752	-0.7409095054176902	-0.046415006263081426	-0.7289081126145693	0.38294671044667117	-1.1689034704140044	-0.38657151847307175	-1.5425061047703612	-0.654968137899534	-1.4546433227391669	0.01240327021035795	-0.1741365750276828	0.1785294480920521
0.3356134694944097	-0.4284317101344717	-1.528207989494023	-0.23676900134085677	-1.1380593543744808	-0.2853960315760445	1.2348446011526848	-0.23591391885227878	-2.328188611596896	-0.9266198027797738	-1.246795106426244	0.48814040191413377	1.513875081770972	-0.5896583751772989
0.9284319432683585	0.4526718903976613	-0.23156263621255524	-0.20274359605577053	0.09635104490746044	0.24586934943726885	0.7721277016945942	0.025856572784419874	-1.1399589015277307	-1.4006611979922992	-0.5680315536179461	-0.675037624615045	-0.0712038076600755	0.4513987082590245
-0.7541004626123803	-1.6543152054033985	-0.42531435341039087	1.520121364484015	-0.0715754315335463	0.15666403900181444	-1.2899318213234727	-2.879243973297579	-0.8059020844652955	1.8825720156462555	-0.20010062939722456	0.24276681432726688	0.9183044267853109	-0.11042970678191327
-0.6265892997800233	0.12742772409136205	-1.0948039699427023	-0.46945170679789083	-1.135948485812131	-0.903537626482818	-0.13649769538828446	1.6406089096505323	-0.9783626618025696	0.20776109831682382	-0.5055337173515155	-0.5857714874705899	-0.9127123713583679	-0.6743951474272837
0.39360230785204353	0.8219821652070752	1.2607825997248565	0.1446490012709008	-0.27424544262792444	0.6387813377399971	0.27698629901980887	0.9677060026413742	1.7803109750987804	-0.5287368768267765	-0.8552211929978938	0.49863780206483743	0.4213408923475003	0.15709038515275064
-1.5611654879044783	-0.7971837865173982	-1.0062558886239645	0.8068997861621847	-1.5487006700081116	-1.2155196753343394	-0.03148926710820644	1.3572428583466865	0.9377994947252384	3.6922690615772016	0.10438898366114101	0.27195393345113944	-0.1804186801753115	-1.5754457654903478
1.0205740871918416	0.35197977328107916	2.4720461383656773	0.4580956890339488	0.1584114212581591	1.0488102799591585	0.37982332092031473	0.4447540859585495	1.3849403123105704	-0.18859380951193297	-0.41480743931937514	1.0585806842821384	-2.3336854353239227	0.5518644087707341
1.6824784641467483	1.423353008182603	1.021409844001218	2.23721124901084	0.8906875830671783	2.0058187922350426	0.8386516095897025	0.652448755695855	-0.20431449608751776	1.652070763493753	-0.2388625671380809	1.1828065297181947	-0.4003187960068331	1.1119475139664565
-0.526906270587315	0.0878043851086569	0.3296707310296827	0.36481772669192314	-0.5602704845749448	-0.786949714772235	-0.6503261348504003	0.2889648689241862	0.723456688472731	0.2333115588389267	-0.7529229362455924	-1.0792583388488297	0.894786361161951	-0.26453180847824503
2.0262996555302246	1.8208784627879908	0.5195396066663098	1.6839443206295568	0.8927167680823104	0.5272566614322636	0.9443761366021389	0.6019563702389154	-1.5611736822350757	0.04034745055779134	-0.9449794839886401	-1.8814901255960559	0.0176143899186386	1.456181762660914
-1.5061898227669315	-1.649316553923512	-1.245430051672803	0.19064644440894374	-1.4721841023460043	-1.4243258238249759	-0.20837885740736464	-0.5698509118338084	0.05833784591523131	1.8482105632466879	-0.2012595793354485	0.033477572564587124	1.1203758844494411	-1.5314811837131153
-0.20048085699258547	-0.14992969374071802	0.6770495029802067	0.8510889577040934	-0.4254917111699519	-0.2942699614094184	-0.5527601915585283	-0.5914250038257177	0.7419434903485044	0.4284379304147576	-0.9773359420950889	-0.603686848779188	1.120314840288347	-0.019137659502956827
0.34207209885000683	-0.10438360384190196	-0.354293009933193	1.63358275606338	-0.8588583900487176	-0.07888493590939938	0.2887212684600338	-0.18702714539501958	-0.8148871392286788	2.3482106530885285	-1.449179281932108	-0.5928239739174813	-0.4402302649056361	0.095878736376237
0.04546858749337147	0.019797087755504317	-0.03916246115242006	0.2562881865781576	0.7279154430885789	-0.5682925019267493	-0.11610068062369007	-0.33468610587686637	-0.6225740224187387	-0.8306198018193768	0.9850576233505302	-0.9015728481648014	1.4049121532425095	-0.06037367936687779
0.8963078929618759	0.2381192547511014	0.23121769464303588	-0.03669162946284871	0.49919361472440704	0.06353213712581832	1.957307646546467	1.197606641849725	0.8918151743802321	0.361893533644877	1.6229021917153392	0.43686409472181315	-0.5643620633356636	-0.36757231769160087
0.8701665945814322	-0.2529561734866801	1.3248049929288601	0.7201898817397789	0.3052199150764088	0.38800263334054064	0.7709032600459189	-0.27441770024394874	1.043999931695748	0.7612904754425307	0.47397688537528476	0.2702491150179753	-1.5453735444310925	0.22076915554590767
-0.13751163456650084	-1.2379587352130674	-0.977155588491421	-0.8758140074691573	-0.51801670976753	-1.1668600404766187	1.3546043607022413	0.052314292103336324	-0.11625151505253725	0.21332577851820467	1.2087276623794332	-0.3388051004492267	-0.9351700787975802	-1.0823132947155532
-0.36836367090602107	0.3192486196127024	0.36081954916010717	0.3012166629702252	-1.1680137935447052	1.2781899052926362	-0.982689563220061	0.1172093960689394	0.2648610746862747	-0.32641213254785034	-2.3484445502424696	1.6519070320101656	0.6220639663660735	0.12451018869812404
-0.895429103617563	-1.8075263362332565	-0.36226553084296265	1.4802700688501913	-0.79067743669479	-0.6981443224645951	-0.6436803059065147	-2.485766539871764	-0.8425541011118671	0.9817798144602395	-0.38084510893522805	0.22889289629224682	2.0958279075989927	-0.7352319938299968
1.709771306913759	0.8906595725192936	1.041178451301951	0.35720668612174866	0.8794403454205274	0.5537913242743613	1.1356360753963612	0.1716413979380435	0.03934481640830907	-1.113479546724091	0.13565047611343947	-0.8760330442994176	-0.6829979452655404	0.9242743228095756
-0.030807027188694186	-0.2308120803872971	0.09869167251623212	-1.1661016405335334	-0.8342373486660428	0.6784815854799595	0.4010548773867787	0.06437577778901876	0.6556413012424177	-1.8316248704207982	-0.9411521572216726	1.2996080520445068	0.14825834173722127	-0.29908921540815264
2.818266758377931	2.1512370325200383	2.4505130521736396	2.375362046426217	1.0384284311079768	2.891084022097206	0.7885891494437919	-0.32360268158481	0.1923303571931762	-0.283896166542349	-2.1782747533758555	0.5947602128244103	0.05437573906479494	2.334523493657965
1.1229902227942583	1.0316711018573885	0.3664542019979558	1.956083754233048	-0.7752011891693313	0.6267143670564359	2.0167762415654837	1.561847183257112	-0.22374611988784293	1.2843377075915525	-1.081209826485615	1.6987840981662352	2.0101971428054353	-0.30747663665796554
0.43642333614617024	0.6533552310942458	0.4115462389121455	0.2673779019422918	0.5516981643346806	0.6023719917197929	0.0008251623443798909	0.39119037649139854	-0.02702119075145792	-0.5857519395720326	0.22175730186769269	-0.04135760985715135	-0.043681653928167925	0.4273773359850402
-1.653079934156056	-1.7670002551760269	-1.1513631843978533	-1.945646642570189	-1.3515188779164848	-0.8557371456848789	-0.41892054591177785	-0.6154774960506547	0.4666414028625309	-1.2547578198764844	0.07753425029794707	0.6488748656422233	0.2139429127755955	-1.440502340100753
-0.5280526454479593	2.304723298055534	1.3706085701319453	2.397904635639109	2.0998076295720995	0.56410473366837	-2.6660769339131267	1.785023960386355	-0.3069849685159257	0.4151882863430487	1.7449292916018213	-0.39954048400021397	1.862150192559138	0.8612788833118937
0.48863666997259525	0.2149531244678643	1.3257296188505352	1.5878117347099299	0.1444657951754439	0.7431098906518766	-0.4026135519444356	-0.9356524637979866	0.960210756901797	0.8598761075987357	-1.0212328256644905	0.0027129374363750974	0.841017316003166	0.6081411395460231
-0.11991491338388371	-1.7799128606152292	-2.4993368131425027	-2.645054624976323	-1.5001954520217031	-0.6251070016512408	2.488757765225265	-0.044741952912465785	-1.4177008011287615	-1.8411072236447985	0.418462820067007	1.4440284756236237	-0.37849688787867636	-1.6773683112920144
0.4238369818899722	0.4660883989396024	-0.44195589979683414	0.9248479709547321	0.13186758163689352	0.703522030146692	-0.2432273030937201	0.47160348025852283	-1.8793710475345788	0.7445512566770733	-0.16692557627097995	0.3474873731812179	-1.1621378070717008	0.4155538721988289
-1.8222096652187214	-0.2735097173637564	-1.2892884278119732	-1.8543918740225533	0.06890261381973084	-1.7007743894417529	-1.2928048009362532	1.2871012227198586	-0.37869823346048903	-1.682411689379375	1.8578282629838492	-1.3938366766644101	0.08950661844560792	-1.0636717746847932
0.31663438993461923	-0.672496527503632	-0.6572081575468299	1.2009897768787612	-0.5155040344021109	-0.4809288233400009	1.3813237044600393	-0.40223977328418375	-0.4512272035763711	2.022699637739131	-0.05378442130917851	0.18856252780719276	1.1880437054872113	-0.668761404630564
-0.3356575788504768	0.8686281358353877	1.115822388120019	1.1809015866681956	0.11533970654767732	-0.28806172123741447	-1.3032861318932503	1.6558726542240645	0.35784977056392464	1.5157952395095704	0.11697299192135757	-0.7963944435234136	-1.8194913046622045	0.23900280423338993
2.2952679796375532	0.8833524601203617	0.6652935236872951	1.7064860151589565	2.150768005483357	1.1788237391962475	1.8565493398787467	-0.5684669095914737	-0.8800452713433302	0.3252352842074904	1.5721858927261743	-0.037391963980322164	0.8073115733099497	1.062970291213256
1.1202498060793644	0.4953367164047403	-0.0464440561646349	0.9253401232379861	-0.9566027166770291	0.1272450968724203	1.7212786236310291	0.7393879467680965	-0.1968379408070017	1.1213756107936121	-1.6805535335476938	-0.2365118089092855	-0.09141677341652932	0.0699873030271883
-1.2360461193522045	-1.0567113317639967	-1.4081430633943919	-0.38047130891224545	-0.20509558837236685	0.0026455203157490503	-0.6813443024768726	-0.43398857383365996	-0.9452938986518942	0.26702875170308826	1.0012503975802332	1.2902002965679447	0.663576637398887	-0.9290335149435781
-2.3618668088763717	-2.2711563660596132	-2.4212725179483177	-1.6329973461386134	-2.177584327195875	-1.9129092912299122	-0.621454880055252	-0.45331302473287877	-0.712257607449113	0.27684372693924203	-0.2973605584173036	-0.19799127996077748	-0.025597744197193493	-1.9940490023804471
-0.7913187970326938	0.513966590922776	-0.450896814764902	-1.6268806617596707	0.899886107394025	0.6636210087029946	-0.5920090109072196	1.7574369910304077	0.03130615362026124	-2.1556779144380216	2.3994570978505227	1.59384698038751	-0.27722293056242864	-0.48505101758298297
0.6839782887377577	-0.8890580962147793	0.3299159325739192	0.9869740658180302	-1.4978441217775862	-1.2234598726577626	1.7358720063392288	0.20971897731777422	-0.0018629985137759036	2.5833298315496993	-1.2384542046822102	-0.8813968200022394	-2.1418963021735244	-0.5865102221707389
-0.2865993308129332	0.5631508744051085	0.046169835498879125	-0.9982840038795937	0.10101186381806836	0.34070765229049527	-0.4551764489114805	0.9610723986037966	0.10043350527351991	-1.9746538975353343	0.19084071578831482	0.2580010257601832	0.002997499543832	-0.014092064665935876
0.5004304387102372	-1.1975296006830662	-0.7272012558086411	-0.38547333047994964	-0.7030846428699952	0.49695454704369213	1.4472152366736049	-0.9189157343806	-0.6170546337977509	0.01764065397787802	-0.12262478636010972	1.406103565212957	-0.8023280779525477	-0.4857145444641966
1.3646153748181442	1.1367375214145918	1.8061341614096833	1.088020557037085	1.3192916698786026	-1.4088380532734797	0.1327381479652362	0.22153778301023358	0.8471132045682661	-0.2782367875530767	0.49705933526008955	-4.521066425657582	-0.8115856568678081	1.1661319829820134
2.018145572353496	2.3676886918645095	1.629792545607291	2.0230960605807247	1.7511847598934547	2.8019649618678124	-0.08500265597188399	0.3950127409616567	-0.8353592274019278	-0.7530051654196227	-0.5794002798655733	1.2730414012796465	1.0016325087199416	1.930354545543527
-0.802075763932276	-0.47536961861998134	-0.519012424133389	0.27337888727082843	1.2122741775754562	-0.02796420976399383	-1.534094228998611	-1.0041121615176245	-1.0037266055217235	-0.10920662612730506	1.8105243556003292	-0.4659921304843306	0.32498770201708993	0.06210013788717535
0.8282766485105559	2.0352906178228363	1.5755812143756138	1.3287140739242678	1.0071326800447806	0.2968251201198915	-0.5859251449833235	1.398717771990479	0.715299039838462	-0.15334028617700474	-0.30957453361523773	-1.644721319971924	0.458657779208909	1.104328398786767
-0.3504666963272326	-0.43168031663637574	-0.36034876894152107	0.20382920601303478	-0.5045862915977328	-0.03306967554135948	0.11539879564786408	0.45094011549499863	0.07584246803837577	1.0907169948697253	0.3002300826471816	0.6149078192112399	-0.8160359724734508	-0.5390371914386847
1.3372794639425294	0.5325669668241609	0.7129687705544775	1.1089146598403736	0.7147810321588987	1.7577429867373255	0.8986788687199561	-0.39143580485988166	-0.11881632058707314	0.23482076729126697	-0.08777211034951019	1.2921866837716027	-0.07805758003261005	0.7830399657466119
0.33679313211182127	0.38910452713559873	0.42126704574458856	0.36772586514126204	-0.4650550623752723	-0.06138055158177791	0.2650937807532364	0.3378781554750546	0.46442370306714725	-0.050563121143691735	-1.083851304483672	-0.6211693379583085	0.3234328731935889	0.12169105921184822
0.6519266381229957	0.9556448178459658	1.6926077482451392	0.798898526021242	0.1880467114205825	1.2638004363164737	-0.7209846733582594	0.49268643543083146	0.7330399925719774	-0.2909656000619972	-0.8970158437768223	0.48387066404462636	-1.2926946144205458	0.918571879471576
-0.8730182727297009	-0.9360315612646876	-1.0222339087932284	-1.5680786149731336	-0.8311457163095886	-0.9034433406584064	0.2795487770790543	0.3307593883648535	0.0841543674866801	-1.0654047427668691	0.5047291126137032	-0.02061080275556855	-0.24753148762564917	-1.0849808967584698
0.04834204328096686	-0.8452417397253363	-0.36056834823901396	-0.868990431508871	-0.06226507536803694	-0.2936620779472972	0.7447815736795164	-0.37476079118446753	0.09505085855504276	-0.8009792024576915	0.9169467807161845	0.06598844660213798	-0.6242473074075299	-0.49553580353314985
1.3618500496414305	1.7720864071853542	3.699547185208057	1.703380055644038	2.1536971114063235	1.4721917508977869	-0.9611826948670682	0.8200564089178803	1.7815119448029666	-0.04886136113768875	1.0202770757768982	-0.2137825589096406	-2.146306347053994	1.7093138312454248
-0.5130867950257766	-0.051950874963827554	-0.45947005805359914	-0.21263218956591196	1.268935612960288	1.0739002455208844	-1.0204110428702877	-0.19340237324628906	-0.9051305639292333	-0.7958358843265574	2.0080352050476296	1.3211634606415898	-0.08956649887860373	0.08200384875966663
-1.0968437682515206	-1.7315748683599472	-1.504942798754696	-1.269294412801981	-0.8247936259906514	-1.0567486528113132	-0.5076213832158927	-0.7645483056398996	-1.624088631804449	-0.5659808388677063	0.5822035500663831	-0.16340788613805052	-1.490422399019842	-0.9747614051720389
1.934399398442335	1.4857872511944525	1.7836242467013352	0.6908113468567396	0.2519099912700455	-0.25817278079858863	1.5460669525870476	1.8645955262304965	0.23367304093992544	-0.19395825158710314	-0.5918075142909613	-1.5726451028856856	-2.075257741160315	0.7820814836882175
-0.27705763674346007	-0.02954321890569489	-0.42952382813089307	-0.4582050816951261	-1.3276635623886728	-0.767319110188581	0.8818327595478127	1.4671027334637536	0.6835089220238372	0.4077958176560229	-0.6975842418787176	-0.1750385043383656	-0.27516345901606987	-0.854772167180733
-0.34919789351336594	1.0417073473651317	-0.17441712508065674	-0.08641552896624391	0.4861036191291455	-0.5373697570508063	0.047827400969730344	2.313295908898132	0.35985347008924423	0.004262321833717647	1.4037977021746553	-0.3551686496046143	0.6723512523822247	-0.4807404484501925
-1.470593114170422	-0.9452405602327921	-2.4372496378861093	-0.9813675779280944	-1.646354649452462	-0.5414703079363201	-0.7062156924063082	0.29265444023236215	-2.270871662094839	-0.10672990277914528	-0.8762689596069165	0.5740719433314014	-0.19320481729068875	-1.0821922609140717
1.0299880661141017	0.044030995587239	0.07617396555807139	-0.918084119212291	-0.24315765911568965	-0.47763095661883853	1.7762981270485987	0.741043333184257	0.03749987293224017	-1.3374173050524492	0.1949847196839925	-0.6458077002151128	-1.0878744379232925	-0.18302011673865667
1.151868154953513	0.20584999303752918	1.680947095532154	0.5030949005679912	0.05112436425670633	-0.1882645680232211	0.895390758168368	0.002767488177769616	1.5307820152873746	-0.012560931625038125	-0.3540772509516852	-1.1757598244908374	-1.2439730305094483	0.4529841062327571
-2.097554187380696	-0.46335001034312195	-1.44889438570148	-0.598976645122713	-1.4796477025027663	-0.6950269582637794	-1.5639882450985656	1.0075136401019242	-0.7551670905124778	0.008190476200209603	-0.5786951115752724	0.9532831832879377	1.2812300013769413	-1.3241041946796648
-0.3352468510047113	-0.7785932707700821	-0.16239255301861616	-0.48286952930092103	-0.9618607006310294	0.002578057379006904	-0.8279416745165729	-1.2104382308753359	-0.5030936114295317	-1.100432114372364	-1.5276425389841344	-0.38352988433242324	-0.5995315959170602	0.06757598693853142
-1.0411743827730322	0.38901182561071135	1.1107725820287067	-0.15057126099490648	0.7697063313517193	0.8574264800452336	-2.4273244604133	0.13499885507942413	1.215775978857999	-1.109990735573457	0.7682067285359583	0.5007649760589126	-0.28515757065333835	0.36504402669372454
1.3909250290253647	0.9358266267145743	2.15514250340763	1.8057609013343736	-0.03592880333162962	1.5403876885604155	-0.16520963735730157	-0.9547464812586348	1.1607739271639317	0.11315335678823124	-2.567653147238659	-0.07510430510432231	0.4957387563342532	1.4095267642029046
0.7915471584117865	-0.024145311872803887	0.40612776454248156	0.02491429934494438	0.7263652221979806	0.27180563109593425	0.30229481440354966	-0.7921943565498445	-0.2827179666554329	-1.0711022142489988	0.45414803666271314	-0.746099758532607	-0.434310554576578	0.5380334129724184
0.5827635003886542	0.772806022757258	2.159567200604111	0.708372615242105	0.2446701445753442	2.266550349779694	-1.3897370124899522	-0.10845319734886602	0.44958045960186455	-0.8841562491257726	-1.2837642401172031	1.8563522515332176	-1.847276063521731	1.2073331538709238
-0.4510881680714531	-1.4036446217060643	-1.9451355997847832	0.058361210494050686	0.7050391798618477	0.04756179536005711	0.20668770764579064	-1.3854874064097642	-2.239831050014267	0.7124354383264029	2.129283267359439	0.7633105923066551	0.17507533116133786	-0.6073672440924734
1.52313532608503	0.3636355379548277	3.4095899745004945	0.2758985711566455	1.7945901309029677	0.5647884527980018	0.21283375192377135	-0.2819797373747677	0.9299755267337948	-1.4263027843879283	1.1886994838708198	-0.6005415418367697	-2.9414976958299195	1.1211229195456722
0.6317842152384496	0.30585405647035285	1.0342976915496298	1.2426103394802852	-0.009051991174078788	0.1321908695811212	0.39695400951266896	-0.21217835898627443	1.061452599040829	0.886957092579348	-0.7126748861877235	-0.4859105697873507	0.7670679713388985	0.2797474775943378
-1.4261074746865254	-0.34422171903649446	-0.6972308056712444	-0.1531459773786396	0.02086526843336367	-1.2791018997792822	-1.0372359014926575	0.7275329595943536	0.22133911883204221	0.6492354759527668	1.3455886597986972	-0.9266253873734605	0.5594650242847403	-0.8926344996500547
0.05384688003888216	-1.427518955919187	-0.4202045930645076	0.3117344867399705	-0.7851415729215717	0.35022245721585166	1.2375747297840334	-1.2358766419462117	0.4908029420866943	1.3242188388908032	-0.16495742378767694	1.4565716056736395	0.1736059709880109	-0.7207141649490622
-0.7472391018285628	0.3271057067209314	0.041531098148430694	0.17500101161418838	1.0487670899228099	1.0590437000955497	-1.2307332309692143	0.5594554381919912	0.0990008888160385	-0.027790842835211892	1.7622309058060708	1.4627174504255156	0.04890067028939827	-0.01834769025214289
0.0894276529083347	-0.3624420523182101	0.2844709776770491	0.20614522339659996	-0.29225546015019227	0.9412077267149899	-0.17236929682070762	-0.9768728431823148	0.17585097452436543	-0.4549270737137476	-0.8440945515288756	1.1538703345369503	0.6624613703507862	0.09118937952102153
-0.16295369066928633	-0.3834186842990067	0.18282629736990652	0.0399363768149015	-1.5139656520978033	-1.2836629381639189	1.060215263234419	0.5216487882882128	1.2901097179552534	0.36146075017628365	-1.229659329026265	-0.5814308415161296	1.3808190048718545	-0.9725717582463053
1.132820307438363	0.986351579515995	1.0809561712689901	1.9903913183077022	0.9002093784213286	-0.29196034344009125	0.9001297910473963	0.6089551279796792	0.8443830697490371	1.866665809646606	0.4789635576858659	-1.581235722113312	0.6293798031259169	0.4951025421030041
-1.354739436885841	0.4970339683760868	0.6747063113164985	1.1261707342487306	-1.6118961676205943	0.6667642363059255	-1.495209026969521	1.2031698007540685	0.40163000363595774	-0.564033676878533	-1.7470943074846284	2.5219171676242507	2.382280825503036	-0.7013240771769614
1.1909534398491806	1.095780589867938	1.8280318146490346	1.1997769490781263	1.3137162089085375	1.7223627569605593	-0.5803274860849674	-0.8201116051963443	0.4383107558224709	-1.151851838031198	-0.4218076780094708	0.2985248011088763	0.8687669194071487	1.4140941691043147
0.7198251652026529	0.5799804292138918	1.0789646571876599	0.3141046800497611	1.0750383887336938	1.2668979564239695	0.5335851119841015	0.3755161996146104	1.1641634764308644	-0.4030876819601048	1.200527004849185	1.1507330058087175	-0.11561295423348499	0.37779330029182256
-1.1676487297742206	-2.3030210376507454	-1.8545968985121222	-1.6637191609177484	-1.7043298804696108	-1.3515948049830917	0.6928804883332593	-0.7173976174016585	-0.4830628288718909	-0.07533972135176818	0.2489030333881778	0.36603192744097335	-0.8375785323127064	-1.7050667607472092
-0.15822892285101864	-0.26283529868788447	-0.9185453558486238	-1.4556372516960572	0.029893515129647663	-1.0377817568281795	0.5563284779984262	1.1368896040586693	-1.0663692806078477	-1.3980762817707775	1.4886772832377861	-0.6779717541524557	-1.392412842958918	-0.6664864925313025
1.1221676441686044	0.8928479483643798	1.7882204506947703	1.7058403819672998	1.8121397516606776	1.7708834087515324	0.6374117636360909	-0.06983165875882927	0.6421441759111315	-0.7600506441892534	1.8794328798987041	2.2678209212918974	2.109638160470256	0.5128193115256261
0.5138434146011011	-0.09832833231821383	0.4975564076134621	1.0624095282996797	-0.17661716738766536	0.15456768279128294	0.24509500030222464	-0.30610318642318374	0.19612045029949798	1.2097039921495727	-0.46541885521940224	-0.38467504063399555	-0.8125367764334585	0.2478409348223881
-0.2578670317470886	-0.5880844127151506	-1.838125962217022	-0.9998614774188541	-0.9647488738420319	-1.082092897248596	0.8882510488873699	0.30296286478853535	-1.6974090101079795	-0.7730068709016067	-0.31664969193937703	-0.631254555355392	0.5301310003183889	-0.8758883316519496
0.05988145154471952	1.0695943201691525	0.10613476464347138	0.617612254365718	1.2851710173892947	-0.3484345412657648	-0.7008961340495592	1.055666273541595	-0.5922517802890764	-0.03304072959897443	1.4148794618254847	-1.676754948263073	-0.11356041582195327	0.45890663920858626
-1.0869191646648015	-1.4428517227469855	-1.5545563801178748	-0.0721962897939257	-0.9562309982127881	-0.6266213977106804	-0.9170205419548141	-1.5229867895602884	-1.6388178138365155	0.41118216583027045	-0.710420058037289	-0.3799278667795507	0.3025923355737327	-0.589578116125559
-0.7683190428242571	1.1294324713005452	-0.6775502761076	0.6738362128933615	0.4490168295453413	0.04756095016975992	-0.6812624351215196	2.8300047076939716	-0.490468509765312	1.690024575094502	1.6850634594861076	0.5540309633727963	-0.5846685739603249	-0.4516366385237728
-0.4684989337164924	0.8013461871633482	0.40604210725528855	-0.11990990588666739	0.5903639075123454	1.6409290463547457	-1.728224307758583	0.3772247256261635	-0.2145914530063294	-1.5057834149086993	0.0267869030237689	1.5490019525062921	0.2788029467710286	0.5192507624334444
-1.5019683193733349	-1.1636540695873365	-1.0066631047184107	0.7912495222500142	-1.0086983696657885	-0.6965918201789958	-1.4733915209528476	-0.9861775296710082	-0.6795745267369279	1.7801659889107389	-0.6962064564152961	-0.15061681484364084	0.8393314243367203	-0.7398138366520755
0.06615581862006732	0.4255232678583776	0.6678312074459987	-0.42636106169936244	-0.5098759529341076	0.818766544258547	0.2649091603859769	1.1653164476877262	1.3195950331902973	-0.6232493431920748	-0.40051398906009633	1.3616402681513706	-0.4993517606080415	-0.1737962486326499
1.0779537893175137	0.4980340501203872	0.4494114856640668	1.9429941394078099	0.7018384298100149	0.8385305856247951	0.32378626462830873	-0.6922848504951833	-0.6973349510467751	1.2946072060282128	-0.3377781166148509	-0.1743141131588232	0.6484502589191867	0.7837149086336598
1.4696723619952174	1.5152435062230012	1.3020914475325749	1.875681528755104	0.4833019655469608	2.300194204971919	0.2374296543125389	0.7620681456310772	-0.05023815639307802	0.9512117669041756	-0.9827625742311715	1.5740214369940466	-0.7732472708081226	1.2126520730059795
-0.5613006162451075	0.41218301771474347	0.034485211151084445	-0.49490658484941874	-0.3227691330660076	0.008079112089987517	-0.9984530179054312	0.5989750435760015	0.05158265844677077	-1.2836090282887291	-0.6212814993399685	-0.22979554470048286	0.43927008505359916	-0.035056025441577265
0.26640690562036407	-0.5856753149802174	1.0348978273033391	0.837059287587193	0.8970243463845502	0.4058390274240308	-0.01299602555567717	-1.6103423936043324	0.8966106390229893	-0.136652204539233	1.0023913337213155	0.46023361992489187	1.4121439653562469	0.09810132811113259
-0.22190741100301667	1.19796757237778	0.01661199433330851	0.749260092428696	0.32689971203147494	0.29844956631227426	-0.6335357896433204	1.5033777897846503	-0.8394038822054426	-0.46016262724904167	0.27698781266380407	0.5946190650710756	1.6711392426812113	-0.038286950029252455
-1.2691159802577343	-1.9142461015756411	-2.4318402586242147	-1.7350870204087105	-2.003117327899426	-3.5877152875751928	1.7029350764959486	1.0483123518752107	-0.22686594082048983	0.9447186775155285	0.8800168656097282	-2.2313659511074246	-0.7196573669864149	-2.3993020393034845
-0.3118239359910635	0.19411554681942278	0.7627062911662879	1.3677358479316406	0.5556443966932547	3.0337288885530924	-2.115325935055313	-1.306418362893081	-0.27564062933234146	0.26114984116307705	-0.6959453092661328	3.312784320986855	0.5249102599767094	0.8729845125599294
-0.6430403039533747	-0.9896071532622694	-0.49518544069831766	-1.0612507088186751	0.17999507508915902	-0.9205973474097796	-0.06455791595104039	-0.7256264034629935	0.1327174185398806	-1.3569861988945722	1.2605566862543711	-0.5275895462031385	0.883506319128038	-0.7309325750100809
1.486211320976788	1.2942225310577482	1.8140828314145991	1.7953618538625176	1.95481062113169	1.5113720877719876	-0.7154685396662459	-0.528150395006208	-0.21958523911887756	-0.1258698635669639	0.5355636387675965	-0.6724768661358885	-0.886941251143055	1.788501018290084
1.561224483889486	0.44248676640384543	0.6390709262417935	0.7085881119286143	0.5771191803843372	0.5711800246703611	1.284412646322183	-0.07935836395872184	-0.29785618705956113	-0.06632053187477631	0.10930630668279487	-0.3701395081351899	-0.8741958624927737	0.6649409572776332
-0.09672067709967552	1.1653573231076093	0.32325549186217917	0.5944945042518064	-1.4681119830226648	-0.3926062685964691	-0.7033885108182376	1.279777429578644	-0.16256020474525124	-0.310001724245645	-3.0387534932565035	-1.0979570491951416	1.1053955291745514	0.17641175952551255
-0.43791587588786673	-2.007315884927906	-1.8230607852642586	-1.796486999953793	-0.9062153647521733	-0.6528469305047607	1.604625737846841	-1.023026727370125	-0.6469318487019559	-1.0207540218716196	0.8135273928093748	1.0128138902252335	0.2926576205554474	-1.4520313726169203
0.468602933952345	-0.0528224941902955	0.04044378958941164	0.09579639612015145	0.7680125986666555	-1.076239304644421	0.16243596929176438	-0.8479538527679166	-0.78333207529028	-1.3248985902283754	0.6143559962345384	-2.259708437176462	1.222818155877138	0.21138618629502678
0.04708274905608062	0.42966516546169814	1.171937344187344	0.3202923469562789	0.5611151871408152	0.45218356738677506	-0.34188405624310914	0.9557098569634898	1.3195069886290571	0.2743966868833712	1.0867218785912982	0.4725904146890848	-1.194098432391556	0.0950589377619155
0.2001975201522155	1.1402010003166667	0.6155401817800923	0.9069824307836774	0.4628708772698263	-0.25508461068451904	0.09717799695785212	1.470411159249162	0.3497368159695753	0.09435809106063137	0.5072824764364259	-0.3824098355544805	1.4943434704144678	-0.04091438931572401
0.4184456374173115	0.22807856668200005	0.01778400211828024	-0.9191812654924468	-1.019848124569556	-0.242987041323196	0.5626473463992805	1.0817020692292731	-0.6088864166251866	-1.4221475852310452	-1.1870017505669594	-0.2270060485414251	-1.5664686387034235	-0.10764894711487917
0.8446360854798167	1.3123562255642272	1.802167385879272	-0.06584406005121934	1.7784784540948322	1.0067485889638452	-0.7377637617981123	0.3655438616827435	0.9048892352954295	-2.3056672297943597	1.1338061346318864	-0.6096598906168633	-0.5397209629209009	1.2009741011387614
-1.3043499658706943	-1.9301036339370703	-0.32948251229144154	-0.3473752139204107	-1.856489224967676	-0.8817405604126419	-0.7427286737277158	-1.785914747536984	0.8946712904529548	0.5183586132231662	-1.6632204369445351	-0.358281140147148	0.040274544691804484	-0.8666096943532408
2.6570632334191373	1.9933068974591692	2.017177621739927	2.4138437157204073	1.1532807736648942	2.0644549505760326	1.0846894826999303	0.17420300578054507	0.07637963118376898	0.5269121260600163	-1.2275543079715057	-0.12895103467167446	-0.31413988060659204	1.9516130701121606
0.2866512045179368	-0.3122244673304237	0.0558675506845448	0.10219133811190059	0.005764393265448737	-0.010629669786154705	-0.048174139905541494	-0.47208533810535264	-0.545091811234931	-0.24152610572914052	0.001980202449199545	-0.483867722912553	-1.0196971768953107	0.17496617091185004
0.03925885784975948	-0.2656919532350617	0.47468843260317795	-0.5045222201765903	0.003689857144865416	-0.3780763953858931	0.10590653812791712	0.27049940746194745	0.6008558178734403	-0.6327938831600659	0.6256807769581543	-0.4380375692303398	-1.220707034319532	-0.18385019084832374
-0.2086720716154129	-0.9278732522609687	-1.0082517762837144	-1.3123996029836429	-0.1843042894857666	-0.0026482979460317746	0.16696565031748192	-0.631059333032217	-1.147372208360974	-1.6677994041308215	0.5910070351112142	0.42488179681055427	-0.6819670070998356	-0.4128442510216715
-0.23276165366135018	0.6299119068059851	-1.4966295651059636	-0.2578070769015543	-0.4406082878470602	0.013379095664444451	0.36520441108581486	1.8005615732536944	-1.707037959116088	-0.015051263013021406	0.016471534290906153	0.48420814057291706	0.12571235987598606	-0.4755675091214287
0.6580271477009959	1.1515373772858082	1.0958436704645595	0.3018383359395812	0.4716742261195136	1.435210299921392	0.17723374654799445	0.9668286818443137	0.9572863405022234	-0.8350095223873535	-0.15889193945171576	1.3199874599406092	0.5125892779787882	0.4689223125834624
1.0175511929776653	-0.02276819613275416	1.507592842762456	0.19868885853006502	1.3188747343574516	1.3640181093468504	-0.5512638583978099	-1.893900559415138	0.28817829245828486	-1.9177815539351073	0.32624115826353506	-0.06647147570121313	-0.6642888983649132	1.2464299191893111
1.8428443349344699	1.8850621604552629	1.2427217713134295	0.9291721766181258	0.4886123057857764	0.888552325869163	1.1615564646533312	1.0509049951946112	-0.2256144693999958	-1.4601625308569492	-1.1294241107792065	-0.17900168924369236	1.4315881322100743	0.9682015368964811
-0.17853057116908222	0.8512587543632629	0.7813726623955042	1.4961446040485509	0.334655279969432	0.7560838151675329	-1.1687375789725116	0.35472541046859807	-0.00604544645122271	0.4455598406327205	-0.3414290409404554	0.6667989357079729	1.4914041108048062	0.3401426859211429
0.5160868821779538	0.023883214273897557	-0.01571447625416389	1.1783563358437463	-0.004920782275769031	0.4364795099142918	0.08148802057914806	-0.8306259153830612	-0.8766224801149922	0.5556314439486211	-0.8350448167255481	-0.028701995323081653	0.935891318513556	0.335080499801023
0.25825207428911934	-0.8893099192300468	0.3808842158128891	0.06866924156908305	-0.587454055717087	0.42243506321959856	0.1936468359039098	-1.1823689091973697	0.32226390262422666	-0.030229651891702815	-0.7240646448544245	0.49364593966660003	-0.9446702875569534	0.009045483799765755
0.057195047384164935	0.14152756448937676	0.2633370588758819	-0.06008397456787386	0.4691693358547634	-0.2785142047553545	-0.159278429925969	0.7084045392156715	-0.12626284304559948	-0.1600546180406597	1.133874215803206	-0.5145269787373794	-1.333861941018554	-0.016742770836315327
-0.18774207521029224	-0.0035453801066558654	0.3386930615808975	0.7050531897804029	-0.8593809813222808	0.07079079556946992	-0.480805001014154	-0.26391690980992855	0.3294608652138038	0.3845323860624923	-1.6481154242477873	-0.031995602674752016	0.9255101448456544	-0.03029726318982963
2.7886755485644543	0.6519745550201622	2.551191908114858	2.82033384120469	2.5433615827418823	0.5857227600045225	1.2805801973976836	-1.1349890749846212	-0.4185572997528941	1.691952195619752	1.5232953933356597	-1.7864822987608269	-2.2562277554255736	1.7842135510960497
1.1179835250743198	1.3434802072706435	-0.26039603121708654	1.5817142555895969	1.0642336294337482	1.6977889646419322	0.16013061761197145	0.9003202117765405	-2.103308448913818	0.91228143016163	0.42227582854924234	1.0136858878197597	-0.6142283381930403	0.9261337478433272
0.4772851514580666	-1.4548971320428603	-0.4951489415759658	0.2650270562543887	-0.5911674061708279	-1.2507264408148884	2.0419221514928365	-0.6662104545087151	0.36663030216754805	1.76549768929021	0.7348876273366943	-0.8328754036352101	-0.8965023030076545	-0.8758703987361003
0.8929537511165035	-0.006539115644698612	-0.27317737124285213	-0.34860903960202677	-0.6652399701957428	-0.7499048367090213	2.0458613000705985	0.800193867940221	0.1606506875629805	-0.1282589349756023	-0.30155000319468045	-0.881926624406841	-0.41402311958776716	-0.40385081249127774
-0.184461119013924	-0.20631632240739906	1.246794625483696	0.32171810808276713	0.32386158629709655	-0.1443045803320151	-0.1768999878086921	-0.23604635012126024	2.266786384847426	0.27738295821497433	0.6515484589454834	-0.29893249353679197	0.4159968182184978	-0.1478878759783425
-1.372489809244195	-0.9455864119751	-1.2552495404326423	0.1842461324127912	-1.9277028275425074	-0.6261726781342193	-0.5591718553879435	0.08952607797707732	-0.36332218219370227	1.5186129255269971	-1.5249551082095152	0.625419176202562	0.7454162550130448	-1.1483853097639554
0.7558438788859702	0.8471637469578149	-0.15776546701476712	0.9181293375701223	1.225722941073803	-0.7511568739943958	0.3950552964536332	0.5259536892798461	-1.0688411878428496	0.2800719545854688	1.1604476351550854	-2.3109913226218866	0.4013158497772971	0.4513283634344478
-0.2837962589519344	-0.45492837730443125	-0.29260258371628056	1.0097181600156282	-0.4571293896335765	0.5145068789734041	0.1728622844649195	-0.40724157804628464	-0.7784181179932559	0.29028985465161183	-0.059121985424800974	1.9978115949556736	1.9748418856886547	-0.6055518076143914
-0.37906776468485004	0.678003318589776	0.4992219680013525	0.5546311192108968	0.19058268316369353	0.4576597891858613	-1.317468693308419	0.6325330605917812	0.20387445091145778	0.07986148324054464	-0.18134724891918838	-0.15345481192599794	-0.3012921290633349	0.3587419080473744
2.1232623074325496	2.8529130259370534	1.6087687577969505	2.9310437051856235	2.655809626827508	2.587325869175049	0.5107068975439955	1.707752292487828	-0.2875237816670622	1.4776549241676453	1.3822044631224961	1.0808903123301254	0.37708994441399485	1.752843661561558
0.5681987492587377	0.0237846664561141	-0.4989368255848283	1.445388209160177	1.3105116790807034	0.8059771975966199	-0.04477804123999663	-0.9818130696664629	-1.7697750495493378	1.008151535380859	1.168931174482991	0.18779174436690424	0.48331229662558906	0.516210048930874
-0.8175374220490168	-1.665699387405299	-0.3623459004760978	-0.41413679327884334	-0.7945362262820364	0.5698228300997843	-0.7399362302110593	-1.7865723539923524	0.0515870028798635	-0.08647107123455916	-0.34756363577876126	1.461470288543021	-0.619057355111595	-0.46994450398756865
0.9980428049327079	1.3732792459247283	1.9032161343972356	0.9730803690097463	2.0738865187919497	2.414252883586002	-0.7105984530598446	0.37443201878179416	0.7825925294387155	-0.707964584107308	1.5151355862417488	1.611027002140397	-0.7942962993039004	1.307479294516432
-0.5929840854641015	-0.05986825971425652	0.3644059512279402	-0.25515171938718506	-0.6104596474365291	-0.4024641044954099	-0.1568784755358666	0.6321968919698273	1.3449143740433007	-0.2563887874542875	-0.2351878074720298	0.20398312783224773	0.9829271254449925	-0.6357718199851514
-0.1485279122480686	-1.0772818126330252	-0.9834103380874436	-1.2661876961799916	0.9504836041718238	-0.7669260861532944	0.9547116244918412	-0.616238782192784	-0.3786337572068742	-1.2982487516046646	2.7674245244658437	-0.26375714054845084	0.41911552825060633	-0.7913616489674761
0.19738479515033858	0.1722805827078372	0.0491538714961115	-0.2155257499970923	-0.04215595073715617	-0.540458975911753	1.2671187705378588	1.2156624306592572	1.0745532918149805	0.22369451862564338	0.85923916941758	-0.20778205786793139	0.25980453694084576	-0.6090777830758862
-2.0299325216361077	-1.941576818953123	-1.5297605800492307	-1.5768814158950017	-1.161620021375469	-1.4120865130423068	-0.8643625367315622	-0.7654379440602546	-0.0022061993316300826	-0.5762103591553018	0.5487077303396709	0.0626059612122176	0.6392334741848704	-1.6101607473539443
1.5207818523790748	-0.6896432910527946	0.5006332265056359	0.0024056706241220027	1.5278101911044506	1.7108881782613978	1.4037710400908199	-2.2809767747399854	-0.2764900591482655	-1.461648821587065	1.4147953628379422	1.4094790325552111	0.06649977968057037	0.6656428178550824
-0.027761548370556957	-0.7291636655484515	0.3141996679942011	0.2486437011796454	-0.5555429530167647	0.518734058626977	0.12888557914813617	-1.041025462933408	0.7212130789486342	0.2543426815101788	-0.7516335949962659	0.7316288980879023	0.07561686877641303	-0.11967176154368926
-0.8802265755898216	-1.609311078845254	-1.4349743153465457	0.31071371470881415	-1.9255482816364826	-1.230109032948375	0.2626860915767487	-0.3799890290437729	-0.7723701483776494	2.360665497576619	-0.9624115039785358	-0.2622517632594881	-1.0161883707162416	-1.1780799872757421
-1.97372519419274	-1.1359047449961528	0.9964398585439962	-0.808033669361791	-0.7456886548078756	-0.3697577792438167	-2.181373897739828	0.011226213466845675	2.341253720224779	-0.011615203228244095	0.5001183520473961	0.7645801862963275	-1.480313232149638	-0.8465778266463327
-1.4834817319247546	-2.258211421838426	-1.67540593351496	-1.9634031061209583	-1.3801346548103515	-2.0268961354342707	0.563854054032906	-1.0153282188036872	-0.6552131629028792	-2.2038572247016286	0.7855160718917721	0.13940663915837717	1.9434965444762609	-2.037713799451466
-0.8621566355617424	-0.8534201597603235	-0.5860369822169409	0.9275316860113898	-0.07942587943176777	0.2046930118253789	-1.2772079176047675	-0.7136983802000828	-0.9042548851102138	1.8050232992886903	0.5280346801657706	0.5381030873645131	-0.9692125109892394	-0.23135862944242597
-1.50087967075514	-0.34553478924637065	-0.45299318371051905	-0.259794094264182	-0.6741724065195108	-0.8114767880552427	-1.380336793924744	0.5352248296639879	0.4211358501928108	0.331928399586558	-0.011468078983022972	-0.4744852627032755	0.26553259055299483	-0.7197762051553623
-0.6632468038651732	-0.3831922522840214	-1.317019873219479	0.6384339723294516	-0.4871922234498394	-0.24951425253042483	-0.300666107771594	0.16004268410263858	-1.3424476629160953	1.5220778749056867	-0.01282823802220329	0.12393376259260194	0.2027914261349234	-0.5197761479725892
0.8001825560750639	0.529756553594987	1.6492760889554436	-0.2037932451900588	0.6281190698178569	0.2975888946283672	-0.2427986164962482	0.4072745745804874	0.009000886786396866	-1.5719094577060984	0.131572651655879	-0.5140911048761078	-2.1537555916445195	0.7161429271755985
1.3132418109654607	-0.14693166985008294	0.6930728023155555	1.4052245066790858	-0.13260574720536478	-0.9012231435676945	1.5476211096933405	-1.0123745365708543	0.33449269104779283	0.9123956200000846	-0.9114030283037131	-2.0288142993597673	1.1398598893291023	0.23252107422660911
-0.2856163955736963	-0.4032950283839594	-1.3821444476813256	-0.1164327446872972	-0.22549679544522772	-0.1949743364345676	0.3801725564768826	0.5425708416204101	-1.4113699724634088	0.6372192990479109	0.8269141100476224	0.4141628329602988	-0.60343796643247	-0.6081499400697115
1.2826635988250086	0.5778592568539581	0.5542017698400212	0.8866176066969487	0.011194362185757867	1.0813556162377975	1.1702018177485647	-0.012368563510098157	0.00790382523675918	0.15903685709614027	-0.956102549479221	0.5804356055019426	0.2337381013180006	0.5385327746964169
1.3271951242886542	0.9741735322203667	1.6629459550050631	1.2246929751119344	1.370544997289051	1.5510401828053249	-0.9170387059943127	-0.958925490278218	-0.44237049145537455	-0.9899113394702095	-0.34585744822693126	-0.5089122556289065	-0.9643077263522694	1.7423903716577513
-0.6415488244599392	-0.8603261688786285	-0.6513263680916034	0.26785565464125166	-0.2560418343995472	0.11847432247345328	-1.1541566499368676	-1.4475212403758735	-1.139766962262256	0.097514097809485	-0.44045398330381647	-0.18408392326541564	-0.10970170542181729	0.030126916431259084
-0.3645346044296291	0.2629775119887163	0.620633564024576	0.2295182578339569	0.734282439076293	0.5629437602334816	-0.6528176275731461	0.3926202036164259	1.0047797257891966	0.003084370413501599	1.1781356875566005	0.5765857569803466	0.05077656599306118	0.01725007662024852
0.004860914367392458	-0.7434890451169529	-0.5114153142423865	0.13520462070782413	-1.1147128266273227	0.5394612449309476	-0.16875325802134256	-0.8883140508706405	-1.0970320300549532	0.13524867990331263	-1.5494217812388023	0.7408531909013494	-0.9270678301768874	-0.025087048559191107
1.7192075763627064	1.2573524428116796	1.7408025904862636	2.122430515257422	0.864887146523338	2.0910374257545437	0.4505489214129478	-0.549682425695757	-0.12126732271320667	-0.3300003430165303	-0.9767669800592232	1.433188056257571	1.6755872700166794	1.2520444442257979
1.4037696751300155	1.3074806685151557	2.233243592839374	1.5403333055771893	0.01304164649770656	0.9360309849746188	0.6025870096253454	0.2756619118826315	1.6573950371565764	-0.17829007909142788	-1.7552750280473426	0.037867985278388784	1.356513424179246	0.8707808365497274
0.6671557949983923	-0.507966475837994	0.7631833924233445	-0.3242919999011403	0.47646315637231473	0.3419157300536044	0.0017815493244112996	-1.991518419767456	0.21012311790140992	-2.074740203492432	-0.3427052981039284	-0.6866268532675021	0.5287180831549654	0.5812009593914864
0.5813263427802223	1.7683272831665404	0.27475367834201103	1.229365312314337	-1.3248912845634961	0.6245344788559308	0.5999670084257273	3.080755652240014	0.04234542016228286	1.7513887936458823	-2.1107211595950206	0.6689129897136308	-0.8774478836277418	0.09536346854808064
0.6069491227320106	0.46557228442170107	1.2792700041584628	1.5341314539105881	0.5745733370628389	-0.07508059354124713	0.2551561043307626	-0.18837741263073474	0.8722581959249366	0.5186008393078367	0.18199663913681974	-0.5689937177491603	1.5661058920279898	0.2653775535945439
1.8884019245732526	1.173686635325626	2.3209316437911314	2.6745855241184318	0.8539669302676661	2.4661745081936752	0.11033125708889943	-0.9463631321327953	0.8802663055160382	1.2148405895272734	-1.4797542823567442	0.8113582800569836	-0.21157341812424868	1.783819198230153
-1.1086436708210077	-0.9528580813586416	-1.0074366440378715	-0.19210650856128247	-0.924229891720139	-0.06647678522362044	-0.7779780246718733	-0.6176263507648573	-0.7026852370939599	0.08771929295755958	-0.5197887930080171	1.0018635642315161	0.9819583442489178	-0.7786739397495107
0.5307092812183304	0.2976302428865689	0.4034829563688888	0.5516083523810695	0.9117185713409888	-0.7121962208060796	-0.17191042727827616	-0.5805488423523194	-0.32487386431234583	-0.5194791169797643	0.4461865304061939	-2.4421849911058686	0.3893716433653702	0.5680852196248865
-0.7979142694681585	-1.6956477572444846	-0.7900603853275388	-0.18043910832378968	-0.8758570123166604	-0.08428629631740586	-0.7259261566008897	-1.6851761070059927	-0.7889560147498358	0.395523536383099	-0.36375237184814097	0.49015136767089557	-0.9454330087611319	-0.49545549128866256
0.21199067449961462	1.286073256063094	1.2587340296123517	1.0466975093231041	-0.005599604001225278	1.1610322774858868	-0.5670599878981294	1.2658643379204197	1.1971491007388053	0.5328780976665674	-0.8869391562105506	0.7031046986749244	-0.0651987077932256	0.5395943948694873
0.7752784654529628	0.10670747557722592	1.1992929021554222	1.1360878160733046	0.5247753631416003	0.6676139730587368	0.162609970385753	-0.04472117184284884	0.21653935336375255	1.0378447306362564	0.40829093405791755	0.3663392681709764	-1.7201679119542237	0.47757376107377997
1.4469174772330704	0.5088614925762122	2.4999240693677076	2.6145561412592855	0.7827893359087431	1.6469813471992252	0.35697554372620105	-0.9217313103353925	2.166830649627148	2.2228410200162028	-0.4708657837701364	0.5213987914989195	-0.46934359443380824	1.1557689976642094
-1.4942469714178277	-1.078221711363806	-1.6078868349876037	-1.9830997541951247	-1.7336375088632578	-2.4899388727690352	0.390969415453019	1.079186258228193	0.24696177912827466	-0.7684448770183386	-0.01281425177929893	-1.5391033993479506	0.18639544139032835	-1.7630125545787874
1.5677622949313585	0.19837553461967206	1.3847660263045904	0.9368397503906447	1.241965487290338	0.7592153589151058	1.2817988897845283	-1.0089261170576769	1.0295050814550881	-0.12206705649089997	0.7311737451309602	-0.317222553060483	0.24181622265080716	0.7553679603241168
0.25414953376011096	1.2886692586703563	0.18790986405723653	0.9092582963516684	0.32761066065958433	0.9216192832111898	-0.9680478492118613	0.7498883189286256	-1.0300757348859628	-0.2234253282053862	-0.8513872836261492	-0.1192476083856911	0.20658018407379683	0.7974202304984215
1.181694182086344	0.35305081671998667	0.53468730236219	0.530423113905483	-1.0503541960759848	0.4350030177958584	1.4523806022440642	0.8435365090986217	-0.010936344186025012	0.5829374281868827	-1.6418588152476792	0.4566824791264888	-1.4291451443748229	0.13275794013577824
-1.4169220342512054	-2.455790585375339	-0.4345608759415669	-0.6718892737822293	-1.0704654189148888	-2.8901665042229836	0.8379457192016406	-1.2330821547191173	1.2853095608983782	-0.4653651327933544	1.5257490423538733	-1.0435173270617428	2.1736108867703905	-2.1506634698979465
1.0557886466106663	1.593957566022101	2.1201294721264654	0.8019975627211984	1.2219054035565726	0.9167531667236348	-0.1393640464387192	1.057529121814917	1.6867295633640962	-0.6308060615412934	0.43072090624634096	-0.5297514721537204	-0.49662340223089535	1.05876477337933
-0.15326477285785856	0.8019893666341401	1.102865474974068	1.3482390685559484	0.18182075009183923	-0.03310512239206087	-1.2139605181970514	0.3005742914771264	0.8456196875516977	0.7165238257815054	-0.7006614769552034	-1.0306417963929875	0.8453177572554379	0.4525812402967767
-1.0055564195648725	-0.5513201104407655	-0.8813268041981942	-0.3158030945377818	-0.6009730379536606	-0.48290066774427776	-0.5188193047753812	0.6274757494733306	-0.2881631319758492	0.6276312506712061	0.5290544143136764	0.2581061399419972	-0.6605529611182746	-0.7956949679011088
1.5928551586673172	0.3202115722178557	0.4902351589891403	0.5065121404907138	0.22277085753770148	0.7037570857158713	1.397061792597344	-0.4821770714792712	-0.3816485666742111	-0.5277514370649076	-0.6479398870700865	-0.2819806636326791	-0.39360641192934737	0.6882390974912879
3.3821353517433437	0.7848476741277872	1.8377874506088334	2.12883618061642	1.1122903980520324	1.2706066097628756	2.5083400053249063	-0.9323627766395978	-0.6766900390041509	0.685787005725457	-0.6148771361340812	-0.6464335046134351	-1.6789173158931228	1.6800488032901704
1.7098424618331536	1.3390413983277378	1.3466917887061771	0.7244713730667625	1.6566918369018278	1.3736163129573293	1.0152002058656242	0.3961670100187683	0.43365899053848644	-0.9625661291985145	0.9256136430182976	0.1484590307175403	0.08074350293282084	1.0851924917299127
-2.0828028561042626	-2.127041487415116	-1.4918139135555253	-1.706390397961612	-1.1060170086611498	-2.206772140836798	-0.244955658703446	0.45783533546894667	0.34757767620833596	0.6003831568179082	2.010528365793614	-0.19851868072242312	-1.4382752248016237	-2.114087643736159
-1.0156022326821723	-3.0684543279939094	-2.0347123834820615	-0.7716105286798441	-1.7573068447152775	-0.5897166147199728	-0.44368496277557434	-3.4848051831180613	-2.114703705077463	-0.046438463586608414	-1.3140833824962816	0.16521007410586913	-0.6438554491007361	-0.8488001283029257
-1.4087718918487087	-0.5622849487158519	-0.7352383517255083	0.06611796760281696	-1.0461646607880501	-0.2161455128219589	-1.5320420574989602	0.30798325869757903	-0.40620120396941745	0.9503063727887241	-0.5200431988160354	0.39249171500508334	-0.7360365580971735	-0.5998675923149647
-1.8240253931573802	-2.606916400715831	-0.04320961139312385	-0.690518605834701	-0.7905810969227899	-1.2763103622611331	-1.6452516582790162	-2.360520459231114	1.1942622973439807	0.3667121252152679	0.6057550274699388	-0.6587247459994645	-1.0505436713902163	-0.9804953908991193
-0.11210750898385657	-0.5761400093936108	0.3990004411641712	1.004017339384145	-0.4130712021951389	-1.0119191762711186	-0.09866008613549662	-1.0382448225912881	0.4265163836743977	0.7545430296695735	-0.6403385719244927	-1.3841002197530499	1.3552301643369769	-0.22423914870623327
2.514388703535273	1.6962171319952302	3.056830622929242	1.1554079089473386	1.711635037609645	1.4016413351377013	1.2815685327383446	-0.20495808769817234	2.017823006252136	-1.7547714622551018	-0.10591254939251334	-0.4676463469295655	1.1202613745987544	1.5951397096943827
0.15895192783329848	0.5649795827262262	0.09149416501057639	0.24593021552602462	0.8501526658866234	0.6113029139783565	-0.43306740621165307	0.17822444778866245	-0.550754307184305	-0.8143380058479736	0.677541709121917	0.26920549667463084	0.7636459298768962	0.30531572807764945
-1.4438355911420082	-0.9691987306670434	-0.5188599823216562	-0.8773550148401588	0.08130853781058311	-0.2787973255349224	-0.7968560686019265	-0.10508779032045217	0.6513779324716049	-0.5145959237917137	1.6958835223847197	1.1877770344623613	0.9819715482793209	-1.1025403661306363
-1.560307310507691	-1.3706589772680253	0.2075052488363166	-0.3583288123976458	-0.014102287830830007	-0.7976326398499479	-1.326054633189392	-1.1497043802939997	1.3939778320384084	-0.1801173747209347	1.2035466385126585	0.09357175009652591	1.2139849392840751	-0.9236333369484404
-0.1862825589538284	0.12965778817190832	-0.7019257441131519	-0.22639129767452848	0.11035089585645944	-0.1353513192020645	-0.20444674247516464	0.15792176416990072	-1.3826095285594215	-1.2663603136160595	0.24915150803135486	0.08980988072195724	1.3447935941771014	-0.2340539891654524
-0.23819334529214276	-0.6168940632236074	-1.3700477628680956	-2.7004104004799068	-0.6189726974850549	-1.152713774457043	1.370892652776277	0.9115769619628439	-0.459863010085031	-2.9057005611752658	0.906978239782699	-0.393605547247355	-0.2736610484709591	-1.109108030707122
-1.2615592957641688	-1.8601777735223228	-0.8186462410570432	-1.345680903999013	-0.8351293911704302	-1.9368625237259103	-0.3829057604393166	-0.41814965907028584	-0.4282367141714404	-0.22766518175789857	0.9971473873753975	-1.0706681758665388	-1.842630749313656	-1.24076182821742
-1.3413758397290991	-1.072046690233707	-1.023781545725209	-1.0854381055531406	-0.9698427552634129	-1.3940299964696603	0.011957871546814575	1.0808312701747813	0.37817785032875945	0.5781605951135549	1.1793238225272646	0.02589475384481649	-1.1122301268989345	-1.4980994269587888
-0.6298301176902741	-1.2452120422399031	-0.2545332146155147	-0.551251066224993	0.13239442694356185	0.5228572964171584	-0.5798767833564443	-0.4896636205456676	-1.1638588283944735	-0.09981059456227803	1.3487849389260982	1.9206970103129166	-2.188118256637598	-0.513790218584983
1.6412337245756408	1.9452720187392623	2.5067095070681042	2.3145421213025172	1.8431401950642392	1.922188632003017	0.12196534053560343	0.5315179636293423	1.4772223674596539	0.5914663903980468	0.4095423818021263	0.6274110068979969	0.9691206989179594	1.432537100778065
0.14492276148648492	-0.3207000157763804	-0.3526162667982675	-0.3756733610225089	0.05828082706980098	0.35243865784622086	0.7449930694400079	-0.03846361700403918	-0.03333647953123176	-0.47261704684857286	0.5938113712731304	0.8339394633035341	0.22607057027011104	-0.3428359596279791
1.0864826216512267	1.68843884694821	1.9054268011660307	0.39949980527955997	0.65361193804326	0.44444577802060403	0.004396248932997999	0.9918694677394934	1.4283291188265475	-1.511361336245046	-0.730668739632217	-1.282316086491346	0.34012249117545595	1.0252926680694225
0.5999108044014929	0.929994160346961	0.18691778880649212	0.24022649068537638	0.25184322811060544	1.0577225787416544	-0.11524245958547985	0.30359103350895933	-1.0000473440917648	-1.5281582879151332	-0.7440881195137585	0.7748099381053333	1.1674827901150917	0.5143429822185671
-0.8446131133059516	-1.2750532091144402	-2.609363557374766	-0.8618549371119318	-0.7729959662370857	-2.276592859418171	0.8479510178568631	0.4654274748021428	-2.0495990034455565	0.7770264483962418	1.2925866820461958	-1.6728849825351557	-0.5599658925840347	-1.442316515478919
-0.8630781076848631	0.2841303432706519	-0.3778266445287298	-1.127279201561305	-2.01109393311593	-0.39166616068695403	-0.14360847706444174	1.962266015395632	0.7231614606987746	-0.7379772906931541	-1.8647689444896454	0.4149565902471335	-0.3108814494694418	-0.8310529760728388
1.4468578492664368	0.7195248248098302	1.3692495434320178	1.1576207311314026	1.1780885362956552	1.044434258246562	1.442003157183785	0.1625498104705991	1.3033410086298718	0.42706932042207846	0.9520254055636405	0.7249011802636135	0.7761340229546515	0.4667681339365404
2.803168674236951	1.8360984949806034	2.363953492667751	0.8773654634263669	1.4744764172743816	2.5893181386176805	1.9319662942331437	0.7215160625200834	1.2179024504046256	-1.2724491687450825	0.10150042142091793	1.490621957931856	-0.6832649005113397	1.5398418375708214
1.1392084025876605	1.6293353978564964	0.9705202319642655	2.6057497913891803	0.43730358986651957	0.02706901519627286	0.41803373603942784	0.8667038819271919	-1.2254874918784833	-0.057769732760808046	-0.6030750651855356	-0.8161951718531244	2.29791498462966	0.6497300717742494
0.26537878149185057	1.0026505675001993	-0.17439989424101232	0.244045821332206	0.045657110072010704	-0.42039483995395055	0.4863885019311142	1.5877016966126418	-0.4298412272592239	-0.34320147322585154	0.07101420693113185	-0.5393892442241468	1.1460467962226406	-0.17917980971191377
0.12131011739205433	-1.0446651213509426	-1.1309013532524883	-1.221303261131793	0.09600479061929623	-1.0683045923962018	1.389232994236203	0.007973552131792792	-0.7977298236447541	-0.7413946788096112	1.8569638157992479	-0.5446094355286627	-0.9953022998116172	-0.8503887926676947
-1.889950757428072	-0.4610564468367686	0.3245331664197333	0.40633452101315015	-0.8570729642040338	-0.6079471494922559	-0.9683283883060819	1.2395255294184286	2.3658904005007275	1.8064127584425664	0.7159684948205085	1.4006072373173166	1.3937860219513465	-1.483528968878095
1.6186316035139852	0.9031885528863399	2.68524260165496	1.548237205125639	0.9385610773155716	1.1492182498151164	0.9045951836720861	0.5258077823517079	2.2223789822691997	1.0219529361934598	0.41176910177998716	0.4122668815556308	-1.5175620545823678	0.8912162943917888
-0.05442844720854845	-0.5795495139354665	-0.28514171252481557	0.7704367629922181	-0.9347572294331252	-0.9067023284274194	0.29668258925169094	-0.2537742626918569	-0.041326419663769376	1.621746395099212	-0.8544791836876733	-1.2651723816889675	-0.5414871472893902	-0.31898752686247434
-0.6513383962845227	-0.5737405525117742	-0.32380763498234255	-0.5742663163724232	-0.4248864163597167	0.024781729031049707	-1.2413832033143246	-0.6280446428539261	-0.7279992360246165	-1.0531020942880804	-0.411902698943156	-0.13311957687690618	-0.8414650078027488	-0.028620765238868737
1.9569268980305974	0.006710016775280714	0.407712973780479	1.790641063518928	1.3684320375399992	2.3473419886218463	0.8617510515614328	-1.9699485084973825	-1.7111569841204017	0.6017032877574422	0.2797127848249189	1.4409597727249186	-0.7159935081632015	1.3318778235063504
1.8940952355949963	0.8912342402514776	1.7008641133848794	2.168481281384991	1.7401338360714806	1.0719487823150136	0.7041180209735695	-1.0411942271190318	0.357166888773673	0.6036104847271977	0.4033666747568597	-0.6934774025961263	0.8210389664649695	1.3517429832299026
0.7057098985231873	0.5267179048945162	0.7169460286535427	2.7525667349725396	0.29018930707276336	-0.4493172620423295	0.27865023234836733	-0.28853354608265813	-0.5010839964214454	1.9071463202932006	-0.38394051717208894	-1.2027943761597137	1.856020637679049	0.32863390500830125
-2.5616606680406213	-3.071952288609507	-3.086749036640784	-3.4100594608127746	-2.9680649318687014	-3.560217208690146	1.3622214947018958	0.47650875704498835	0.5348237236212217	-0.4772858242646567	0.6579354546885988	-0.4468298702031813	0.532731637828183	-3.4644038704021365
-1.4686449037282268	-0.8833282044524197	-0.7938879374001145	-0.32532191269203875	-0.04739238746503971	-1.412540964501582	-1.2402658122740462	0.12516833007352682	-0.09236613830617205	0.6626030992010616	1.5026398674146706	-1.240416794064522	-0.6618109744707279	-0.8260670076023902
0.17397197726914038	0.5421266788668943	0.25971671925677065	0.49193248862131267	0.29319141512104585	0.1815722540397727	-0.6498047202898812	-0.26928404837556075	-1.1270932245383325	-1.5931794195312756	-0.4525507052509044	-0.2685534829124183	1.6880141962273416	0.3660942686467624
-0.11104493181710562	-0.40144141430191277	-1.4066303351144844	-0.288357758027333	-0.19008602106097616	0.48060446751726765	0.059408503073400114	0.20485907544647938	-2.274392592848331	-0.09135244348505432	0.4816340523671506	1.1560011323720343	-1.1315055626082224	-0.2980557470481559
1.2576239597796939	2.3003638338058163	0.7506579714216721	2.0869906644271516	1.8241565354638067	0.6253182106324489	-0.42379890922294516	1.284581150577188	-1.215038409035975	0.5498865832844385	0.4970459364586064	-1.6419238457426064	0.4818515312279825	1.4332448372139068
1.2826587561293432	1.976803714017012	1.0647424860284538	1.8334760770002039	0.9542270682726322	0.659294017334369	-0.14916129964427616	0.9990862365706643	-0.4592560076158126	0.41594436101072235	-0.7043876517318391	-1.438228133955781	0.2455975774159378	1.3282324565914259
0.5238068199646757	0.4072163321666385	0.2025944177280465	-0.2474563173158314	-0.3826190684001811	-0.414427843984864	0.9058798466642196	0.7098225195738148	0.400290107705582	-0.716560641259131	-0.6065042797877738	-0.9558311821167209	0.10568075952124971	-0.0398133314819003
-2.4100882256932437	-2.419323015581544	-2.0446227061200988	-1.6774058770193063	-2.241977925380156	-2.476369443827832	-0.16244047113278104	-0.3357111091733994	0.15257896998257556	0.10068323645272545	0.07485562321166882	-0.07904863622486905	1.3115610327260065	-2.480208556622706
-1.0102023081613833	-0.4796282599320309	-1.7608205808065187	-0.3357261307394204	-0.5023055056067349	-0.7031867678462711	-0.034831117211479905	0.7999349382525585	-1.2593873817849928	0.6184299820470402	0.7769649744778441	0.37775606962368624	0.6483420228398379	-1.0892576274515335
1.5300422801215698	0.3622511733161996	0.13023012912906007	0.1798386471048477	0.8309038335703569	1.1043377227789462	1.4620153509553573	0.028984798986978894	-0.926500773337872	-0.710301539170476	0.7713457427965692	0.7586867230319959	-0.8986963559110515	0.5245995651062226
0.36764105915110745	0.4977189456751981	0.21096736976296215	0.8722924061961329	0.30748988028305296	0.49961200309279385	0.47794881944800915	0.694684455854468	0.22305128090316242	0.9855782067383027	0.3776364084702855	0.37097719396002155	0.01922807351849563	0.07706265745881817
-0.23266295095017342	-0.17741929513290614	0.07110380976266506	0.07469792271535645	-0.4032770021932781	-0.11250572038221945	0.3965062193495536	0.3554754360882752	0.700021834809241	0.08610452376730506	0.0636577804520525	0.7284055186483955	1.1774779172157264	-0.6262001402290165
-0.31325268481669544	-1.1707797457313636	-1.0582908504084687	0.1765001480642432	-1.0743823961663317	-1.0047043333104118	0.13615225607497797	-0.7545997409242863	-1.1830537970297323	1.04561725573919	-0.6392402181927078	-0.9882674500640491	-0.9483806975138863	-0.5283437616740145
-0.5590908802938468	-0.7365883490412223	-0.1627879914177807	1.0334309163938498	-0.6577821697124853	-0.6489104345736778	-0.35838974856859884	-0.7570439484860927	0.19820572751407387	1.6183657515181247	-0.5723590179364377	-0.45569041279321104	1.0032422479449716	-0.483010429538561
1.6319726816555256	0.946268885632105	0.5247878611952368	1.558056650149777	-0.47869228940467023	1.2628518420302823	1.6198273587154097	0.4499157050339821	-0.16978251824163884	1.095085289302081	-1.919707121951234	0.8316718906968943	0.45889589263198094	0.5845402840853196
1.3192028123402066	0.4097191355219577	0.4855315048813156	0.3328227894210425	-0.10756573773497824	0.14792499637011064	1.803153337577957	0.2502838215077271	0.45918912912541326	-0.27191255789127017	-0.6028301095152696	-0.2876753705028932	0.5484347390178883	0.14986189481374373
0.029520246443284076	0.09408865286855655	-0.14374754720587482	-0.6595085774649109	0.4781208944497709	0.5271365390799385	-0.24392323360567797	-0.24513571490381514	-0.6549933465208798	-2.096854589421026	0.45393248439958045	0.6538422896064311	1.0388802227573741	0.0333940372593708
0.09188595746946909	-0.4468602052881897	0.06335005749248324	0.07858461493759505	0.13404752803322972	-0.4386527893519675	-0.4061861702089236	-1.5100536456761358	-0.9484463917222621	-1.6962324612827904	-0.3563342261505235	-0.9822947973552756	1.5565176534453857	0.1478684514284145
1.8204113837272322	0.9858512371250249	1.7914316221502495	1.874960288912832	1.9883945448521398	2.344105100319287	0.27890123246700227	-1.107130048077984	0.23303018719402552	0.04137601508731911	0.5637754425884717	0.8208464533918141	-0.00736694739615748	1.6516026554510468
3.141861486663231	2.0720541317629038	1.8911717063605156	2.377965247313652	2.908168947326273	1.9479044425984122	1.3668706282109808	-0.5897441145327958	-1.074061244488274	-0.9584791167130734	0.9402028014471651	-0.3908769883104886	1.3936102410192548	2.1471785522787306
0.6275297197088964	0.7546442886513423	-0.3245443044534476	0.6839351890901002	0.5762275430201603	-0.508621235761424	1.0511005726246996	1.2592706254679265	-0.49544071335175566	0.8038015233486937	0.9621208924658561	-1.1233762969461794	0.1562107463356407	-0.03216023589654177
-0.5179853499450958	-0.4676697288466028	-0.07776952368935885	-0.0780131877034871	-0.5584229543970903	0.2486853162452024	-0.19606749002898094	-0.133622816768121	0.5963755424164334	0.15145152109613172	-0.2812847432825246	0.887774786015792	0.4025015475376334	-0.46799634829325687
-0.5002307479374399	0.62743827259508	0.14133874368376975	-0.7456280632075424	0.0749488329840409	1.643866882306614	-1.2469372777029373	0.6270813029242039	-0.1314722853404832	-2.0012185755729788	-0.29334490235798155	2.057728243032575	0.19151479737674607	0.21288653136520844
-2.242505325371918	-2.712773603439567	-1.3099738181337384	-1.9315346717629935	-1.8788996134069769	-0.700142072763991	-0.9545990437993781	-1.4679918138675412	0.6563902493690138	-0.5277308049359819	-0.08301196447249051	1.437409047558371	-0.44384995461115373	-1.7432085241968114
0.6074873072888568	1.4884373506420767	0.5729480173181175	1.6986720992820725	0.20767517996709306	1.1162984118327923	0.03872973063007339	1.3909067588131412	-0.1641462658012362	1.1190048487676316	-0.6774834237122629	0.9742748887555526	1.0811302842077115	0.43766723851264977
0.8048918771228919	-0.8424393148979967	-1.348057252377092	-0.057104267364434066	-0.3175639295325847	-0.19632133970913662	1.9802625560264726	-0.7744306609004106	-1.5541593017140416	0.18951692565786163	0.10125658320826256	0.06397044841153525	0.2528234739191113	-0.4283456131415726
0.11413399684418402	-0.25105022462327586	-0.9579667230332719	-0.562829115621432	-0.5121970434227743	0.448701380451374	1.5100332474392206	0.8468404159948157	-0.25955736640865273	-0.106056389465297	0.429116357626668	1.983852836270606	0.6860399289411403	-0.8963624600083933
0.34728716377805136	0.4194840367490406	0.5056147296640359	1.7098240288029771	0.509950237726027	1.1996883835878545	-0.6688220323431104	-0.5527103680367055	-0.36265621368801193	1.2595685554284715	-0.4016721953482921	0.4748334951203832	0.1675981324828398	0.7175906310744959
0.2502254599277579	-0.30765107634022293	1.031319286138707	0.8512475483177079	-0.9269427256817163	0.2599511723376853	-1.0424467089722496	-1.252845272480939	-0.039164329663116615	0.15018402200207462	-2.4015020266144886	-0.8295418152887567	-1.317638298435963	0.707583746835533
-0.5140837240332314	-1.363888436202454	0.24757077333609534	-0.17711182993666807	-1.743614157687902	-1.133274452667373	0.3025517229198279	-0.5515943766580511	1.4718709478476844	0.9713270703565772	-1.2366461751165925	-0.6804390300983585	-0.9956269836344689	-0.8338064134807295
-0.35822849776493393	-0.04282196077942613	0.9019373772224291	0.172043927293967	0.17538014284087666	1.7199608543137415	-0.9428391803128208	-0.5096329306845953	1.0837042600304496	-0.6916263026014948	-0.10178669480935901	2.5452024735597005	0.940210310947099	0.07491573544191124
-0.12191502055125839	-0.020310264257322463	0.33900185893368084	0.40435820629758534	0.6853771242608352	0.41926762595708295	-0.042101190279367755	0.042703932001967176	0.6740884848734655	0.23525327330977402	1.2565409390129947	0.8624294189080901	0.8903933367009759	-0.22401129079869794
0.6369218390605185	0.02587653568849635	-0.316785138479023	-0.7168511511046256	-0.6286588536236432	0.6678326696947002	1.7792008704172442	1.038379542719578	0.24556045866493034	-0.5628486614279331	-0.05774761597795807	1.6569144903248414	-0.4566341418360239	-0.5058243615760456
1.2487394470168023	0.46005322901810775	1.748765125513208	0.12788611187973314	1.0323460681723617	-0.5078378810122909	1.222120759758188	0.48694080038346443	1.9379260925507733	-0.5289859546660989	1.3832108595358543	-1.641146056328547	-1.029903136140839	0.3738693760161969
-0.6209495377010046	-0.9690398046384967	-0.9034990336559607	-0.39818806175672095	-1.4295684102045483	-0.7462886936045108	0.5308190677926705	-0.20378696517358608	-0.22104892724206315	-0.03629051208727974	-0.8607909381690108	0.5073166203386478	1.2934038953257738	-1.1054484045995
-0.7888263909392865	-0.37833666533694577	0.7450102723644167	0.6245203888169006	0.027775205715017626	-0.9352103387065716	-0.5183463721912555	0.0025615656083023673	1.7230612948778417	0.8478460273073527	0.8015307263053565	-0.5552882341997816	1.3397830081028042	-0.647830206322488
-1.7907291160245595	-0.07840962353519831	-0.5690655045338493	-0.4205022013150934	-1.7346398195863868	-0.8070488377519414	-1.4618514417715578	1.3842821970430854	0.6257577414429417	0.4711640217972735	-1.3754173841863317	-0.07754474418073809	0.23112463517983692	-0.9552038687970169
1.4739708485465859	-0.5524886987953774	1.2389909105784667	0.9550549417445202	0.49021975664019735	-0.08671382689852791	1.8379350068432259	-0.984323538331977	1.3530848012623156	1.0761430776934493	0.7034513456986518	-0.7204637517754517	-0.9816116320029155	0.2344277506043919
-0.3904212233760897	-1.5229344227680717	-0.5803095220677693	-1.6383892504176498	-0.5264697215702734	-1.8352492187333782	0.10790849321318932	-0.978272346917775	-0.645579170180793	-1.7428087160446883	0.517700541934418	-2.022367819676976	-1.4912420679793217	-0.6377226010215423
1.22522454964749	1.7460063878967014	1.5272301879315213	0.6363579092303518	0.6691951192363093	0.7318463590070367	0.5167233896558312	1.2442413015595346	0.7911399949150693	-1.3259236864338082	-0.4572628980646897	-0.15524531552724985	1.2179296066519998	0.7558756856305808
0.26295682326987935	1.4205524710589827	1.5782261177360868	2.8106882653882796	2.294215703084883	2.5853046596126528	-2.6015645073992815	-0.703468478465863	-0.3573478820322055	1.2310645832694167	0.7593919897767777	1.1106734076183724	0.4974614798508085	1.7431412621683389
-1.0156707826295963	-0.385278505041919	-1.392854355764265	-0.9427738787716892	-0.33938022621063835	0.021040076138739983	-1.100585057868833	-0.06360565676092035	-1.67104606519489	-1.3444455346591648	0.01460973260217495	0.40140428124403454	0.31441451648855023	-0.40999801428307686
-3.3966791869194877	-2.561289567972727	-3.025995769922606	-2.896751981860439	-1.6168196299535522	-3.352451323495809	-1.5153332517669342	-0.14920388815415217	-0.8412010102944625	-1.081154080602223	1.429937383258878	-1.6177654439231055	0.4503980174636628	-2.561846838572968
1.2987473972075279	0.6419143895943129	0.4212095932672746	0.45046252535875886	1.0744813892301779	0.4878025667569158	1.522168535580567	0.24678789038296908	-0.32588120815615335	-0.9882942512587237	1.1143005078838137	0.41967568942351213	1.429775948270429	0.20788646571044564
0.5859903463627449	-0.5475836250983412	-0.029844260996836763	0.023540234788053283	0.3184445016767242	0.48001234453303276	1.4802766304330206	0.226135965102705	0.2723717989039445	0.6906847311367076	1.5917781655856147	1.4195020677662378	-1.1431644224190725	-0.45463231967614975
-1.1400796868532967	0.3829073183712698	0.17828135568314968	-0.023480309728771083	0.002190512234533981	-0.31076888753505705	-1.9143933002477536	1.0494580904338906	0.28822839816930534	-0.03165997114544818	0.39396737961831446	-0.5982879067736457	-0.7290481127088373	-0.10095791334729705
-1.2656553655993077	-1.8611621107520655	-2.073606370926583	-0.34148512280155074	-0.9955861684856273	-0.3765118828804346	-0.304900118961166	-1.2981153504443008	-1.6315233086377963	0.9005947631589839	0.14452748598840964	0.8658388703924902	0.06640736432926242	-1.0955743733513374
2.0395500952468737	1.7439226873055198	0.7093826700562211	2.422661535657959	1.5233483304275732	1.9891715736590365	0.7559684129923822	0.2626482393825479	-1.4423131920128245	1.0599004549244293	-0.1049626979173568	0.3592327879171543	0.06161180679718999	1.574011382316553
-0.5324269095657705	-0.2808127423042328	0.21202148209252522	0.4376111734710649	0.5252146259567338	1.1417071610574423	-1.0252867708307445	-0.7345434212610124	0.02828530334228762	-0.2083302014047716	0.6883972762166732	1.8850534760827429	1.1524453602976195	-0.07057576160714932
-2.2640639001287943	-2.2138576268332697	-2.43455806964242	-2.725116707415659	-2.740430608072973	-2.242402793216386	0.6332289340877221	0.6834450521811689	0.3988440274523236	-0.5553944176180615	-0.1865863456971729	0.5186064890922807	0.5173453204289508	-2.727393722227761
-0.43966109352884286	0.1634307683615766	-0.3607700745353815	0.09889128791148735	-0.733691274323405	0.1858588943998627	-0.14355890341433475	0.7765900690565006	-0.06532504497008139	0.15236359188180676	-0.6805526334630175	0.9028312530624963	0.893371488030024	-0.4811975706783285
-2.3613079821982845	-1.6821350529161725	-2.2829383617113628	-1.3972600153085728	-1.742598007228659	-3.5741196216032933	0.15465916852177947	1.067660247277089	-0.26852174556768343	0.3980104700127002	1.173978950729874	-1.5292142620380478	1.6200577817944772	-2.6467427576413214
-1.0097590336651654	-1.6765208275489758	-1.1206701491359654	0.15472337805088243	-0.986015675805685	-0.9679572350141036	-0.09450872583262658	-0.6922168685299069	-0.3350842688604625	1.924485084017992	0.4198305686344698	-0.01842548071439336	-0.8992339307838125	-1.0813439202742692
-0.4179636392931071	-0.27386896797007526	-0.1322955224434561	0.45561531975877545	0.21042561652922553	0.10620069469111243	-0.049480519752385085	0.17611056946593118	0.48524474605529194	1.0388487454485806	0.9851732954584069	0.6022114797345195	0.3254586070153751	-0.44462703105270895
-1.8833849525664723	-1.2536186707982704	-1.6922433138286301	-2.060606478382515	-1.2615946570681493	-1.8326219380157114	-0.3391039232255137	0.9931855482245234	0.03461742552759622	-0.7162596188561486	0.9743416076157716	-0.4248894907485152	-0.46570241427625203	-1.756389516877734
0.3133576266679933	1.955059976982593	0.4462332854044017	1.1080474685203645	0.33113351544475605	0.6204618941411549	-0.5495233090316818	2.1793737760726533	-0.2774517243724707	0.42535454849892307	-0.5265499940405353	-0.2954184666981891	0.22369755078100498	0.6026962011828001
-0.9564253664881113	-1.9051916185511701	-1.556856491393686	-0.3708109613512126	-1.8082192571945512	-0.7525106221379095	0.38062412336443185	-1.0455809965659142	-0.5669951739942939	1.1691084713284963	-0.8847809318134302	0.47035699359088157	-0.24559920069200766	-1.2287231804732202
0.4849169568746513	0.4487926875723527	0.6213799923487259	0.36903191861172313	-1.0082233343898246	1.1380024998714044	0.6890675024409307	0.8516039115648543	0.9758029079909413	0.3660671813885963	-1.579340576480486	1.568228543701125	-0.360429854551552	0.00991631154375061
0.2863263717702058	0.1899690697273869	0.7597207657027656	0.45408685174102326	-0.2008564470608906	-1.130757233682787	0.24192744128496613	-0.07450783300293945	0.744673919278088	-0.42475179499995463	-0.6135512750077133	-1.9310551922022254	1.3007579053832758	-0.025477811547504652
-0.6454985604137163	0.217765267807977	0.7268373987575869	-0.5979366899670863	-0.9508405449472437	-0.9215186616111455	-0.06499944875080066	1.3638569695550893	2.2771019975761058	-0.34170406241029333	-0.5827990085738123	-0.7686714814644046	0.2641492618519066	-0.6533787662954579
-0.11663915199104025	-0.6216425593827354	0.25294039921361533	0.6823475276975325	-0.9060046565044373	-1.9658570516581675	0.6502574824751928	-0.47868662442976523	0.37075780033788014	0.02103621831833507	-0.6166738604102454	-1.9518669694535564	1.9403407647771471	-0.7224987376803057
1.9355005574694157	1.978643588964311	1.4249520817311538	3.3875700305737637	4.543219918954547	1.505423026114635	-1.2866166855328596	-1.2162104952062982	-2.109603620961507	0.7970176712772786	3.0581354174251105	-2.3040323370323006	0.097853458177443	2.688799194452601
-1.3082322962583706	-1.0301323490627348	-1.2360616529570039	-0.48448392047062	-0.5848310406855672	-0.5403206707074617	-0.2594930286122454	0.1659541948459011	-0.0950023858521785	0.6792817398966007	0.9175642823541896	0.88490993424078	0.5567734323684386	-1.2410595524439632
1.6243456552488187	1.2132026498703632	3.270038403819166	2.6393745883676356	2.541916278269463	1.4791859164601198	0.8247617855917351	-0.10426969569495347	2.895452254955143	0.9552021036354403	2.3612736843005515	0.9744774236852375	1.7389563825226968	0.9279731907827957
1.3403013166826203	0.1510307723822466	0.25217460066369835	1.3046630118201739	0.9755347637047412	0.9751288792486648	1.9739439019966947	-0.008541761730201717	0.17518315061276746	1.580459430635815	1.3656375989279963	1.0479128170767256	0.047734144138260895	0.14660900059271545
0.3399662608338073	-0.23555000752385272	1.0588288656704699	0.7454467979651996	-0.27309978791071865	0.5209954781847939	-0.029277936718714617	-0.496614847565686	1.1304305579472287	0.7112841736309946	-0.5928745744794699	0.260412332287188	-0.8567454254328144	0.23376798610212177
0.5830012264349536	0.5381023845717885	-0.31035524348641885	0.5487913455107037	0.12993762783261975	0.43270300889329905	0.5440265712282103	0.3780446985108265	-1.014930280409196	-0.14000905679406028	-0.25916590428511865	0.3143114566429597	0.9320148104741672	0.12487260337045909
-0.9755052960347905	-0.981475634530067	-1.4521520455730201	-1.387669688963038	-1.1427598812978748	-0.5049172620592383	-0.2142614976929711	-0.08532265944237681	-0.9586748699911208	-1.1030736014684206	-0.3547102805718528	0.3106215476460743	-0.2188007905055936	-0.8865218807635222
-0.0269270697235236	-0.2280517970834415	0.18429420896533621	-0.7231810857491069	-0.30265372120716394	-0.28238074827146953	0.6152684301421666	0.3524285208257596	0.9983839772754222	-0.8081154520617861	0.22801513362665693	-0.1065332198599595	-0.11144391475825556	-0.41722012662724617
-0.5634056469785232	-0.5263142672329574	-0.6479130538367648	-0.02658463478616435	-0.6176470540098791	-1.2129460535817196	0.0036672094692981718	0.06524879855343992	-0.12516410825963356	0.5645516495115116	-0.08696941232893586	-1.399488919566585	0.03821564835934207	-0.5731066760368897
1.8808924133827882	0.551219716647954	2.7322700222045815	0.9265762020270286	1.4182080595021018	1.8471382127226939	0.3188801352531921	-0.6664473186977098	0.14502330578172526	-0.8872307388581933	0.17262055571704893	0.9331175575269692	-2.453106780044506	1.441709463875481
-0.4883484497957368	-0.832727371774209	-0.3715049834579559	1.6761723324838655	-0.7847896768114887	-1.2182777651361034	0.6878478773070053	-0.27812335359068885	-0.6290506622817466	1.029956485773384	0.37644982994858806	0.12492797101061584	2.399708890239354	-1.1457951376676665
0.958870785975843	1.4946970540729616	1.5206197040273128	1.38280613646305	1.375458351166147	1.331671687143023	0.13327437790538826	1.0229193667167875	1.1085491127073215	0.4991736586572914	0.8243742896597666	0.47149752219374635	0.14968012931014887	0.8510094081808594
0.15077411758284212	0.37922350107256464	0.4443897379933838	0.03801347959535184	0.19497379663168438	0.5866352375596254	-0.035211888661164065	0.1859730556809498	0.15353429106336508	-1.1909342514364405	-0.0039005945469305233	0.8892331581385725	1.3204556529495364	0.003548537074087478
-1.2773487790939084	1.1361357206054898	0.705600857579524	0.21230790126098978	0.1359113446241592	1.3029046219572267	-2.2128168623155133	1.9057542905802665	1.1310368735766603	0.02917503677762447	0.2385293039022165	1.8043352419592453	-0.14921332078215155	0.022525810413760367
-0.5229702327682718	-0.6361312137082776	-0.03473262885260053	0.23550038865118272	-0.8991678163062734	-0.9653606864722044	0.5173508766541864	0.49755897143835126	1.3863322397930917	1.605932371059944	0.058092498878907	-0.46205967098687306	-0.2685526131724259	-0.8809560739368032
-0.7129287466154413	0.21093737912686183	0.1389533146826798	0.43161528510851166	-0.912352796150617	-0.5245561115185866	-0.2434141918070592	1.197598339262007	1.0845523115724787	1.0045928978633156	-0.6248996086119191	0.11201609546750416	0.9787669170354979	-0.703375007837442
-1.376243586416329	0.511858345443642	-1.1417293659448098	-0.7873328280432044	-1.2617965397427986	-0.3739420900036467	-0.9662020171409189	2.103285856434013	-0.6087972269856102	-0.5559001786913437	-0.8205787350879471	0.6867707321095152	0.8439632150631968	-0.9189058114294052
-0.40986557108042676	-0.1605355159980088	-0.42933517349507444	-0.7534558269798017	-0.17631195759476773	0.34277023192346107	-0.33221075408771494	0.07030344257928123	-0.3068656929089159	-1.268596923378876	0.04559882262070848	0.6934396065685685	0.30632728901762313	-0.26398303934910217
-0.4793127059282398	0.4274389508977666	0.16230012003002545	0.6737000692971391	-0.8574439245948062	-0.29749264924324625	-1.0744440094041554	0.7075355429734158	0.051641574143884934	0.75609500807564	-1.4387654898222908	-0.9497830802848143	-0.44445103216095144	0.09180783154590745
-0.8853025996633964	-1.4465286502928627	-0.7904434951725795	-0.574677583549077	-1.4456824742134013	-0.907766394229266	0.7513871185693268	-0.19622081655551862	0.9667015681278833	0.9073862318706214	-0.1933775387736381	0.48150100324666123	0.29589556214719226	-1.38797527278899
-0.0020144592722372012	-0.024848028766942587	-0.22600269719351357	-1.154259695330219	-1.0944186548546717	-1.0162775192563005	1.0504730520486203	1.637325471775502	0.5081706159843167	-0.7276258700592328	-0.21901586560809447	-0.5336923464318739	-1.1222488173029133	-0.782793548371661
-1.4014151256519431	-1.8872042496108592	-0.5544698009804352	-0.6225252553241201	-1.5180438700758936	-1.8865719452840533	-0.5133271135974506	-1.339407404134991	0.9574161560509232	0.4123579590125471	-0.721819297344154	-1.535849063603732	0.3476794085017427	-1.1530956888302133
0.6498126727740359	-1.1787078314043615	-0.3300635572440537	0.29242381203551554	-0.5040264915770409	0.29008017456445906	1.1010105556235197	-1.338779584683755	-0.680923010900196	0.6382889128567716	-0.2816263518432265	0.5918063328299515	-1.0873410627369475	-0.15797186804671903
0.923476204951363	1.4675925500353495	1.7151873716232018	1.2100691357667668	2.378818331014428	2.3563053823442863	-0.8009247834033573	0.01731187365648626	0.4555532531930186	-0.9397680770759601	1.5769945658690097	1.6009733424063624	0.9162330709226078	1.2739588116569363
-0.21990398484167126	-0.1279524284952937	0.4426941076400819	0.6940426704166712	-1.1474573408510944	-0.05058139433711943	-0.2525760096031759	0.09720210158804747	0.9099762345226693	1.1188930960592547	-1.6037074979788408	-0.19587497012692368	-0.31542030994635684	-0.12318962745885083
0.5016447045054652	-0.45359721147777754	-0.018746458169347002	0.4912199840173574	-0.29143842476661047	-0.98993413891976	1.322564617866489	-0.30706190078432505	0.500100343984257	0.8725776755953811	-0.027564469050880037	-1.3004763495940055	0.5526025877348903	-0.37988058855416057
0.2687003807007768	-0.22395184694092155	-0.6138389927327819	0.01922201306974397	-0.5248865916482698	-0.19485847953931248	0.4829838967250812	-0.3475583793288343	-0.9336458984471225	-0.2876617299725737	-0.84817134539331	-0.5355970631046373	0.2574575740296914	-0.06690833414955924
0.8090930858568043	1.171516713382695	-0.41164378147582426	1.580475356746326	1.0924362031349042	1.5645063754759505	-0.4029844528052224	0.2354368406792043	-2.421484067439348	0.5832543625397705	0.10362807474056535	0.5401301849203313	-0.05223206178477315	1.0407010213321268
-0.4243194717600218	-0.6744193771285958	-0.7794627582461892	1.012944351834342	-0.2884981922613163	-0.5817619709524647	-0.23109323824779673	-0.7614494499817118	-0.9601079622296733	1.4380173083069079	-0.05461058647407414	-0.4126745597436537	1.0663555695461266	-0.43082082104879404
0.7984580375164314	1.3410664369997096	1.6594381315477473	0.3790962089429779	2.7549468619207804	2.0136357126412334	-1.1223187552051543	-0.23165644722157253	0.3708322050383938	-2.186637501412805	2.1265313646104205	0.6771628215831197	0.31454780680647376	1.4171507439713584
0.10373383581830753	-1.2248002765398374	-1.8978876064138948	-1.5283152815378478	-1.0533080981001144	-0.8888799286823892	2.209475790402181	-0.07144793144858916	-1.134675389591645	-1.0415229138868576	0.23922792615602329	0.5071856879937161	0.7724806874970799	-1.3364276551701
-1.5806061675092988	-0.46609649978241713	-0.5130968330440553	-0.21505826931250444	-0.5322809049479383	-0.6272246035188014	-1.5845237900796152	0.16208573955285954	0.06585099308119277	-0.022744437163802363	0.11282040648237696	0.07836182695921619	1.051092163895305	-0.7735663762931939
-2.383836940988142	-3.9802761884812368	-4.0117622367799495	-3.9659372515722158	-2.8584800181993644	-3.183118237923446	1.4632425078749067	-0.8870865445422684	-1.1999618877308305	-1.2340860167379457	0.9750646654688079	-0.020335042295168745	-0.5154781081205653	-3.3449286401317626
0.31448082564655616	1.058699869980428	0.4867123422933587	0.6838757834371043	0.2519523822901497	0.6845899936661758	-0.5885495373427062	0.8465419503847477	-0.24341112102316895	-0.12619048533094082	-0.49972202699705504	-0.1982971478177051	-0.31235557226401967	0.6132458142023834
0.03185160282500965	-1.3048370735754395	-0.3779110524600031	0.6767495261599833	-0.5382296584765346	-1.5830084251940073	0.8240628895214724	-1.4304180533274409	0.1971174947364333	1.4984985344873674	-0.1475592195327761	-2.041782444269086	0.45501709896460263	-0.5375896613718957
1.2107417519997894	-0.19874167295937	1.6407056659155554	0.9890594730307434	0.059573410517836656	1.3457726087282529	0.7876194202085747	-0.8425582559145645	1.2063535544987984	0.6088640112132704	-0.5283098652232198	1.2089416272469482	-1.316728175356605	0.5701389156606896
-1.2234157116837239	0.6578673208623457	-0.093208634970819	-1.059028202822378	-0.426446904092675	-1.666720823246937	-0.7856331401273408	2.2913537691171064	1.1075310296996481	-1.0130904115983834	0.5039316543688652	-1.5964996006615286	0.7146821815767479	-0.8598813769232677
1.6846186015205187	1.7980504086382578	0.21700236175578758	1.7179152674020415	0.7718053565923345	1.0137520934283195	0.9943064587929672	1.162721975275761	-1.3927476912316712	0.6661454055104952	-0.5443066597172088	-0.3207556543020813	0.39431762157320366	1.0215536991581606
-1.58345259990088	0.0979675547823542	-2.247742507450755	-0.16123824855963587	-1.3940838336683972	-0.66875539391798	-0.84253783018902	1.959600047107204	-1.9378759687778675	1.1940193163655186	-0.5271493302658283	0.3611401410219218	0.03753082644389389	-1.0852986387707468
1.7686354830974673	1.3339588034849539	1.7426342160424202	1.7881875027440595	0.8453168662590061	1.1692569049049226	0.7130168327735769	-0.3179734149821669	-0.330999693673778	-1.4162079985503124	-0.7558394898544513	0.2301883705317118	2.0272379967975405	1.119295253114746
0.20406340349655366	0.8293419531296513	0.31427189106420794	2.0138527803382815	1.3252507551417572	0.688946037544984	-0.4288356583863814	0.8244414461080993	-0.18612199616866262	2.44799371824298	1.6487767330050158	0.1627655578678445	-0.34044037058144	0.40276515958107983
1.8610509701176383	1.1654994099250788	1.4160031339572883	0.7119965626064204	0.7900387372691249	0.39316178790416595	2.0539141210027414	1.1959032376784064	1.364104967156755	0.07135840028728614	0.5633198034010218	-0.5503390300300124	-0.4989561710735868	0.5477487015327523
1.6984481226619204	1.9407104643290802	2.010607850582724	2.5333881632060256	1.2608258922643432	1.2408499658278618	0.4166840197082937	1.1325245159650976	0.9865781573058211	1.7490174234772489	-0.008256804603863122	-0.49626281522802895	-0.5184920261082308	1.3648941599716677
0.6978719037691159	1.4521859992084711	0.045210949534082	0.25979742575858167	0.33833314897954797	-0.25715663087094076	0.2936156974835958	1.8136480753722966	-0.7365880484080393	-0.5338943675489849	-0.047164977570127775	-1.4816756748199682	-0.43050154377575356	0.4500974627402441
-1.0054696595021773	-1.4004570800645073	-0.8963542643673859	-0.5547585287929854	-1.0975716185642326	-0.8516551090362302	-0.3766323112239807	-1.0503174531295347	-0.13586602909503104	0.004840440545012244	-0.5434277422180176	-0.3386967104038652	0.3351976748280056	-0.8373061431523875
1.296774023266332	1.1161790715510183	0.059316283319949294	0.36798588532539556	-0.5023048641736272	1.6458906983070822	1.9731645594484162	1.650223475397511	-0.030698537701617176	0.037954910338002835	-1.043506076855481	2.363134245313813	0.4080647067659009	0.04443204495933146
-0.10594136263891774	0.3007517231122255	0.18825646731154294	0.5167082390947766	0.11745664825588037	0.7211157782576985	-1.0125794635066472	-0.44385345195365555	-0.6453797664788098	-0.6806153675677449	-0.6900700476736326	0.4349687210869189	1.040465229753081	0.35897074833380255
1.0706242843754226	0.7063432472301719	-0.20108140577518185	1.6542230022795987	-0.0794915399981686	2.0770803164660356	0.11530889914233367	-0.39096470849937104	-1.9638309888239591	0.8516065872760652	-1.700903542430745	1.5120672637900896	-0.15686800496522563	0.9722956733228396
1.9039029444654911	1.1462282574014988	1.7148039455826591	0.962933689436436	1.4322348779293166	2.468201813379842	0.7938965090190221	-0.47452992311749354	0.5254859991362206	-1.1201474280782608	0.0025609496383089537	1.4668702947432068	0.19531873351868298	1.3918824645682581
-0.13892544307604937	0.4991622346436654	-0.9167041559775669	0.3927209968116991	0.05748745225874588	0.2888335635772865	0.08879579604960296	1.145242366009394	-1.1573872414569804	0.6258376756439032	0.409705607750048	0.5426150823715037	0.2197200162463238	-0.23192718821123573
0.05611942012499249	0.4189974008594871	-0.8076658335549414	-0.4117422993410069	-0.632691291319035	-0.418551625735956	0.4429918697911269	1.0152322822686632	-0.9459022079095443	-0.7542854514470247	-0.7303357720750678	-0.5019232651569069	0.5093433646230974	-0.2920106414263303
0.35661205088776116	1.3447846953121763	2.125944126464466	1.9966786091873052	2.1404393090108162	0.9703949802611409	-1.6546378287161085	-0.04573298594259119	1.3384593166892618	0.6446768754626169	1.289797957890813	-0.7671262529030402	0.5567472278256143	1.260875041312608
-1.699311876880195	-0.6991193959120547	-1.172481239411593	-0.7913113923521977	-0.1560020816538814	-1.0838500469311785	-0.9244503692850327	0.7277297409105085	0.01230989186928456	0.22062971707879142	1.6348820868560399	-0.11954605313319754	0.3283890165928181	-1.2014350437769235
0.16258911390878383	-1.1136262099971277	1.2482693922141976	-0.5089179166389829	-0.2854060519594461	-0.4278469976697053	1.197920593298796	-0.5631493774213056	3.040644946307415	0.05914965045431589	0.8044033509882903	0.10225115297867009	-0.6171817398572476	-0.652300235572895
-2.489348654562961	-2.1098119301781333	-1.7156512830988062	-1.800492868393507	-2.526134025411993	-1.2928849400633218	-0.4230733776854643	0.6333936177315203	0.872682204256009	0.7456549452173594	-0.0811772558212361	1.503666293898808	-0.7259435043358113	-2.344659399949883
-0.35014261145614206	-0.7466213602184244	0.2936664029231436	-0.5965793321666963	0.9643766225379944	-0.09431368647325178	0.5601270503473781	-0.12400193985192468	1.6911264033867741	-0.24163534754133856	2.7318051000238963	0.7998447734252018	0.42219392059907257	-0.7566589804270841
1.4078244227170802	1.0406330874118146	1.427907923328045	1.2086776943903978	1.2533460171201667	0.18742753933379086	0.8419909832059099	0.22756459756160255	0.9097173074900597	0.17154728231951136	0.5821970494762917	-1.4831555698049255	0.12594646132434534	0.878905036609984
0.2689427347638751	-1.2657499965841084	-0.382264605986149	0.23047927208980057	-0.5970264008126503	0.05852145451816161	0.5365309983400982	-1.4325270542508697	-0.6764751204768122	0.5947681835215929	-0.3786723137317523	0.25878114957594583	-1.0489580858330623	-0.19644214686697412
0.8189890503513014	0.240249820466592	0.17106789012874177	-0.08981135794518696	-0.05796009960500528	0.8454186834300186	0.9576876368391247	0.1721249373673902	-0.06562117130978513	-0.7237065900802387	-0.32618191689367604	0.7656842024105779	-0.2857026628071684	0.19411539060759153
1.821237280896148	0.37054842478912264	1.0346467115997209	1.0161282227729005	1.9993486609552773	2.8636288514569808	0.3699088234021589	-2.11465027245003	-0.9492902477874	-1.503018593662375	0.6249010972424477	2.059422080941695	0.7727844571545495	1.4847816968282306
-0.4396194654149334	-0.5766014459563089	-0.9235993058716243	-0.598851841182571	0.19361296188400656	-1.6394924529158943	0.09361049543570653	-0.20058969067501392	-0.7193384010041962	-0.6997494109891066	1.1074359072047866	-1.9564406684159408	0.7669397523992436	-0.6096355820311493
-1.3948578687777433	0.7699938414901122	-1.4435533922987294	0.9784933508189679	-1.2068932397690308	-1.248917095362411	-1.181543331262033	2.3212555958847614	-1.3740763623848304	2.0855733729901877	-0.9179192264988536	-0.8793239662070901	1.017937936305662	-0.8263471033018771
-0.3093252363908302	-2.017764717149555	-1.0300559704078711	-1.0848176542625194	-1.7331136362383006	-0.6626539214268417	0.8453366231476667	-1.3025921733024541	-0.6244626019553404	-0.26606287487038977	-0.9345518621611598	0.4337442481266464	-1.2759940933649183	-0.981010594495099
-0.1487892107300821	-0.48503362043932957	0.3150448064324849	-1.2123460822108236	0.09629937374867904	0.8633964092535394	-0.5400810177278499	-1.1177417647561223	0.29225252491616327	-2.6872943742465307	-0.1463388392368452	0.9363876685055725	0.35713899992574566	0.11418363842919461
0.11922344518170902	-0.8592670607128934	0.8258997691853003	-0.7412146486920651	-0.2568737434969055	-0.7128371793060817	0.39316453744296126	-0.4771130465613706	1.2059908334757181	-0.830316148076791	0.387487664503244	-0.7564061595993997	-1.404343065043613	-0.2921306197673484
0.46672397872732885	0.2512837887475361	-0.008457011297671846	1.6103540920721033	-0.27883873607295606	0.0512555593068309	-0.6321687867711342	-0.21302744724155337	-1.8195400567486648	1.4926396749175872	-1.2466195964062674	-1.069887629865023	-1.4418634937336083	0.6674729558391898
-0.9852473027987142	-0.3176547280998323	-1.1971396099548999	-0.19902220868581377	-0.894671331771074	-1.2509647776271233	0.29875116062954293	2.07452181951841	-0.27198128872582006	1.771701783125689	1.0233768042000844	-0.001794714105941964	-1.2006130998723228	-1.3222451998364135
-0.033371313211617654	0.3984227298225649	-0.5219756863202166	-0.7845930997604507	0.20150101084810898	-0.09538184538706025	-0.12497210769056814	0.48204556432683365	-1.073604299325882	-2.0991998305361053	0.21659736846988747	-0.14983031508009484	1.0612107538565523	-0.10304675954484577
0.3038490606642169	-0.09262316671556847	-0.18905451944074997	0.7379207562933618	0.2568420522659078	0.4390436618731242	0.1164830272088635	-0.6620111973125936	-0.8556455911255038	0.09377682525814007	-0.011679986106400385	0.43361609679441726	1.0905475576215882	0.08647404014767006
1.6664684002406986	1.4180914849673318	0.4048461660066518	1.0023224409388378	2.544388815386373	1.8461458159496282	-0.010945209530915455	-0.07923887185018895	-2.0732620196208345	-1.15211556243109	1.7872787143496343	0.16206967137989545	-0.579742028684878	1.5815832138144208
-0.7387188909422159	-0.7263866602459574	-0.06830385654808684	-0.432889548231863	0.14590063570883882	0.9305522549784964	-1.1651111220862176	-0.8402355387543011	0.0035603809415736365	-0.7205098816553824	0.6065330944928821	1.4613567152536728	-0.5045029912358295	-0.12134473874621092
0.5152720134931954	0.26718236116604543	1.3623672545741303	0.6648844585821241	-0.20737757099231047	0.4519144804705985	-0.745327823778542	-0.22588549808293273	-0.04593798066226903	-0.21184588420056272	-1.2829996123231828	-0.44208557278392896	-1.7772970633578822	0.7581730726873815
-2.526932944350362	-1.678872618501841	-0.42689656835527123	-1.1225649719792945	-1.066014352722117	0.009888178873222797	-1.7142447862393373	-0.3435421327882281	1.8233981638975336	0.17757798875310637	0.6893957447525427	2.3934370154400546	0.5951806738553784	-1.5917834735999798
0.360149082731871	-0.009093865772974455	0.044988254366777176	1.3571195196153307	1.3149503378173601	-0.44750139867045147	0.5594321836012399	-0.14110964382888924	-0.019441401761654604	1.61884562075057	2.1037964905024853	-0.7824272540371767	0.8942155178288322	-0.10327118304140738
-0.6708096646555956	-0.2654862550035894	-0.052513123047240456	1.3304021016269405	-0.46545058129239547	-0.8154176772804407	-0.9139578726382716	-0.32581312289051767	0.05685112264956545	1.8099674505005445	-0.6191143053529059	-1.1445081068525154	0.9085008239422481	-0.25169854605772846
-0.7610362413430225	-0.4676464312749085	0.48664092931952463	0.10199253680616632	0.4904071404277075	-0.4533539440788259	-1.148265276738679	0.09082678204240033	0.5836560053472911	0.4957984407338221	1.5542525981356274	-0.4085795987718092	-1.3822723323306576	-0.2456880340342172
-0.03632816775741274	-0.0974141770637229	0.37176915362929	-0.48027012416022985	-0.4826456883528976	0.5823771384609537	0.2563046658983537	1.152035546349513	0.06395879851040749	-0.1751468843299719	0.18285180425816702	1.759055349711111	-1.9207740284839434	-0.404480699176642
2.874099262913611	0.9652318712366855	1.4646330175085518	2.284437747450079	1.3019047202189094	1.8632683703202735	2.143881819205661	-1.0480192853941763	-0.1497094239604396	0.8038158784793451	-0.48578649183032235	0.21821096651478247	0.2717980125894608	1.5396838399552992
0.3437755060947475	-1.0859740850258772	0.17991238981622504	-0.06465074600562765	-0.5054836717921773	0.330936680721744	-0.25104839973547177	-1.7575963081101607	-1.1100192323908749	-0.6702964886589021	-1.0090128068997866	0.08029167027388637	-1.653300059688072	0.29924371177783343
2.6971032164260422	1.1863518197357106	0.904293478768393	2.498265477471708	1.9635322026163569	0.945882774667798	1.4536574721141882	-1.0973668475106533	-1.4841980523088623	0.7031204135543131	0.2053880471796324	-1.6169726948159324	0.5142094883102603	1.7419300305800505
-0.23726849718815213	-0.47258512452909884	0.7921542619842179	0.8335426897109401	-1.180276504525965	0.7426059747219889	-1.2683466110165762	-1.2531169864309801	0.4623127625675977	0.5257810151982103	-2.4507875083652055	0.2845479186276598	-0.6947416815240233	0.41823340363429384
0.9327624974495812	0.7291321854643844	0.08550529013326702	0.11484103818861835	1.2723501696265398	0.5580407193966815	0.5314489887026486	0.18717862429986185	-0.8360906457534941	-1.1757874412861569	1.0928715710443948	-0.3654744803031394	0.18113743790704886	0.5805975233030575
0.15969775843363027	0.8279664718363858	-0.40947145508395477	1.0808321545667536	-0.12593111509310587	-0.16633677706085598	0.04465361258890644	1.119666775193178	-0.860709092984398	1.1435276037099582	-0.46041708214591504	-0.6318506958880059	0.5627532463783733	0.0436157574448044
0.7916917577517788	0.5472433083586038	2.2064620936344648	1.083299205952485	0.5572712809575557	0.3316065502342962	-1.530784953729669	-0.8469964683476201	-0.30735460652699353	-0.7037556554125308	-1.2587200014071975	-1.7396533718531952	-2.1319514320969954	1.481831475786575
1.0295525808247092	1.4323668737701483	0.7614509151080799	1.7806349378322817	0.8099375776723348	1.5788297875473247	-0.42602922294004786	0.16454484355558657	-0.9150440667505044	0.24105269719985722	-0.8380481308791051	0.48154200202417413	0.8663153526784412	1.1603768971011081
0.8668299983639525	-0.159073100429462	1.4922914490291421	-0.28262167591217346	-0.1849315515008746	-0.7150688556531124	1.0576628983221579	0.841754620666816	-0.5865212205295778	-0.40504638443664737	-0.2051883119105649	-0.777790549094442	-3.0765416635182934	-0.04881754012589284
0.590574027944881	0.49094948861128046	-0.4384668478719408	0.8223675274211928	0.9340299734665836	0.7597685580280369	0.21567420807285065	0.04176578937044996	-1.4476414354404545	0.2509775933659138	0.7809366177070978	0.2432527739634194	0.23327918713267415	0.41923417756247566
-1.3409058741869568	-2.097544317578835	-0.34318209454426785	-1.2618363661933016	-1.927951461541187	-2.348681053956891	0.31846180405326285	0.0896984889903831	1.0157723860367827	0.7711362378370007	0.009390851762293892	-0.8567751330935885	-1.9987175558741401	-1.7516198997982368
-2.3126497786085896	-1.9899013589773678	-0.9712964587755906	-0.9640256782791868	-2.378271204776795	-1.7221442547611203	-0.43535751564574166	0.10541532563522718	1.8016530809921392	1.4818717264907784	-0.5418677550920727	0.21691596843976227	-0.0042928067483712475	-2.0522919930088297
-1.0683682552371638	-0.19878704342088327	-0.6375467521276245	-0.9056311405888806	-0.5471757486984212	-1.6405546067030599	-0.019762568442662828	1.3172184244658522	0.5649922468745319	-0.46924113888349206	0.7990092230491764	-0.8957529634906518	1.059356763828109	-1.2009894508660164
0.530927468706285	0.34091777968397236	0.4182987533617083	0.5817244972015464	0.8933437924108556	0.6531338523057559	0.2901422481680605	-0.046162739292026564	0.16161004597495676	-0.006112527138953664	0.8776562946852521	0.29288244126783686	0.3834388032502681	0.29192766260913466
1.0828164420716107	0.575097140857111	0.3597269134968157	0.6942362565486556	-0.13711233415204527	0.7254620255760587	1.0485189170572684	0.12666049686739925	-0.18588668936025782	-0.1637798298046281	-1.0293556710744831	0.4306297975119728	0.8328519518967762	0.3325304523573163
-0.3424476341659975	0.0667746122398307	-0.2706113368902408	1.1855688413389749	-0.5937894263238563	-0.7760577751179547	-0.32404887585103326	0.14660936881255449	-0.7234339048906919	0.9155669855933356	-0.759924083905189	-0.7262810849878139	1.5831436079575882	-0.33781973063921966
0.5776248070402554	0.36234203292499345	-1.7060334803699004	-0.40520931597903753	-0.2688897871093492	0.03415350270012468	0.896599463703993	0.5176114378016738	-2.85041936471561	-1.1238850089763788	-0.531184085209328	-0.20791201194712405	0.38947922784660605	-0.026120675325332052
-0.17158195464931503	0.5022947778599743	0.39299851710530576	0.5533100139708542	0.5125062126535127	0.3489870489680279	-1.0107052822305507	-0.1856903016729824	-1.0239718943659113	-1.874616259577437	0.18991766216460246	0.3574361242735709	1.989417159262456	0.21582552701127247
-1.6953331585311466	-0.3886586295633283	-1.5666866609467007	-0.7433265859711283	-2.6151953126801337	-1.0744865048120906	-1.6169422396609996	0.9852904863602687	-1.3965680132572695	-0.009268497632444734	-2.746390397761887	-0.649142257291718	-0.7269618339360651	-0.8344405545922765
-0.12245818245839446	-0.6740166186867457	-0.15544302575300767	-0.23675220963058083	-0.4273891974909091	-0.7440915391865763	0.553633352656301	-0.3820768047605317	0.5578289246829978	-0.009358874136688695	0.03129303314942403	-0.6962892908204222	0.3478462082690629	-0.5143397774842392
-1.6500699812297683	-1.203687667557242	-0.19623171112444715	-1.3849534276705295	-1.046393755405793	-1.586216749005742	-0.8443062607733927	-0.16230031854236943	1.5810094005300461	-0.9161985212136425	0.12171492117096509	-0.7996285367699616	0.7394799051000468	-1.2542034574518297
-2.5446327136432707	-3.0208671623348113	-2.1056731955891665	-2.2407715336303053	-2.9462514979406187	-1.8469497298007491	0.4414833383863819	-0.35224361744742166	1.1744601728407134	0.6145795437444189	-0.22788417279428588	1.2723412637633338	0.00415883302834106	-2.8103527584720265
-1.3414270714508723	0.8136568965126926	0.10727977755629547	0.10211205621678388	-0.5321823108514518	-0.8029719974021843	-1.0253265008175367	2.5201197826088357	1.4210383420928627	0.9201056189598262	0.2902880552023419	-0.2368144359079493	0.6239303302905861	-0.8232010391107262
0.7373054382188755	1.4213121759307232	1.6405384669124503	0.2539465004966046	0.7646306894025015	0.8270436748047931	-0.6140053448458541	1.5657430659499818	-0.09472505522371355	-1.0961059064252914	0.10037268726782807	0.04686034591699044	-2.0154593652909045	0.8849582094189152
-0.37062286843540415	-1.302537629517306	-0.4937655214439549	-1.0014937153811272	0.30951504196458635	1.350014362774461	0.9437519405253367	-0.5681381550400652	0.7575294055785653	-0.4003774485363153	2.1186024738613556	3.4991406144792334	-0.06290128664878991	-0.9490744791635087
1.5357023148804214	0.10456937135999045	0.8616208121115936	1.7415243620985912	1.4280036986134474	0.7901948495692624	0.39862842544442817	-1.7930520166289747	-0.6668489235197029	0.5873605898584312	0.4110193622548234	-1.0711990572464543	-0.31033815437149403	1.2424682122116741
1.1768016252029423	0.767249301355874	2.1944016783867903	2.0296865715563595	0.5132433721559932	1.0401824238845327	1.2451007390637032	0.32610285521337495	2.304863760578183	1.1662877848082225	0.14035768298913648	1.3932237146715758	1.7039431751790266	0.23079895319204366
-2.3826359845002725	-2.5008665592048236	-1.990163777397588	-2.5102027991841256	-1.7480279367051819	-3.100840507791271	0.23152687499191016	0.6335919993944331	0.7466046958495531	0.1470583446869223	1.8240799465384159	-0.8830671265956651	-1.069864904910871	-2.6670487778593093
1.1619281889634543	2.0587241715641857	-0.6214345766728224	1.1603231740243014	0.6769273051529265	1.3355109910434777	0.7699449341937671	2.8858713191296785	-2.366948111277992	0.90760343605759	0.5105458472742547	1.1621294308493413	-1.1148264767577878	0.5501666754379362
0.18444816230443373	-0.9173193494204768	-1.0132299229822814	-0.6742461400451284	-0.46703408701638455	-0.6446471822428126	1.133452041264508	0.19568607463955023	-1.4966146712207182	-0.027208054288928762	0.7094210525673914	0.1264164855517006	-1.7016696777154792	-0.694397058661111
0.9293238125574064	0.21922449466873895	0.4657381635856151	0.4541577178896318	-0.37235822307573047	-0.5124341094220024	1.7095983753788608	1.1738012534184294	0.739592980226903	1.0721561248181113	0.10497241853186814	-0.5656509070538441	-1.16888979988463	-0.25127829740539276
0.26754143959375554	0.5886236232104416	0.6539170882346466	0.30420551335818025	-0.08543525998379486	1.0815847700474648	-0.9079006487288979	-0.26039509635357605	-0.22031802896872002	-1.072601865288571	-1.3841261656701973	0.17450675485355366	-0.17545253198611746	0.7799511874198106
-1.835156087639389	-2.0173046326257866	-1.6097816850477316	-2.6967244246047164	-1.1907073069784762	-0.9858580299295374	-0.3335172960673179	-0.6374838697531546	0.0572174697611028	-2.10358827322593	0.7401848263906288	0.7649513635257754	0.048878376324629436	-1.6445899860388196
-0.6618644975408015	-0.1848766468350409	0.7372998625666444	-0.19676262853563317	-0.651755887632653	-0.9870427505296118	-0.6811639077933589	0.0947102777448452	1.7100282492667442	-0.2855260262732776	-0.680446889252946	-1.4261181765437547	0.37781721707732346	-0.3172662568974127
-0.4509072836983006	0.1122769884875545	0.09900193641927994	-0.14463170564316746	0.36492655829131787	0.23965347565589654	-0.8773354432329943	0.008130002064753256	0.059031808813019726	-0.8499986202657654	0.44597490793351524	0.18564296498903052	0.6758389018784745	-0.027768793126992358
2.7579216451716206	3.6492647519726704	2.3338327388727707	2.0839638368458355	1.8751286070328694	2.6294340654033364	0.7586949416541733	2.9428825435363093	-0.2154482432044163	-0.18390700620877748	-0.11996853062336646	0.7210089252565303	-1.274213148052589	2.138377855461403
0.7414361727342151	0.20680687742420867	1.206463208099553	1.5127794346627823	0.6839180093735803	0.7201933887546913	-0.08117981085782278	-1.1941675564981182	0.1262171787481041	-0.18170048275718623	-0.18680039312051708	0.22754107890163483	1.6345163937282068	0.5964041325774382
2.5703874616615057	2.8456011676252677	1.1077363838699186	1.7809339051598319	1.824825607193958	1.565229168203566	1.547796678143205	1.9805580665860254	-0.8334548674010958	-0.16626057749118764	0.28420743739847515	-0.30455028287784075	0.44789545907872286	1.567687235857908
-1.3852838677645622	-2.523404823168206	-1.7216683346613086	-2.0222846108557118	-2.7752500429265243	-2.252483410859063	1.8092820367458586	-0.0997934166998729	1.3058382513238453	0.38596504371637624	-0.5181070283118165	0.131391256163223	0.29558023954780965	-2.522644821057844
-0.9272163468138351	-0.9160334531814138	-0.5755222260639705	-2.523275904778024	-1.1866563938820183	-0.776698014777914	0.9016556922622042	0.9200997943773374	1.4987252919107186	-2.092171767740513	0.4690638433137311	0.8306944758189652	0.03451139327898297	-1.4749956084636129
2.910966524551538	1.829265497432193	1.151079116329953	-0.06443066022632782	1.1165592642770976	2.177868639154207	2.5407018303465434	0.8235564150825115	-0.3568046167742666	-2.6687412642425135	-0.3644166463477527	1.0299617047529444	-0.13257504697793343	1.3616466577782727
0.3067280654224552	0.22140483392374205	-0.06660141970830771	-0.23091455583984433	0.5755092697323358	0.2541887033676632	0.9421320821575537	0.7989964855859676	0.34255782672929064	-0.28920534203388265	1.3891954878815171	0.5468064499790308	0.07657974964607348	-0.27330900735705316
0.5226808863029822	-0.3194548041264599	-0.05107822661507449	0.17696753026349674	-0.3144113588545896	0.31386541958967534	1.0505248135802334	-0.4529826694488815	-0.0010652201151277302	-0.19040473190449433	-0.39386182935884817	0.7471666786219135	0.9859326491970528	-0.2448517322965416
0.3127771300136065	1.0950242833605355	2.715940259987501	1.5781521091938064	1.0224959812679384	0.3102458751611837	-1.3281311750814409	-0.339451309684593	1.6286228345263272	-1.4751680209264928	-0.06526957804543586	-0.800745000766256	2.06536176345983	0.8856227164793254
0.6225732088246017	0.09923164377990984	-0.48276202083685055	-0.2641427148572568	-0.38407689438430914	-0.10668488152028932	1.23025328891904	0.7339061588660889	-0.5826390534985298	-0.26012916604062924	-0.08559021286291513	-0.08939803293266074	-0.6356352028754895	-0.2139850109646456
-1.567078932222044	-1.5707977944341094	-0.14587306635471226	-0.08913585027403265	-1.2495295032994125	0.2228004044083387	-1.9094880903743057	-1.5412562792088176	0.48911572896088285	0.5401940015872319	-1.0196152297441075	0.968332804408778	-0.6329199512268664	-0.5194600366634458
-0.8473169633398552	-1.1402959793425733	-0.06807536255838548	-1.7742168689932156	-0.8209518287840489	-0.6774575949142364	0.2716540110808359	0.8286844009620749	0.5686844474977159	-0.9477348269281359	0.983991147384904	1.0712264546598513	-2.028063081553547	-1.2318940036091088
0.08209341407460594	-0.22449600640386103	0.7486761875592493	-0.09080650044899102	0.8011292168826771	0.13983113246851972	-0.22197884164967918	-0.523317575833539	0.9479664226578656	-0.6508867568724562	1.1839274125607706	-0.3432143467006923	-0.33785975815845104	0.15706649072795256
0.16533463516014246	-0.5080582830550375	0.4829915705816592	0.4492727950895319	-0.10555291333139227	1.1842220461183497	-0.9410287802202727	-1.379685192047584	-0.6574306574025531	-0.29466889087288084	-0.8076198447415108	0.9191273092256208	-1.243125257762158	0.5683778837259446
0.42841104455050216	0.8314857386740981	1.218702519035783	1.2122157037836312	1.6101959997708941	0.5833952112426587	-1.2920239340810953	-0.10305084013806395	-0.03363296310246304	0.09471635836807749	1.1551019142363992	-1.0241930844802192	-0.9063535368823946	1.0745869501334155
-0.44860752161075346	-1.8272862299749633	0.23570123234851764	-0.7132690182514747	-0.3060072946980025	-1.1314461103184388	-0.4051025619544026	-2.046226004614687	0.5263833077589627	-0.6869873679660341	0.40258500373302536	-1.4069817609976443	-1.1873379550334473	-0.36208303619946164
0.8648438698349139	-0.45241713927408767	-0.4058068692369944	-0.1578448823300379	-1.8538469405648141	0.6550942862011726	1.1552098401858626	-1.0415681653276	-0.9359107729991932	-0.885417875837027	-3.3772405900685993	0.5031989945649344	0.09247187434454816	0.15402938505356276
0.36788316633615203	1.6655695520555054	0.9434597244474363	0.3875563829576568	0.3530335392914501	1.146810787656073	-0.9570869341651471	1.1435221382820275	0.003954452883428021	-1.4388993379796613	-1.0220333431424842	0.2800773407333644	0.7411512350278389	0.8312260220807213
-0.5621652294202212	-0.28370065430178193	-1.231965230969523	-1.4210310210959383	-1.9924054963608149	-0.17671610807472116	1.0014104971191498	1.7320579621524228	-0.05772880437705539	-0.524487434675497	-1.1203768191562855	1.4626833844147866	-0.437036507426327	-1.2355281301079701
-1.5500052883283928	-1.2011168418742337	0.2512751405266005	-0.12070904400685784	-0.25842742565901167	-1.4854770084390272	-1.9055750217633574	-0.33610930029616853	0.24877642340509454	0.7815401278657383	0.9173876000846387	-1.3356030129347412	-1.8994380052213022	-0.6195636606522722
-0.6504633229493939	-0.8535916846985121	-0.6627978045787075	-0.6153462851755174	-0.6157786319959531	-0.6189813586324278	-0.013821913693152508	-0.4326790615795699	-0.07534044707272286	-0.5381397658670443	-0.0018931523386685523	0.029433553828911427	0.8632541219015721	-0.7666350721310846
1.7542194293137428	2.4472472064736897	2.647323280736648	2.249352382526946	2.2614717449779915	1.4443269998196042	-0.21459664701114975	1.1123079204009103	1.32957895102203	0.4377321013764939	0.8015476923400059	-0.9713779079944432	-0.27367129935873347	1.8345967141048902
0.4124236637420116	0.5345583248161493	-0.6714410005515581	0.9420500387162756	0.7914676624751475	0.5293734568591051	0.5759011567117933	0.6784061539698713	-1.3291434066082641	0.7890136360346852	1.1583047200618528	0.8184582453451901	0.9925972542512487	-0.07100481841602321
-1.2674460702174908	-0.9054892847024557	-0.7887997641410232	-0.4144226426116263	-0.7204833403460033	0.16228749247613328	-0.47476023040342175	-0.010914926064703566	0.09779389160457234	0.09125499773373104	0.3893788753184432	2.0558347997509117	1.2122648031451047	-1.1413932896926544
1.2228552998986948	-0.7754739717762744	2.140046288984867	0.2078826013472066	-0.3183745918129548	0.20236241979582267	1.821854775221874	-0.48563498289957274	2.4101633522688637	0.4478601821971217	-0.07703264890691547	0.6167749312285553	-1.9779439659323204	-0.08850418885006663
-0.682574990741876	-0.40643510247726417	-0.49441975087699475	-0.986848383066665	-0.4854983479037517	-1.570282970463217	-0.06909631123744549	0.6737222514595762	0.29966155410685885	-0.6580779955881548	0.5364054677202701	-1.7190631354622314	-0.4655355250116377	-0.7175613483506823
-1.5321882006225758	-1.9770335706911957	-1.4581618992165752	-0.5638609718314977	-1.2999663296782142	-1.9812512679276673	0.5975850068939158	-0.399216634128331	-0.00877548762918124	0.5504895635458532	1.0019439294894072	0.2651823288409706	1.7934585103031533	-2.0961952922748277
-1.7222929525214516	-1.8862670405430477	-1.3556948842314493	-2.2897063311042825	-1.8313142168032377	-1.5607566096407093	-0.5008853121069012	-0.43642672544732325	0.15296240088000407	-1.4866439002022909	-0.35471147571741257	-0.3638062522502359	-0.5652198846135051	-1.5113670283519527
0.7358624262992846	1.1645140614184821	1.4294747823306695	0.6443756497364175	0.1497550930004271	-0.0459149648819972	-0.5294247392097471	0.17141136135450777	0.6847232424280661	-1.047026305212168	-1.5181539571899234	-2.0586571749761733	0.31327035227296984	0.9990131741511836
-0.4065615950113842	-0.018369320728978455	-1.6212304383774996	0.5284342357138896	0.03306425095028964	-0.6765440331461776	0.45643978055362305	1.0732111583900397	-1.5149367688735345	1.604147534044954	1.165323198776632	-0.1553844599116046	0.4882444248070838	-0.759944900724419
-1.3613645288057776	-1.8341532265274119	-2.262157626074873	-2.8361143005134766	-1.6634082578037948	-1.2120238927849476	0.8077593639784995	0.20041022658877355	-0.6368167212277367	-1.815483276846434	0.48365732832195457	0.8215796427954848	-0.2884534518360759	-1.8967086721134607
-0.0911645618526481	1.5903748437588758	0.9264159787880502	1.7711943513937185	0.5155718031533859	0.2747096434384302	-1.5251550262440956	1.5410846564954352	0.2282968580865831	1.482050822731682	-0.2546902091408167	-1.0983950305476433	-0.4319705308497841	0.7521181560315714
-1.1366203017209788	-1.0312848875214444	-1.5276470726444757	-0.6487593090789707	-1.5268795852882016	-0.5171018551538751	-0.2529224295376776	-0.05775869619069681	-0.8951955612187974	0.24630578888276386	-0.8837513031118795	0.45615186112449374	-0.0296221950307067	-0.9907052308008849
-1.324281386499056	-1.409696797655296	-0.9463607777498751	-0.8452233060111496	-2.3045669511748974	-1.4288948950884959	-0.5877187290193305	-0.8138518531246908	-0.00783697255302303	-0.38597695037096164	-2.2682086199857445	-0.7616301683623243	0.8855326935709892	-1.0984922244946795
-0.46357910649287737	-0.7343873166658609	-1.2999142311962442	-1.1403636449264596	-0.7047247151207071	-0.9036409465984878	0.3639769946543973	0.042486649407311124	-0.9819098692888647	-0.9739586892446821	0.09145395056329235	-0.634012568407857	-0.20395666303872098	-0.7190879737025033
-1.6048611909019925	-1.7363843324715118	-1.073015273982914	-1.7069818701652901	-1.8166301551441069	-0.8966162326668767	-0.10395722351739213	0.0383202554746567	0.8173834550141192	-0.29695836096149775	-0.10773418704125017	0.9615414226771923	-0.6088984145649243	-1.637596802843321
-0.06415691943445223	-0.6340054810299522	-0.5960393817691365	-1.4246141600384832	-1.191264848127942	0.2893073500476261	0.9523844791037078	-0.02752131369973515	0.11903856854645488	-1.7254949350576256	-0.9499179890724752	1.3794378545540351	0.48771791689049626	-0.7150362761882104
-0.6935016362103662	-0.4320385778088482	-0.9517649450106072	-1.2720273611348434	-1.7211851363283317	-1.7873776038616986	-0.07486139640366113	0.6234703382025171	-0.4477089353357319	-1.1366810404148884	-1.5294837561559154	-2.0817505805197905	-0.430003217524516	-0.7201201372254552
1.0257080133882144	0.2966870984826065	-0.7136377199589752	0.03520326608137769	-0.8263317720718161	0.32497052150067957	1.0852770883655962	0.3532201424196625	-1.8453732277447399	-0.5063876884692452	-1.5502039022911054	-0.1020825242695216	-0.8394610924865635	0.25264723152812174
1.797835870833143	2.0041574642047633	0.8272039684394599	2.1286331246462544	-0.4951502249911255	1.4806344241007585	1.2609008708295928	1.6149782050112185	-0.35181319932489924	1.4890651314248042	-2.55053481205194	0.40402235186745383	-0.015370482451056804	1.0382446376882437
2.190530837025388	1.9601179444114436	1.8245818871085544	2.2595102609330793	0.6206978893841033	1.5594432753317236	1.6870650705362924	1.0939955839260231	0.5685754835812988	0.5119174183503749	-0.9477982816849506	0.9504178620376867	1.571718253329543	0.9893769433899211
0.397979318266245	0.9869806266860504	-0.03384526063799137	0.275734764090638	0.92938971943915	-0.34610896608499686	0.20911560297959414	1.81783106194584	-0.6821659434509029	0.14884112213548528	1.6472963358209607	-0.9227627100535066	-1.1266104572300093	0.12160408096454814
-0.9566922354951226	-1.687449686778443	-0.7751628923768499	-1.3509349265547719	-1.292358835083285	-1.559360890180074	-0.24030575275940833	-0.923297162882202	-0.012032815916572709	-0.8062668338143727	-0.30915173763595516	-1.2198349450278305	-0.9414024181716493	-0.945190905414792
-1.6881528732989735	-0.6785128633097863	-0.6314375792609583	-1.2194435096716219	-0.3811559065713036	-0.9734096843770164	-1.160996143332469	0.726630542361634	0.6589469040905004	-0.5245351068363973	1.2202449308207566	-0.19014742660298212	-0.3297152132253216	-1.0485481460817025
0.47521877717323036	-0.6567251574343598	-0.6751182574877599	-0.8253091417066702	-0.06896850439680113	-0.5315568198453098	0.8226783268226755	-0.2869276613742649	-1.4877773414396303	-1.1266791251391468	0.5433781689434818	-0.6017861078234299	-1.4392224059991405	-0.19672407940997272
-0.616530927324924	-0.9911868880674581	-1.619104803139451	-0.523613029872088	-1.0673164225412761	-0.39790555074572626	0.4141012981494371	0.14106614831465686	-1.2183601758866431	0.5388733170846719	0.0029553576599791426	0.6561815176395784	-0.5902703321855252	-0.9577725106191474
0.6400102937950652	0.27367805675645934	0.3546546983819204	0.42935539802097605	-0.19698894672433964	-0.40422831987095503	0.5627574117130538	-0.15213472122648017	-0.02131970974567996	-0.4725393984229251	-0.8818326940694833	-1.1211904359373404	1.0122871984394148	0.16250144980446446
0.30525745275360416	-1.049537472694884	-1.1578176287695905	0.2464487919584789	-0.04814868904144065	-0.01865984391213904	2.0074569778752354	-0.30818947295830346	-0.41984081551858543	1.410906717358002	1.3800755800574638	1.393100481683569	0.708694147755305	-1.0063626184709629
0.5163374683454611	0.2338791389685369	0.6450051453753276	0.8324706251378646	0.2339323538873216	0.35600719942532605	-0.13527899436853888	-0.6063074698286017	0.09181753013410476	0.057736288358293204	-0.6062151220672698	-0.7223640082783193	0.040375118008354506	0.589588597264027
0.8589316933192634	-0.5426949747353491	0.7552773168214143	1.245812771305515	0.26235219234571383	0.5650378047153464	1.4646018843216462	-0.874642119489648	1.3299762148610577	1.7691895750514746	0.4672724404639917	0.6900871762006433	0.14502612105719537	-0.04691492725299949
-1.1165589898344246	-1.1372618311975684	-0.9014247423342664	0.08733588934605474	-0.8712685707129011	-0.49614955376394915	-0.6471633082145738	-0.43345485937731537	-0.2299278738311988	1.2502415253388488	0.006213090386075435	0.1937450802375343	-0.4047676429217397	-0.7962353869868313
-2.143703141051956	-2.4408069317078267	-2.7240415579756583	-1.4183666818182692	-0.5816931491155233	-1.986601006813477	-0.9805731617212748	-1.5396606555647745	-1.9497496977899043	-0.29244331124648754	1.5819338661599844	-0.7747700824687147	0.7531679192477391	-1.6676441222185097
1.5800701281427263	1.2602508159639845	2.3583473434193403	1.681465588802553	0.620426208882378	0.8675771153558323	0.240331956063686	0.20739905249534413	1.492662269708092	0.4792223009497061	-0.8945363834823029	-0.9522216279452579	-0.8728412091857293	1.310379626303924
-0.07352921623023306	0.7283158973733631	-0.40897305421898456	0.4544442285459186	0.6394689043282754	0.6158105850315613	-0.8218289002349816	0.37328343182850926	-1.6128855214310078	-0.8075889807375483	0.31939508507302783	0.4795339294249642	1.2225386507425142	0.2598381081277547
-1.025506641185417	0.5525653463218179	0.9359406267383599	-0.7308295892439727	-0.9466780384990561	-1.0027070713796866	-1.17443948967618	2.5468671647820753	0.9601665946583581	-0.3422994601390862	-0.38029017409814286	-0.578513990744127	-2.13191529355598	-0.5491718938362311
1.3667222529684713	0.224391389575752	1.057141555445369	-0.11461295468146537	0.9676068860620883	0.3429162426721458	0.9631062541684896	-0.9584396271589258	0.506441003762833	-1.8814790146515723	0.2828660181166841	-0.952067774267598	0.3617649227482077	0.7271021813214659
-0.8698410244992405	-0.7800719104378281	-0.9936771843114995	-0.6139681806499308	-0.08622446911432363	0.36236430937550146	-0.592881775248704	-0.556912885774663	-0.9367785709945698	-0.893334605901265	0.6632598740172533	1.5419412953866398	1.067072029191498	-0.6593385848113299
1.7790287099792927	0.6310753236957133	1.7354638656885264	1.3445832941587168	0.21727760978427835	2.6040300150015057	0.6858765719695785	-1.2296277372398348	0.6463957965870891	-0.3763097077261265	-1.9191929866420592	1.7679534354973145	0.12069523008101558	1.344712920023411
-0.7681806152240626	-0.980914676389822	-1.0544963457734409	0.5519676539576867	-0.9138832641120465	-1.339193998856263	-0.23078139098568018	-0.6206511583852496	-0.6603274914464279	1.5436953338698527	-0.500616597376666	-1.3269728322897814	0.5334761447218925	-0.7152192103030508
1.8124836686962342	1.8502129231522944	3.1405514639244085	2.485037281224056	4.791135026657223	2.7962464836513337	-1.2352210021799606	-1.1855493607243595	1.036131048684682	-0.4784758026321264	3.7176117344828294	0.17643345194910479	0.308554248849849	2.4998316898169404
0.4201049701317172	0.5867804594202806	0.4561202605430449	0.2736774341524735	1.1699843670106882	-0.11224240832321983	1.1172945673690822	1.3050276004106496	1.1103240820303397	0.25078966525658986	2.3191893421678245	0.24784143988859417	0.9252170748626533	-0.38127951579863983
-0.4708013022315805	-0.9367427187122607	-0.8239190427181753	-1.516874692880316	-0.9592170525326411	1.1221725656916313	0.4368209720908994	-0.3411514645239577	-0.12456414146872306	-1.6429108189055606	-0.3785616891181342	2.790061161702981	0.09459105732023823	-0.7509700514619336
-1.153533639938194	0.6435198867014557	2.2646826691794213	8.205084102522916	0.05264120184314702	0.35304217479315014	-1.8253893187842756	0.4812752639308002	0.08607469893786193	2.2152220649778958	0.8369687776427779	1.4939875348209422	3.588918193699639	-0.36302891039695234
-0.633960127222705	-1.2553861591553965	0.7268574991907031	0.6282999715982991	-0.24237661464778756	0.028557497852024716	-0.8802933552347699	-1.1263876738746155	0.9720668019297893	1.4474279660913139	0.40474647849653006	0.48998322495046626	-1.46617772958532	-0.2863180089135634
2.1448145614536562	1.0341672280567729	2.3923981229005364	1.6519251388087959	0.34685505559012086	0.6469403591053318	0.9089993839928621	-0.08982987192407363	0.7859700897900186	0.3388966755799208	-1.4357990437448247	-1.2588082770352753	-1.6008937595881763	1.4082439031288523
0.6151008288897528	1.0465909875341013	1.014034389904285	1.0739697071479184	0.0494823750767307	0.39960571460029104	0.008142108594181244	0.6543245007161475	0.6503269426486025	0.21857401207888655	-0.9784342648940126	-0.38095441823084353	0.8149756912105336	0.491001148862306
-1.5872098547415314	-1.9465399375206518	-1.464840874344786	-0.28938251810398297	-1.60932103226367	-0.7620056128182566	-0.3725141162576181	-1.104532691409293	-0.371438784675	0.9676989559894893	-0.4578533269160418	1.1345442453526944	1.1776530053622196	-1.5193509237475198
0.6837834542558021	-0.845521650075914	0.025498432495072054	0.11363066952562231	-0.025370712586994748	-1.053614917791953	1.4679416304269493	-1.0382981838830778	0.3903597264475807	0.22626835181300214	0.32860485271217127	-1.7393892560478126	-0.0649129860987042	-0.20956014252632646
-1.0078795122037012	0.09913233542615585	-0.08283843572090344	-0.07183056448874811	-0.6053936532442898	-1.0110821277631397	-0.24951524683259174	1.4188738238763534	0.9233880367369146	0.23946566059362487	0.38540028167823503	-0.015396577585944062	1.4091773785587824	-1.0340274346114127
0.46557909104788164	1.1480291344152582	-0.1432083514367124	0.45037473290625385	0.24475260076447086	0.9148754258212077	-0.1514230927108858	1.0977814766631795	-1.1226028419864542	-0.4031020817101987	-0.40797421922403815	0.3227510196436462	-0.1745113243593819	0.524262513289227
1.6928590604512825	2.5014323459737464	2.0831856973991574	2.232934082275782	2.2269037100234073	1.8647682889256236	-1.1572812681390234	0.508481554793602	-0.4585451228325661	-0.31181377194725834	0.04280163979385634	-1.016809903762585	-0.5294886060591242	2.3022411343094102
-0.5457990884543479	0.3746573827715906	0.2520568770875501	-0.7190915011769415	-1.3066089165634405	-0.5851315616307471	-0.82786192294338	1.0610779073946126	0.5392058949001123	-1.1442694192953635	-1.7526237184949656	-1.0131926654309569	-0.5966373644296906	-0.14266188877923874
-2.5732719333403837	-2.653463442716945	-1.9402032190893412	-1.192600242470263	-1.9711387045898108	-1.3937770051531444	-0.8617294788676891	-0.995391514202526	0.19588196052969664	1.1060375609029873	0.14181640684002358	0.7732876869980818	0.007576712632972193	-2.0577438767220237
0.8840689649661015	-0.6087636494555033	1.1639401269045129	0.24268769854564942	0.26612330848182586	1.2963986518382347	0.4329882490228409	-1.4940616956357866	0.800514888184822	-0.5295160059607226	-0.08773150570221924	1.168135628573837	-0.9932478462526756	0.4863229371765038
0.762970004375856	0.7783038543495047	1.089096763564156	0.6851922395196758	0.3480846423322322	0.8493232589694025	0.2682975035582063	1.1712622742508676	0.22376089378558625	0.4005593623999056	0.23451099397722142	0.7659953426366974	-1.6555669062845395	0.4066598710558921
-0.6192863270836648	1.1762417881705205	1.0663413109520457	1.9884555563983655	1.3929019137779346	0.527500645581946	-3.4506933156536403	-0.2959458952749642	-0.5870420402233164	0.7142508520191094	0.06420905263741775	-1.7853543730140045	-0.2574866657259928	1.4053066584806977
0.9620491116154924	1.1312461462244965	0.11882680813508906	0.2615113916506861	0.9481382272280631	0.02315831653762568	0.7762945435386835	1.567502496697156	-0.6812067760579995	-0.3157438068155478	1.2245940301529394	-0.7858327838928666	-0.8906944768058973	0.3688835435673825
1.4711020275034739	0.22891724108839487	0.10388927656268915	0.9591228384197775	0.7587457470695934	-0.0015979599267140765	1.7829741982230183	-0.30526714165801455	-0.4364040701868325	0.5532624918555537	0.5804602027866765	-0.8792440100089304	0.3648298740182379	0.339111551279556
0.6030189605987557	1.4446290386852343	1.9102606569756408	0.9512118415094064	0.819388829906087	0.8187342974024251	-0.8892773252410061	0.5098796747977506	1.3290361736109118	-0.6499018227510044	-0.5319901598241114	-0.811872307240301	0.15259735894419366	1.1081817620177452
-0.5830527833396806	0.5639365545940634	-1.5187088156623179	0.5397455904196113	-0.07369938863896343	1.3743685449307492	-0.8836709770788547	1.1032353377580744	-2.4109969124362776	0.7274249111371754	0.04042208230731367	2.084192149343922	-0.11601128179697252	-0.07480239170138665
-1.6323631191058037	-0.8886038039734443	-0.3109269763666562	-0.3065542653158134	-1.1269932004129153	-0.6063767055792781	-0.9021877689737224	0.18561970740548003	1.0293647889079627	0.38418316221258264	-0.104558584830884	0.9865694590243003	1.279197595945016	-1.2558151476057355
1.1518507368655373	0.5125641288949332	0.008040511908575299	0.49218819251985607	-0.4202852226044026	-0.3006990630144461	1.3327849040965907	0.20452411450029667	-0.5730633398998183	-0.2833393458622144	-1.3278605833831567	-1.147474413011977	0.7452433042277713	0.24080099934920093
2.948368353411214	1.5941228074087797	1.9750955129234056	2.0453958026778896	2.869514341015714	2.606152898070957	0.8137854761762795	-0.6077720729197684	-1.3104930325314437	-0.44693657088663535	1.329637720989035	0.5553459817791158	-1.5647097632374758	2.271728003808136
0.9992963594887523	0.9649322018869515	0.7427972543800262	0.6464707743721337	0.6554943207020707	0.40540170724401087	0.6047269744780469	0.5473823825227916	0.18394065246116612	-0.31679247573544644	0.03165307913784092	-0.7115026617607532	0.02078141454003501	0.6323464894652696
1.7349168525818262	-0.08751844938293701	0.9509323646640492	-0.38243514027110576	-1.2593381873748777	0.6950645505321541	2.9788730965842336	0.6556068619167725	1.3817543207907375	-0.3617011720741764	-1.411192362937628	1.4373339808508951	-1.3066022510815811	-0.2195621163166843
-1.4190550707244542	-2.6436593285856285	-1.7203128918120412	-1.5921775916049912	-0.5648829133984252	-1.0196323518942856	0.04394989027348037	-2.095438047803162	-0.5488588641578691	-0.9024841116529058	1.4184995391031123	0.7500947710043344	0.9764395375407653	-1.5816844074118843
-0.42549095121447184	-0.36524592438876546	-1.4033838577400604	0.4497795228115784	0.05715918546993187	0.7050434460168788	-0.6874288789415066	-0.08416619667997143	-2.364237236499422	0.8429599159941912	0.5836353833392528	1.1940678157992635	-0.8782320024951812	-0.13909980588174636
-0.5154477458487465	-0.9492444193872289	-0.4649745189698104	0.8881347124193998	-1.0629188701695513	-0.004806953195589991	0.1318903024929769	-0.7404140423472628	-0.04550003005455577	1.5617542795891641	-0.8258634446699359	1.1555522855347753	1.2659030390388668	-0.7581766017866447
1.421747841046101	-0.45539962821316204	0.8671953500663876	0.15927177339347812	-0.3125819384942848	1.6344053576442812	1.6508000847561044	-0.9350272613376929	0.645115869492372	-0.35756797052148337	-0.7434939501135318	2.036995728034631	-0.9568958435343116	0.29699589729631604
0.06252011634475352	1.3265795594124576	1.6542277511201031	2.9102802701337973	0.6063035634644105	-0.04392418861452474	-1.1406036185024504	0.8258651197598713	1.283875775434993	2.745286204535261	-0.28159804316779413	-1.1680742377416715	1.2170836712078037	0.5876437533149742
-0.9965592483236532	-2.08365771739687	-0.8170210361278103	0.32795162268585076	-1.527127557089417	-1.852537544470008	1.0595639448772154	-0.8872938464340728	1.149261070720981	2.434454027455985	0.12707499679217119	-0.23051729589866105	1.1881269177122329	-1.7889067930788731
-2.7103597047693904	-3.0876471891954083	-2.750483743221264	-2.796012701304699	-3.613050264107276	-2.58593902364001	-0.29922047943797464	-0.7765751364161981	-0.313634605489484	-0.6326979137393496	-1.6530088232450868	-0.34407036756421744	-0.23959153395004337	-2.5737838005556806
-0.5417603017425082	-1.7698219602331906	-0.27857012526047104	-0.9175914557164906	-1.9053444795185832	-1.9283250720777545	0.9173296139633871	0.033616833857932536	-0.004160493693711848	0.6550082329681547	-0.7083284176508852	-0.7748220319270661	-2.296353188979985	-1.3307214227519533
-0.7428132342669477	-2.022876386642194	-0.2745176779044688	-1.841794025024758	-0.04059188636255662	0.31614054962705496	0.34264698294873325	-1.793712653902591	1.1599410515577109	-1.8285816709818254	1.510241639995379	1.8205954071385075	0.1382923455223521	-0.97430726340511
-1.046155948060243	-2.098835518864435	-1.5796285558629832	-2.1329188686960387	-1.6481707089833177	-0.8444057268719807	0.11228584977498837	-1.7248018410749155	-0.8237907077889478	-2.2910411207711654	-0.937496132274793	0.44577561950903566	0.8781552791504529	-1.2395854700495763
-1.4835185729571352	-1.0106692939595456	-1.231556419759784	-2.735266024588845	-2.6582819426786943	-1.4122706349940723	0.008362241780072452	1.5532559112185462	0.06960661279029809	-1.8690459358726652	-1.3299677063899464	0.36061555290239017	-1.396447274849357	-1.663333385720802
-0.0840890733204045	1.1896466928149456	0.2552088398453154	1.9902330123001546	1.1318078851700355	1.2986271512216296	-2.02557818959317	-0.07881521719959947	-1.8268578682509946	0.3636691424675519	-0.03519425072500987	0.5172045649912707	1.4066083433909236	0.9556141544565206
0.0008912612611971515	0.4080512359032725	0.42693905831347023	0.48904161183619005	-1.2520112216118602	0.17818498014359052	-0.2746943662348132	0.33153132058364376	0.41410310248887233	-0.013205579204239214	-2.406564417399471	-0.010834482146392186	0.8110044474526096	0.04693155406256432
0.87957484630734	1.8531654721744495	1.0596242086418062	2.0004788148741754	2.3030199648058405	2.597325139911035	-0.8504805384066204	0.691826974247324	-0.5914457662202166	0.43471325717233555	1.4760407122630586	2.0033163238427716	0.8634720123192497	1.2653748851622053
-2.1096437896659346	-1.3436107422444548	-2.414816940454411	-2.050974884299664	-0.9160307348225223	-1.7728693922425367	-0.8108102626753289	0.42940152633677264	-1.2732463605033904	-1.1424361987897158	1.1508345143321308	-0.3900458257085626	0.5437340767675422	-1.7099984734000269
0.7362475628608891	0.6075138741929496	1.4681368873634202	0.5388822922386214	0.6643983899301852	1.2201648228777946	-0.8324923985047383	0.010599462811263444	-0.6491984488449198	-0.8317391117182612	-0.2850063817119957	0.5018186080362277	-2.0558773055099695	1.0123296576081855
0.9353408363096456	0.5624414311723139	2.1645717820304817	1.8410830548469654	0.8275037085608828	1.6178483621590645	-0.4320937956689678	0.3042294659761076	-0.46598066208385175	1.496901378056034	-0.04431298407959714	1.4543964416309518	-2.7513508175019683	0.9301739150870431
-1.2635973085271341	-0.5835306237855302	1.2150092750125527	0.9073032663611769	-0.38827685988232713	-0.48262543069366853	-2.6885654553134555	-1.1174368875389649	1.4408052197661763	0.9594456615016008	-0.8149972022369558	-1.4433893952957084	-0.7521873550212012	0.23736897974208893
-0.3273786840836225	0.21157954794355185	0.5203540669156389	1.4628108183776483	1.278944288755359	-0.6294158183645538	-0.798590847525861	0.08153825379620663	0.6736068516794823	1.8081120581418002	1.863209066320951	-1.508885542425101	0.3670834802945544	0.089239899606917
0.17055450813930106	-1.5872561722043752	0.927488640365065	-1.1677254041433256	-0.15740081015668272	-0.8362387739304518	0.9580782609626339	-1.466110718421438	2.1705274113240547	-1.1991521172932924	0.8801478414723086	-0.7203910922200752	-0.883405101049842	-0.5309087209415442
1.8675714809245771	1.4828503110209497	1.8188277083303366	1.0600919119585694	0.49427815739690995	1.7209383268430019	0.06391711253841388	-0.1386319423390066	-0.019540115943507682	-1.251396282485338	-1.8094022875057427	-0.23614140903083602	-0.7540380805065043	1.7168370925256544
-1.2173536068383928	-0.14058395018325356	0.1815199499332049	-0.21694660366795507	-1.4823644417705797	-0.4937934942579081	-1.7479884621789872	0.39025696061278015	0.6245056746511115	-0.11639476444052721	-1.8564858890379292	-0.6699747759184875	-0.5759987725212785	-0.2595383720466659
-0.632131846181532	-0.38323961384924965	-0.4049968194849181	-0.1419542008982178	-0.3543278876474679	0.4520894833706333	-1.0657802046722415	-0.12568500340934205	-0.7529273920761912	-0.16351075362845335	-0.11926800469727737	0.7577671763773729	-0.9223013526753762	-0.12336834126856915
1.3787373402658138	1.0296570070015596	1.77825756021056	1.9016181759292832	0.7855196742837987	2.513860785082663	-0.3498552835520757	-0.9955042327620801	0.31420989129959515	0.0010875370790102467	-1.3793698452521057	1.4857902507585368	0.7527061413182843	1.4764183183951507
2.3286532601137813	1.7493388651247794	0.7732520604660682	1.4072582277334524	1.838269830986524	1.7786493600338247	1.5440192840653506	0.5621503262000026	-0.9891644663346629	-0.3638772542075982	0.712669318498563	0.4130543138202372	0.3466691345148013	1.3427148425018176
1.5012473572629883	-0.33636553731651475	0.43665020120262876	0.32270157923347265	-0.5130302869193031	-0.4091915173175164	2.017741650522678	-0.1952316500256647	-0.28710976272224664	0.30380366443801665	-0.6882414184784337	-0.8402078866422534	-1.5954028325564187	0.09985401921016784
1.1971059630572982	-0.40821861087927946	-0.40480684417302126	-0.041668341574139775	-1.3952813320752178	0.04387959224442317	2.0472743735756316	-0.2844527298852733	-0.5816005641267163	-0.05296569382091739	-1.9400175220632725	-0.0025562768700143883	-0.5763374639283073	-0.12227948016245403
2.2656587684750247	1.2399424966860906	1.3219303813889351	1.2858898131099912	1.7686172307788324	1.9153625564265544	2.490364840593326	0.642483515842141	0.6961082723536475	0.0073489761971815065	1.6143047968440705	2.0515511370502044	1.2064454359536216	0.6131632999900818
-1.2298968913212296	0.01563914207217576	-1.9291255235897182	-0.10204684195255087	-0.754477240859327	-1.428938294047725	-0.08535907784752321	1.9230430664587441	-1.260643652263562	1.2605618247710466	0.6648888965172777	-0.4627403545460925	0.7779151450667068	-1.293769726816412
-0.6219304717900762	-2.556495166491903	-1.7153342524496868	-0.8559805149783457	-2.0208524713165392	-0.3522635730860335	0.8362888502566935	-1.3851006226097515	-1.8725470251357248	0.7565981460402628	-0.8248652470383919	1.7624032701552923	-1.9327235308988562	-1.3388900867462805
0.196868691070767	0.23135080539188346	0.6461569651271566	0.10138124027654279	0.11960108596102412	-0.1711348431004761	-0.07935838396816157	0.5023036823867192	0.6046913794098999	-0.153851624840028	0.2745663824014026	-0.677123667761866	-0.9201646762283673	0.11400153120552545
-1.7585876221388204	-1.9354501092778311	-0.9430411575481399	-0.8353908328128695	-0.7095636902664029	-0.34288579336386993	-1.1419257033214334	-1.1798603323955894	0.2754079639395532	0.2945661368529656	0.8592063711280998	1.0300677296719338	-0.41991296851551646	-1.1435513161373743
-0.09405507075978689	0.1711423982972699	-0.1426458714872633	0.8667062039759776	-0.9699272468579127	-0.6789292778969638	0.13659364156544124	0.4506136199659212	-0.12937721051540707	0.9413018681331283	-1.372313216275135	-0.7197225985904332	1.1488691258808041	-0.32899959885844365
3.0209332961950794	1.7897747534112822	2.5188989459048097	1.1700229781938458	1.5038317440743274	1.217271847568207	1.322584593063195	0.44427207568844235	-0.9092742228346341	-1.3949444330226062	-0.5619392916608037	-1.056275270734596	-2.320684288969055	1.987348365792028
1.4143193236422111	1.7398134802622023	1.99948098024903	2.2438821453228908	1.8985706233188806	1.0647571208469802	0.5892792134180519	1.0246556951679384	1.4475682373619152	1.2751513655728912	1.3466195587155876	0.0705287161276944	1.0287720428995932	0.9192656545815205
-2.4745953981968922	-1.199602309044459	-1.1340973502241949	-1.3129230445896285	-1.3900552829892594	-0.34149701203857674	-2.3010835162444665	-0.009124850367733806	-0.011930491930357036	-0.5420977601483887	-0.3275821762020363	1.0109046302473579	-0.2654683003163423	-1.14103373876055
-2.96951918074139	-1.7723705648475645	-1.3566673596572634	-2.3977942460450197	-1.8401391650490702	-1.7232018127542308	-1.5796024903137493	0.633771569445685	1.1677162064220559	-0.7604064502851244	0.518406515279825	0.2853914686931842	-0.35245651796580985	-2.0821422029218137
-0.22643077494030917	-1.1386690509883568	0.18372661684858088	-0.04747406519763961	-0.6698731729504941	-0.30991664842486155	0.3806824961020211	-1.1461845660063799	1.1131417957996108	0.3312341834059974	-0.36434346244863425	-0.020870870763251028	0.21017375245379044	-0.492993061875287
0.27080856386315577	-0.030947562481836555	0.5434549384603274	2.0693489691442863	-0.988417978559659	-0.7427436953269044	1.298586770673801	0.38806532104274455	0.14074703254188903	0.7865613788368331	-0.5943514050851243	0.2836867837624757	2.465697680268608	-0.7569262911612049
0.26488638465017356	-0.1180782686020014	-0.14676526019590624	-0.6098986020891795	-1.4342944575343186	-1.1864441607978984	0.9066670014769118	0.1521837107077797	0.07483055614440018	-1.2903195365365099	-1.9751579504666972	-1.4243342630126146	1.0819145175372533	-0.4257713985341199
0.052089964586054804	-1.0226702712157663	0.9098591150568911	0.22006889076293418	-0.7726712558397852	-1.0789004148449957	0.5129169284729541	-0.3638746361221326	1.2727607984575018	1.0697624048159515	-0.19734561382297225	-0.9814435660440526	-1.7366807165137323	-0.45700934623974027
-1.2045230415476231	0.4991828959075367	0.48360990407908894	0.7464222612107765	-0.1384136857793301	0.45224480800596356	-1.7127284943153622	1.1017509929074094	1.1578942862229817	1.1430742909071403	0.043749299046790556	0.8681902013848042	0.43912996705238005	-0.24969369324738494
0.54401019627492	-0.3006593917403061	-0.48070736346097054	0.6345289443732387	0.4847592235993773	1.2644303446734257	0.7126027715630004	-0.5842997331041977	-0.9520410585896456	0.6362994535295072	0.724443867870882	1.6381475995678403	-0.1730409481250165	0.08452863774721583
0.031815972409449764	1.2433697286873302	-0.12733421711681625	-0.211165929944778	0.3006414178490457	0.5109165787739511	0.17658899207853312	2.228429598352968	-0.0733823186023225	-0.5295310508410082	0.6572090223023217	0.6582591751531879	-0.04946885429943949	-0.0837942594645626
-0.5968401380459403	-2.0746428548420752	-1.4856572939776416	-1.4743012478321842	-0.9567654742421942	-2.02752020436496	0.985193516027418	-0.6988630016872793	-0.8928707897361049	-0.25814451724116877	1.0137536010145274	-1.1438093544482182	-1.443437976491312	-1.3666374585314454
-0.013989074943988267	0.22840484561340985	-0.24632341138025582	8.491830826343194e-05	0.35273613914691215	0.3292659859309687	-0.6022306862922544	0.6372891422750913	-1.4916345522611802	-0.33453682706449955	0.6562569074860779	0.2817922795789871	-1.5647348010435833	0.15897832045707183
1.7708912669362706	1.3682163814163657	1.5552316294130466	1.7174931164406955	0.8684696414046581	1.2299261122973066	0.8588503365243078	0.09312097199986395	0.41963175324416985	0.12822640031420104	-0.6937907173751928	-0.0125526444006891	0.9533694919714893	1.1216698998221495
1.7428350753695017	2.4859467093872247	0.7367234533294237	1.6644337019874333	1.7768080431029647	0.9287334924871304	0.6836656040726365	1.813995448655573	-1.1134968494278732	-0.14863832408326044	0.6904975648541912	-0.6064566574332715	1.0351267270108375	1.1905240947917137
-1.341451338110077	-0.7694824138994669	-0.17997968158707067	0.5573630254093409	-1.102917123433212	-1.1596660422332068	-1.1855472910812437	-0.23309315374150924	0.7717185076340087	1.6440943987253018	-0.7887968325472776	-1.191824934764665	0.07212305806993137	-0.6440511332685476
-2.136180537457566	-1.170930712950682	-1.5219565357259297	-0.8142895679927769	-2.6843721654294646	-1.9698927597425067	-0.7403591782469445	0.843368893979628	0.3404206327321191	1.0670443431547965	-1.674376978791321	-0.6436061399551981	0.439043705277562	-1.7647607903939713
-1.6288216327638696	-1.0437912884172733	-0.19570780239570484	0.1018870749501829	-2.092398210208261	-1.3085070812717072	-1.1975271060598274	0.4105509650717848	1.0121069939589482	1.833674758307603	-1.4140216221428306	-0.5498043279552488	-1.1388255988500888	-1.0623567476903264
0.19731623959476935	-1.739137318050971	-0.6585529828956541	-0.5584658451374085	-0.44613379010032733	-0.4341873137764392	1.0675477734503056	-2.18675866598315	-0.3030649390680308	-0.5931016280430785	-0.02650205050110165	-0.1585878607753376	0.45709900897151257	-0.5185019202553834
-0.09075720180511238	-0.38564075255574043	-0.33148564684012144	-0.37345705721816186	-0.963091000275516	-1.4519705514191183	1.1030695837500146	0.3881781522844281	0.1273025188123329	-0.7655494630425367	-0.359513342347101	-0.8182123822567358	1.6416665139148037	-0.946880946709358
0.11738492980761073	-1.310272350358248	-1.0158792532995202	-0.3656291108899302	-2.032770994834095	-1.2614296495581936	1.5191952536550997	-0.8993567022074399	-0.32680733717023563	0.2767203508083426	-2.093623052868337	-0.9107865609621166	0.5657068503432278	-0.8837996991024298
0.23619010561697762	0.6202569165860009	0.5287000133312083	1.7486883092025405	0.6927571617718322	0.9594000987454472	-1.5831681949040128	-0.9573191334634481	-1.0371748396638913	0.5708066233072033	-0.8346449291763062	-0.601070060600379	0.32172324232428173	1.1303037481992133
-1.7327873377746272	-0.5807046601236001	-0.7298214159833076	-0.7269417990990391	-1.0409098556522787	0.20402876938783687	-1.893905144653675	0.02612423824972355	-0.2140502990576303	-0.551048879889591	-0.7408834755637688	1.0093641420593262	0.02572177719873774	-0.6015235585131818
0.06897069600223182	-0.6082704228707335	-0.25796100959436175	0.8841367206821886	0.5241708200474395	-0.8707654409213978	0.5360487880713537	-0.24966897446571082	0.032394011001666605	1.8584594026477592	1.627351346895362	-1.158539226771704	-0.5748758579388256	-0.3434938666035419
1.2950804764926203	1.800493187963836	2.0187206290225146	0.5679047380610313	0.5420927318582123	0.3862058468683417	0.18087824907515299	0.9802047854648676	1.4240776235863195	-1.4808164110490627	-1.1054847483249264	-1.453322442859873	0.5975637787759257	1.0928575609297302
0.6319057507982555	1.187165591181134	-1.0161048667770867	0.3624107453400808	-0.08775788391663791	-0.2255498083943438	0.6957294235498415	2.318771806006427	-2.3168109826555465	0.42672899459480473	0.08843583295215213	-0.5578789365218751	-1.2721162705067677	0.050325761678631745
-0.14041924512741505	-0.150575746520126	0.068783096990788	0.9104430903710312	1.6538559964877	-0.4850841909035741	-0.6488632245215599	-0.6780469925793564	-0.24295700884451363	0.7408018411229144	2.3307770071038014	-1.4556345058986722	0.2962249614156789	0.19700745674435208
-0.4665372346642941	0.8508061630477113	0.5693908057854526	0.23161190689116568	0.027765863418213466	1.1860868552558177	-1.6177972150647453	0.8637980554112715	0.16339120649686764	-0.5334022422623733	-0.513700941845583	0.9684388577147041	-0.4716706028443582	0.42686145036982
0.29643861400668287	0.49255571363330186	1.7213675155907786	0.6659548556959679	-0.045588525020052895	0.8127132733060938	-0.4329555652697569	0.0005145218174145908	1.9839567979364574	-0.04817573158794743	-0.8966469267454948	0.14998912035774015	-0.16613225520932098	0.5254734515847173
1.7581803048570463	1.8188285698089868	2.245993300914514	1.7984754382599248	0.2958950722916489	1.9998714633253625	0.1591465597794583	1.420544254861582	-0.37897276517819095	0.5895187995428646	-1.6302619374878717	1.1785402726948995	-2.2900492317604284	1.4245118632441232
0.5285184167565993	0.19691738028135475	-0.23202602455874688	1.8328095675382472	0.7695948453958763	0.9178932506414716	-0.4751627795616759	-1.0281483714428739	-1.7289530225124996	1.3646738787025878	-0.0736811124996472	-0.1447747119953488	0.044262214636126174	0.8049539602198539
2.007119690922526	0.25622392726518894	0.611975247175987	0.8411138170361689	-0.03988784535261458	1.0174065704637676	2.167351991855943	0.018027621761756714	-0.5370017637080015	0.43844948898628816	-0.6198242503217233	0.7632496340138905	-1.4219377606892645	0.5297949063459878
-0.08420854728792004	-0.7011591131355245	-1.5857175296743784	-1.1414072709081586	-1.2562376378779667	-0.9155422065940304	0.8630478119480003	-0.1772729179674478	-1.5823806725314922	-1.2602548556251167	-1.1010013932342566	-0.7557081335098146	0.29376910755693414	-0.6535491838664427
0.9307364973494232	2.1962700522233956	0.194996105403071	1.1601342824644798	0.46236722183774215	1.21825328585075	-0.12388830503184987	2.3639596515499126	-1.3219208532735973	0.2478536816335561	-0.5401949934930916	0.25313477468572065	-0.6407330013499687	0.9060408615634415
1.6294190559619577	2.3158123015061465	1.3624458144826637	1.868755225052888	0.5283052938188761	2.0863611324920797	-0.07186673707567168	0.99032696782646	-0.5616209902120918	-0.2617223695738202	-1.9532901482263845	0.6846386677341976	0.8728423782220032	1.5470476451658701
-0.2512645347102037	-1.563339396792578	-1.0142775565993027	-0.6247217124085527	-1.4870637967324631	-0.9474405361747779	1.206063185835443	-0.6588081462668683	-0.018379205300691332	0.531811533885323	-0.5401315242931285	-0.09761998163510796	-0.5363505092717645	-1.060784407178104
1.2624418095760888	-0.4370299475520323	0.7877609100724288	1.2583598880199287	0.9966565819942658	0.2935482627118603	1.10620560707129	-1.9311228725701652	-0.17480096222419902	-0.16076288070335326	0.642146899240098	-0.2029679725108084	1.551184359227441	0.41140690414457876
-1.988640371133934	-1.6314582019784323	0.15750665976903022	-1.0963715434217354	-1.2575931608019952	-1.3878679053183713	-1.503835574040485	-0.9097835486315872	2.0988998258504696	-0.35267155177464865	-0.2866357610754449	-0.806082245424445	0.08917864552686232	-1.1034238019048526
-0.22457247781367298	0.4059818928389063	-0.32798458862071517	0.6455746175699029	-0.07647792274203305	0.6112261664135669	-0.5717763170720609	0.5266719529882504	-0.7225401831260343	0.5918036062403342	-0.2774489416283683	0.5121085066876121	-0.07254170245035135	0.10448706153602633
0.9014590418417182	0.44970738220762363	1.0321494189674558	0.16466964941593065	2.6352519331711792	0.8952129052841422	-0.1849975484826659	-0.7851023483094605	0.0855228472390286	-1.6025062218185921	2.856688345885524	-0.44684083136535	-0.24184539976580952	0.9691378711464618
-0.2299044932659563	-0.9277404828362189	-0.6134125107174144	0.7068483694215466	-1.0070419349013733	-0.9469634124489453	0.5556053915461281	0.47614424992875254	-1.1954799074138582	2.455343899726818	-0.07567922078760786	-0.08829921710007942	-2.114672509631341	-0.7904925308672022
1.2587728383692922	0.5191113255524136	1.720506448736209	0.2117785145030689	0.42303535160460354	0.3831424295140393	1.235530564031714	0.46429503397693217	1.9883933660732993	-0.46399378186696166	0.2768269406250376	-0.2610286349481742	-0.7979524720227149	0.4001247995707972
-1.024069008932063	-0.6972385761301363	-0.5048514426018114	0.23633915850948195	-0.603515692262208	-2.186357649889273	-0.160815852827041	0.36738359548261945	0.7637296312065514	1.56717453122455	0.525929234953233	-2.311529431752428	0.3486806011450292	-0.9874048536487139
3.2199276290840406	2.2113741936834668	1.856903004473069	2.7290861602271885	3.0672362280730527	4.100406125393995	0.42856958400065637	-1.082174501311847	-1.7876960897531016	-0.5638481432229044	0.34316241162204014	1.6547475857414031	-0.27084941413467634	2.9148487772975105
-0.19438004660116492	-0.021333341266483653	0.4878073827077761	1.7126975953055823	-0.4053401880776012	-0.5565966173675475	-0.18070261065790644	-0.023792396605354753	0.7591128264263005	2.1833185063477005	-0.5810107350281135	-0.656862834832442	1.1685715749090244	-0.2407722182850757
-1.4484786886781462	-0.8404778273245301	-0.9398611764648428	-1.1302695566910852	-1.534132517947934	-0.5805013810744803	-0.45448053717400383	0.5588502178940609	0.3948417444331273	-0.25747336465916343	-0.5972409265467269	0.660453484416824	0.004915487334498506	-1.1767710555278663
-0.5837747279079211	-0.28095625147262215	0.17538092006089975	-0.7485877586533538	-1.1861455350615655	-0.7174740070423102	-0.5611404661591297	0.7139446269055455	0.3223304592729179	-0.6206701068572859	-0.9399741913148838	-0.537012578753385	-1.42523462480953	-0.42427610265404336
2.8174240975450324	2.0368669125079615	1.138858440671449	1.7895518324893827	0.8683705133706626	0.5588146098326507	2.686838051381682	2.2729012514033484	-0.7194605659519661	1.2395404375625194	0.09805601564453831	-0.7141835595483098	-1.6764749235595113	1.0084211463778545
1.892564392717486	0.7316788237147175	1.363920080151774	-0.15054219997697893	0.14396602138311332	0.810292575204536	1.7340626518239457	0.1605739948368902	0.8879791784489978	-1.6940315210383123	-0.8312407912828346	-0.18475262105210485	-0.6085985438150998	0.7570541355756033
-0.17831955148056328	0.18531064634732464	-0.10381259918914455	-0.054039756802355565	-0.7620748922291315	0.3684448575948609	-0.39036261035880143	0.722702166554507	-0.31652197490375156	-0.1090573184828526	-0.8934712971478076	0.521725372069546	-0.886382413583074	-0.07103417086876478
-1.615462507226082	-1.1815948225313506	-0.9086775268831044	-1.615243867765167	0.1418413380754623	-0.44241814883580277	-1.7222857292182183	-0.596212599173003	-0.5271416071114927	-1.7155440452210549	1.591971982216639	0.1491131640697306	-0.6863277380457304	-0.6866017154184026
2.4424156408164017	2.686494329309227	3.150828212536557	3.4274585190786695	2.5292264211374142	2.570058620243984	-0.8923051270944536	-0.7086904632255016	-0.2850691233571437	-0.6462056434504886	-0.7564840210773511	-0.3326818802972758	1.640528560156025	2.783602895213323
-0.08425699564107245	-0.028173046813686896	0.9355128699176297	0.8081703625294342	-0.4472295956209593	0.448580659503316	-0.37095169820244733	0.034985682600703165	1.3782025069789632	1.0574918864841074	-0.6711135498637419	0.367102195150137	-0.5192051366245185	0.05467657095079491
0.10465909659706712	-0.3102502052021165	0.8500820621736085	-0.10024973931682263	-0.928824066571543	-0.4614889735616985	0.8158770979782832	0.02853101770623745	1.9749448174907192	-0.17251238008081954	-0.955362590072552	-0.09416692843333929	0.9608903747369649	-0.519546890773252
-1.2463988820990115	-1.6256706263017282	-0.46868283033301994	-1.0590173235897873	0.28924813205957334	-0.055408508365099585	-1.4750277484637762	-1.3571628457921265	-0.5261693033941963	-0.957101585914024	1.701109562902	0.7367150479592462	-1.3820091266117045	-0.5349710935041114
-3.218646774665851	-2.8207829904991595	-1.539089116347405	-2.0356437782039114	-2.7132610745007097	-1.563449016606276	-2.1626905710889814	-1.5968742769511883	0.5490435271644712	-0.8441835070345882	-1.3693280252183337	0.6334633838104452	0.9698041702792692	-2.0566192583843
-2.589510045785417	-3.0773733599291186	-2.506580198641303	-2.525824941074067	-2.633898955006324	-2.891670267620327	-0.5746700754792456	-1.390343528661542	-0.40149062334454017	-0.807340698872255	-0.6510994835310826	-1.368283386814594	0.129315375975649	-2.2690303179273235
1.1157028027293971	0.9455698440430932	1.4424615756604284	1.132878777450459	0.029784907288238127	1.9336796813997221	0.5824470137413483	0.3079534647890707	1.131498299531251	0.286770827705717	-1.2183549040614148	1.616954808246684	-0.01363815459926237	0.7635253960895033
-1.1606664816624241	-1.5779996467852304	-1.109332862082566	-0.2521994833214145	-0.6042553958997443	-0.989392668431748	-0.2365638508468637	-0.9873235283798296	-0.13501843657066287	0.7874941846075943	0.6534683698742206	-0.032937379716300084	0.6908367052896833	-1.1237728708152692
1.6735050740081145	1.8520626184460856	2.4845329207042415	0.6786960335082788	1.983627965722575	-0.016585811140224616	0.6588578891347716	0.7447173973518464	1.4898365926031458	-2.3088530095324544	1.1589906003032122	-1.8366999106323552	1.5848935088463205	1.0882534782657136
-0.07902669027821599	-0.6312918637048586	-0.6770149765184686	0.8002451583874219	-0.7846481762139135	-0.46867759984159746	0.17834289988511207	-0.7912995367209241	-0.7912642164336198	1.1740030799324315	-1.032234437231765	-0.5711771389021244	0.645871433358407	-0.28568642834398544
-0.011510299122386908	0.13950878607249573	-0.9517779774117018	0.16172351502226928	0.7666022517143276	0.08536229684251992	0.3987273945333145	0.6124280534485	-1.1241069382297737	0.2534803751796047	1.6670019094969293	0.42455231077750105	0.5563130323622639	-0.3392106524690571
1.0623210178556854	1.213259489331385	1.229426840000197	2.1019707944350086	1.6967865396128565	1.694932366816489	-0.2046477411561382	0.004972419786211773	0.112621117882713	1.0818084324872586	0.8219979883004478	0.7268398774961004	0.5888293817076101	1.092510161118136
0.7431883418555212	0.2591465179826632	0.3467864834663378	2.0769224558287065	0.40662056304679195	0.8178401720139215	-0.629022291137782	-1.5571783636497156	-1.452544650562362	0.8297734533618032	-1.2396209139200485	-0.40310540524677635	1.111799548999762	0.9710936263725402
-1.6103906350656405	-1.9081088201760947	-0.45616835205858386	-0.11333499939838387	-1.0980133580890772	-1.1788207819657348	-0.535452768598264	-1.182320741714904	1.1216325556831204	1.042611445654202	0.2735576486916586	0.3598200835520939	1.2732027214084813	-1.4533569194288487
-0.016263991314199977	0.6264995043678926	1.0014974655424775	-0.3638448644064908	0.9219171569855598	1.040699126521852	-1.1248956452809562	0.21025878113461668	0.6288374344029626	-1.8007578083193863	0.6981738147872671	0.453815975130156	-0.43233783901968004	0.5868118034910587
-2.015097997670575	-2.1610390444257392	-0.7290897938248793	-1.8156071319097462	-1.4061784064966234	-1.322374174950061	-1.1320103089072564	-1.0900992569792654	1.0661150919833777	-0.8793932524144445	0.1622934481634627	-0.14619967047560078	-0.47010473976595424	-1.412958542284989
-3.263667562172344	-2.299672007540725	-2.2359103468773185	-1.6968228570608699	-2.3599643189816546	-1.9069236484410832	-1.8506149535535952	0.165521849989209	-0.12377024696420154	0.7716404504683472	0.04654870121066105	0.33198588559582287	-0.6986177848577361	-2.2592615605627033
-0.4275952569079051	0.28269704661283995	0.17460045440537994	0.3375732248107062	0.1469711223088404	0.008362492814120298	-0.32731173350840653	0.7723290187687856	0.6252884996881672	0.349643115027841	0.5835303498500317	0.40085527444338515	0.8881218831817589	-0.35832474128478314
-1.7482311558814945	0.0695894876774692	-1.5979814982684395	-0.4624202061611747	-1.432168785379775	-0.5823801542037534	-1.3097511813811462	1.8932838002491064	-1.003471942573809	0.6616510912743487	-0.6108121677522111	0.3939130934005448	-0.2761522394087406	-1.0111503445902466
-1.54226707897536	-1.9014074782751562	-2.115509460073697	-0.7517274075393382	-1.494917891213294	-1.5249711807015744	-0.4372871852506852	-0.48155882537478906	-1.4850579517186404	0.9828332803146673	0.14611018716718377	-0.3664979684060902	-0.9798606252072699	-1.416500058008829
-1.5756518165678919	-1.0200153569209702	-0.976215548415338	-0.2055196461934264	0.29914158287629705	-0.22272241101028228	-1.9256642957443273	-0.9679564714602177	-0.9117355570719059	0.05582465688171093	1.2306322735886097	0.011906346333151347	-0.04802946942954244	-0.42963558015893116
2.0007493764057305	1.0940673031115953	2.8988599903384618	0.6947569466379873	0.9899601336165917	1.0677253447623083	0.63932883994691	0.19827251949472632	1.063890185289624	-1.20339164546928	-0.379519307790558	-0.3766409550688819	-2.0840105337923136	1.3919058981732222
2.040974841224579	1.3415842887419922	1.7524922194898571	1.5942630475270607	0.9406575679316254	2.1486491256993236	1.1821201964605552	-0.2367675222208874	-0.01760425210693023	-1.2044780944564	-0.636350671439253	1.7731255507273331	1.7833743972035028	1.126969922633824
-0.11773019482304958	-0.7956248248014953	-0.26220053168067664	-1.0129393263449444	-0.5479824559842212	-0.6848940637793249	0.3792132116911878	-0.7652372114816987	0.1970658323669226	-1.4805900274554	-0.3505821403295238	-0.7877156972729944	0.3261830443879832	-0.4017191067900728
-0.1350544461730047	-1.2194697771580696	-0.2863166536687001	-0.3066368967167856	-0.5829974527083348	-0.39790957137116	0.3023911245670093	-1.5615600833434715	0.0635636400549478	-0.4784222524752255	-0.48210155956899275	-0.2133678743941669	0.7009836989698174	-0.42273046694595035
0.6001146454011802	0.8617813003956906	1.067306462982679	1.0720879473114575	0.2200191313922527	1.1330371768291607	-1.0045068786591462	-0.13792748813321262	-0.22328456903966012	-0.1928467710197923	-1.2292981273621926	-0.17848593464667664	-0.7384252321615076	1.0922228397079197
0.019250884423760835	0.19192328485849142	-0.3734378663453942	0.7155638133456298	-0.05800560470393697	0.5549147507691978	0.008816820773161453	0.29210017757063617	-0.6023652300104914	0.8261796897677889	-0.12415816553924894	0.6265974765808034	0.1735180453318217	-0.018040430750254622
1.251110697865223	0.26101917926424056	-0.7898861848138942	0.09832959955123838	0.1912447156662512	0.1322617497077268	1.558803779486491	0.1715798366581853	-1.7853014227067359	-0.45981540212312205	0.050892788135393836	-0.48946486259052857	-0.43065404834669346	0.2442020869386681
-0.8097782591856054	-1.4844732897986095	-0.5863760916061063	-0.6822518778940391	-0.9226298533184248	-0.8639396091176821	-0.18740287006386114	-0.5208607699970774	-0.23328841957666546	0.24973709403843067	0.25742459056079253	-0.01017852458161022	-1.4692051542948188	-0.8781157969413994
2.2994569928633135	2.589583530830154	0.17555444061922132	2.3412304493509417	0.10456077588296164	1.3505847331452374	2.0183879013302755	2.290071387541523	-2.042748529570331	0.7774032930464813	-1.6564298739987326	0.758475682882254	1.5855018656275544	0.898440325179729
-1.1835026086835188	-0.22847185118941393	0.47728682691414237	-1.4316130042600597	-1.1436772140455358	-0.821643367881748	-1.0146424443314905	1.4486268448621358	1.1776783593436106	-1.168690578496102	-0.2918497273767227	-0.06361186849688888	-1.6428109685815397	-0.7690857643903873
-0.571240892618159	-0.5867702929218624	-0.495459835254992	-0.056733227341877066	-0.6300327820361239	1.0821235799620443	-0.49834295408113294	-0.5938293263771219	-0.38679687383568306	-0.1825016843686462	-0.6391542312993892	2.21770584784698	0.792326753325856	-0.3889380477607605
-1.4883006641876602	-0.9786869165681084	-0.9451052961916231	-1.3591123307098643	-0.3871178438849115	0.18766588325388717	-1.5291996150163496	-0.49012859881062487	-0.5662092818810077	-1.4714434666802843	0.4942687742689825	1.0344490994542193	-0.3038346540760574	-0.623842826466522
-1.1411027561733296	-0.2961325720415441	-1.0074557600741205	-0.4754126144358612	-1.2959125050800842	0.4433625457653353	-0.4039227668090495	1.2303984031978485	-0.12186752397927987	0.578417409438088	-0.43860995160503674	2.029606913403978	-0.36613038358465594	-0.9611455372433221
1.251184758591155	0.8164033874356987	0.8521044990532599	-0.672925367681037	0.7062646901639019	0.6176083542680069	0.6395410263581385	-0.08753962220267515	0.00868497589372024	-2.905850918146977	-0.2709929174775915	-0.7075333169023272	0.12605914398314347	0.8437153319606752
-1.984705265163341	-2.1212977960568837	-1.6724513248518618	-1.5960368066383466	-1.741039512427379	-1.6681556784523361	0.19215584255352317	-0.0358174548943387	0.7264014175278581	0.5059507897091448	0.5979512117851009	0.4012129075605806	0.04439519453969701	-2.10868636202822
-0.8871870032173874	-0.9057930843003859	-1.2321318838421993	-0.9800954335650471	-1.06660461648488	-2.7029369700811428	0.409089951187872	0.37611172740812676	-0.13446928064659458	-0.0832551028892452	0.10817185056285358	-2.912802957068498	0.11263837766875145	-1.1539877962790122
-1.4081143008329702	-1.900836661049687	-0.6948553046552004	-0.9680443361155313	-0.950441185906494	-0.819353581664559	-0.6824690074527409	-1.5380944111897137	0.554986803596504	-0.3720999286151038	0.05386082750503705	0.1513121884195389	0.5257514584786996	-1.0831303060315989
-0.409521178978837	-0.906234686175609	0.1664416495615163	-0.04128397320058228	0.6959789016711991	0.7613584005192606	-0.830279447127423	-1.1235511667712734	0.05570158615302736	-0.12565196440737822	1.502561401705152	1.14579629380455	-0.9407024050485666	-0.043963505103131635
-0.5857190383274826	-1.084092312889909	-0.8027791485635766	-0.3285745232085205	-0.579008973402412	0.03827759801368369	0.3561930700580486	-0.4836533519679275	0.04837243137996844	0.4304803015397306	0.3590602726575424	1.1490148208088236	0.254055958421486	-0.8447114933934496
-0.10376180126645229	1.734753516155781	0.7335327171575967	1.0363139233408445	1.1873764166262162	1.2388577071403295	-2.0936808930939734	1.5398670284682996	-0.8054888988826412	-0.08226239405225294	0.5731895155353578	0.1994227426786844	-1.009954895704471	1.0128242782156955
-0.41664514540667463	-1.3333276653095942	-1.583903201033031	-1.3009992564747472	-0.994253740495142	-0.03848431464500618	0.31193407307228016	-0.9101517691495035	-1.582474444718635	-1.2260403995730322	-0.3521771485239509	0.7875152582114632	-0.5070205301234982	-0.6858324977951926
-0.3152304088080162	1.4825853410137144	-0.08300185685368866	1.306483316572477	0.7038613567000439	0.30247826590659077	-0.8533168063169978	2.1402172258389545	-0.429947103113282	1.51015728755212	0.8424832793196662	-0.11158169230220981	0.13591622183940366	0.17127176114246093
-0.28354312489454514	0.1295050963054889	0.8560317746130219	1.0978341392525712	1.4062877436580528	0.4153672394306691	-1.279732824786558	-0.7169528720111246	0.44255684787473576	0.23771717440192128	1.487306836061012	-0.0024536802614325676	1.1356919315832823	0.3325384331955072
-0.31410892608623664	-0.029729459671332115	0.41333990057289427	0.21588965473702	0.7921808725441823	-0.20335854320056956	-1.002530795348318	-0.28974935317744377	0.2689842131116691	-0.23589129135961906	1.076872074060182	-1.0170905756834345	-0.3883389569042853	0.2217879436159912
0.5412862631162565	-0.6280659216462985	1.0731748209531669	0.02685086931733642	0.021476570240000104	0.5443981129058316	1.1125411766206559	-0.5362456553718319	2.051177557504812	0.18683624036286933	0.53959022550852	0.959195326760628	-0.49696242374895705	-0.2069260436734079
-0.03836345152526022	-1.0986351763000965	0.10556243665975368	1.2745012206752222	-0.81948842792316	0.023482340458594098	0.37010848506131383	-1.3997234054716317	0.6457221807513664	2.2190848210000835	-0.9343480870924846	0.18443566897541597	0.13305135763944095	-0.28541140454500585
-1.1047037782273912	-1.0081037760980986	-0.061146213489512435	-0.8629836072938367	-1.0222113535208157	-0.6497093859492797	-1.4481964824975782	-0.7288385038595797	0.1947458543131316	-0.94040407027546	-0.8033699877821406	-0.6442994379689945	-0.987963285341677	-0.3732080167140154
-2.510246331515945	-2.328169158648045	-2.376868135551629	-2.43490233230193	-2.1659896843116746	-2.4417933453946503	-0.4847637225916868	-0.2352016034737035	-0.2439798973994665	-0.8447787165376446	0.052256980364826344	-0.45643795490733385	0.6812180930794969	-2.323291815179722
0.30303000752612647	0.32919736421067514	0.6983254917755284	-0.04319350423210122	-0.25448842234510594	0.058746367566722524	0.011107054077512847	-0.01943171312817696	0.6443690772270001	-1.1247972082423896	-0.9623194055394667	-0.42260610172691276	0.8228595155152394	0.17628448898453342
1.4668611447279398	2.0252696925067806	0.43814799714427966	0.8160118980238186	1.6310506743914832	1.599320883244418	0.25893772573892065	1.186371894482791	-1.4172365503664057	-1.1661305017110275	0.5295134070649083	0.19539038778266005	0.14614005915463496	1.284218543986179
-1.3957887298328606	-2.126910685875658	-1.1033404869512502	-0.6618709458474238	-2.376380916699416	-0.9973709220024705	-0.42760049953966617	-0.8106034782863138	-0.44237393492478316	1.039834585642568	-1.414640866481352	0.5483640315620674	-1.5647426872463908	-1.3276000614545918
0.6073083601161289	-1.77841323395493	-0.34979476632930795	-0.29611390677781424	-0.47386043738962325	-0.21020057497912736	1.9761788033620538	-1.3925455001247438	0.23250486230004813	0.6032548539213292	0.7144895751853564	0.7037687801786504	-1.0868022091154697	-0.7255254920569898
0.18570073944499066	-0.576551978222807	-0.5096515052996982	0.0337025717201444	0.33574254980214857	-0.4071330162402467	0.9570800956775994	-0.3634783272751099	-0.17644810930078875	0.23084450890441635	1.172155850186284	-0.12819686378088832	0.6530088582160538	-0.4890667535009518
-0.573140483126458	-1.092382271834813	-0.9523380740597979	-1.2199591198406223	-0.8984134291183354	-1.4053174956406151	1.081008676177901	0.20240243699261795	0.5069139266349489	-0.36118165879143044	0.5273066575150419	-0.5339358200182709	0.308462745273711	-1.275516283085126
1.7957507714451166	2.7063906656897596	3.8179968791257632	3.6994419421265867	2.8083967775129586	1.3938751698578606	-1.0192665103371592	0.2071178628083522	1.4337181391783835	0.15143991825573241	0.7215268959114974	-1.2013316684861117	1.958845515491591	2.1903508449064297
-0.8525740756954461	-0.8961897198939681	-0.916484417392412	0.09168509795825508	-1.5082778377088526	-2.020604220913734	0.5026051729679338	0.7541866300566664	0.44272471031639404	2.0263074822999094	-0.27461151796957173	-1.5858425214460918	-0.5406307086227068	-1.2405755562034266
0.25494479345298565	0.040644069649502734	-0.44611084215241337	0.18687675161562278	0.7194980350460467	0.19376252483439496	0.2608400986461831	0.5939009278360227	-1.1627558710871218	0.32384454833622806	1.623436349702053	0.32721170871923894	-1.2567571937407434	-0.06434504830396212
-1.0031860820897975	1.0518115136845259	2.128471712580377	2.1096200485921646	0.8955787389127627	1.3244254535656326	-3.1170469495506854	0.18777132697207158	1.9436462854642178	1.312904801907331	-0.00215763888171739	0.8605677301365505	1.1047115998579968	0.7182063975296834
0.5459473154574208	1.3583787360104014	0.29201756975941806	2.152509283326115	0.10160834654801493	0.4330226586334757	0.16781210638587202	1.4816615945929712	-0.21413008663607952	2.404598872763087	-0.6025872908626912	-0.14885448550954572	0.5746271561312327	0.35445634802837217
2.0572131247415975	1.7408430432166877	1.8203536239693539	1.4233282907936213	1.354999254803369	1.0184960327987511	0.9470856800354309	0.3624389473373617	0.5640644311656653	-0.6069088945312432	-0.26151926555739663	-0.8594734347361455	0.706582797634312	1.3820631152874083
0.16039980982849222	-0.41134933763850423	-0.727699202124034	0.7217137337205273	0.1480643265189721	-0.7682989317707236	0.7013340367456833	-0.27993335650612045	-0.7241301980354069	1.2316407987795177	0.6581634148993143	-1.014889354414387	0.47099651468856246	-0.33758862667254447
0.13801081473961074	-0.15079155564397967	0.6731336431667461	0.6716369659848207	0.7939091742534738	0.47941838635444833	-0.6766462971037712	-0.7859993100937402	0.2461348650603784	0.19743769697724511	0.7749874066345659	-0.21476860099623282	-0.6283720435172403	0.4464824391157125
2.322989489809921	1.1491128368332364	2.725408024887756	1.5718920706050796	2.094219336539307	1.0717436465382688	1.4206881239168268	-0.6340189059626076	2.001068216471635	-0.4884507736627179	0.9903487381608784	-0.6246456925109337	0.975620198235811	1.3344001407636386
-0.4043205732082611	-0.285337317086902	-0.05975301682733969	-0.5643958916270841	-1.1179271195833875	-0.2538177700509233	0.3008644765166701	0.5113202850868689	0.8810795992676654	-0.2871661991200382	-0.8763297266733656	0.22447260707200348	-0.01830836261382264	-0.5884678156162588
-2.105929896423659	-2.019773960496341	0.20351794486407537	0.8393262619303243	-0.49156237257008234	-0.5163350392976335	-2.0654126182954387	-1.9599380528540913	1.8277863412920652	2.409005005387371	0.5965503791548846	0.44867832108151323	0.5573266461919082	-0.9552764580222678
-0.7139295769814833	-2.02155499390412	-0.39829463644399277	-1.3532066367700222	-1.7497660948183178	-2.109926957703665	1.4695713156091916	-0.8613893136032341	1.7255679212521522	-0.5180409659597223	-0.3015323911884276	-0.678824888296748	1.2780938778415352	-1.7603401813104866
0.3020237492663521	0.5211804872352657	0.7294236622865625	-0.4951840619071485	0.010107970872296757	-0.5132346270728467	0.981585574076401	1.2474694988278026	1.6002788147607554	-1.0093360783911924	0.4458833780796756	-0.3340488075534334	0.9824810125358573	-0.4237974145685873
0.18772060038783744	0.28383262543386295	1.030330113596195	0.9983877264882571	-0.2891994713003564	1.2257114815472816	-0.81300127297603	-0.6571963534264614	0.6342243099961461	0.19523042948173705	-1.6119723494357894	0.6411392608184223	0.1710236322411006	0.6439457110415197
1.512271240351999	0.17189844954741207	1.8496151334797877	1.6421864330531757	1.7627529472917183	0.8856064150268498	1.11880637292463	-1.2757346110260526	1.376455707341274	0.3615759651277397	1.4942536954848638	0.27488764802210386	1.3258404595077058	0.6721711242615025
1.5570505107949872	2.1941023032059292	1.9603598998790683	2.7230359616459157	1.06305601907236	1.727951931917492	0.3267705053967458	1.0734159669253018	-0.049802982851205796	0.013611507647354424	-0.4165067146247618	1.1432865795143732	2.0655493708903654	1.136942848872675
0.9174998834835317	-0.802047787097279	0.3712233899029039	1.5111425971735128	-0.24636790512555584	0.9107538402829736	0.7706223725732368	-1.9516351597726347	-0.08886431281132973	1.5623978206971305	-1.026147336135032	0.5026718894848416	-0.22666590956023258	0.4142664906783482
0.3115458561259559	0.16827126906838424	0.11472911351446323	0.7693520642529426	1.4926663207879773	-0.43443751087070925	0.19889689278396186	-0.040148082792461966	-0.11672373261336881	0.628055766366123	2.1671804394812018	-1.3645527905472412	0.039547861669515696	0.18445054640995828
-1.9269707984202062	-0.8186514721267746	-2.1702387340185925	-1.6209928658385613	-1.2696298672323534	-1.2401137527972175	-0.8222490864856667	1.0884162879540182	-1.1998696853278663	-0.5836846227903293	0.33673427378127346	0.021750253648348497	-0.09742916767309352	-1.4522154113645669
-1.483954298847065	0.09069965614594067	0.1717594624992373	-1.0277958620990102	-0.34917626598519214	-0.5166114478149854	-1.7999353936174878	0.712662482253097	0.8278779897893919	-1.7580698328603586	0.04148353474859494	-0.1113523978329475	1.0564642927965808	-0.5481906917652337
-1.1876520109416886	-0.5324333722978676	0.07709416096379212	0.03556226624162272	-0.6719751123846787	-0.4898687036827737	-1.5336495016892624	-0.442546338311739	0.5968771308227417	0.16977946533700783	-0.6750910576083848	-0.6784700158003412	0.07648228029413377	-0.282202025369651
1.9085212008333199	1.5092242123451576	1.6170981641868192	1.2285614414755135	1.7466858765216955	1.380895116932526	0.11389097811872323	-0.4274299587499346	-0.3251576717123834	-1.2344594162338807	-0.0320695310017649	-1.0332363562785432	-0.1946602753113605	1.8046142426573903
1.0823060437743237	1.2299643724377343	1.3671726466553682	2.1368441517303185	2.271334805689784	0.8480224864572051	0.3271907979449089	0.3911500201436839	0.41031491229266753	0.9786024250768444	2.2755022532513194	0.18931894161265603	1.4373082175257068	0.7078127168463827
-0.36251162990930985	-0.6647997008864593	0.7621775619057005	-1.7396019476301292	-1.399377069826849	1.2512446466168492	-0.0732486349851619	0.2370733576161071	1.3403541205819165	-2.133489039349983	-1.160566223358204	2.906889693679801	-1.5186738282999983	-0.503308949796124
-1.7473315116153012	-0.34001017668472744	0.09705147515234092	-0.08091604009365094	-0.5454179146586078	-1.287058258988573	-1.7595396650893516	0.9298810863357514	1.3553890900284027	0.9822554453789102	0.5770675468841834	-1.120152796741038	-0.5764684148210701	-0.7826451455219642
-0.7458239115347363	-0.29737093116794044	-1.2886447824348188	0.5782641644617522	-1.1995328567997565	0.6605675366957541	-0.7044602068111121	0.04206148281759122	-1.586853551780327	1.1671509640148001	-1.461518019817963	1.3313344017793125	0.07529322178782896	-0.337666465216061
-0.9577955885256116	-0.6913141438061533	-1.8247853458724732	-1.4704309144181518	-0.5716816729719671	-1.740671381484205	0.8608512031972684	1.463191457092999	-0.5305024909937543	-0.178330398395246	1.6617050701485723	-0.6922462064803099	-0.25081677786838197	-1.5190656624882761
-0.2801953389626901	-0.9106963610784247	0.6206775950181617	0.7198534972532209	-0.3072267219106876	-0.4382658875904449	0.0074776668224685264	-0.3668945466289772	1.2731747649849503	1.8436830713814831	0.5434509256254412	-0.10088823727481713	-1.2281961247616398	-0.44492040814871037
-3.556755584448558	-3.5222077193921955	-3.5335282134930996	-3.2904434023780977	-2.861595673786278	-3.507965979482237	-1.0384938798516972	-0.9830636689121834	-0.9672631370422431	-0.9325339157336247	0.11804740507888323	-1.251044534351666	0.11790585729998447	-2.9559506895048826
-1.055114494085202	0.5074333242576019	0.9935801803365157	0.8592529453862958	1.725768577565559	1.189371189961852	-3.1795991247561886	-0.26823835462085727	0.2856167767639184	-0.0519761360991082	1.7550656897230186	0.40748860900366496	-0.509538947361736	0.7702841265024635
-0.48196423044466935	-1.4127700978497024	-0.9299582868870668	-0.06200549247885523	-1.9778765661767088	-0.7005141510284464	0.2851649746766278	-1.2661911851256533	-0.4585730887499448	0.6517366603246472	-2.2080352601816857	-0.4094601552946066	0.008873981868143602	-0.6548301831479392
1.3912227676074247	0.06656510731829468	0.3802869050373615	0.7441064506268064	1.2171915217481726	1.870149123816589	0.4425445960030888	-1.5631699068801383	-1.1837580228522036	-0.7830960137274381	0.3526463729584333	1.018621159116094	-0.32484746257203867	1.0694365439607854
-0.7400880033578194	-0.6406005797458577	0.07529381636042731	-1.5223558734942497	-1.4028021607449765	-1.3538427083282725	0.06540656409188454	1.076433542415139	0.9029286269556757	-0.9899833822642062	-0.38915998399415297	-0.6359022966661649	-1.5856621794791732	-0.9693282692991063
-0.5522602148252151	-0.37408432075407727	0.24997682151842315	-0.28103295281914326	-0.4915690809902694	-0.47933703802639943	0.25410303275646584	0.5373599179067406	1.6493587263880238	0.3407205133518047	0.34327609588560276	0.14990720688571094	0.31477234029807344	-0.7594547395577363
1.055245237412615	-0.1346179943936205	-0.21177459504552032	0.11584001696726098	-0.04330169736407913	0.5620342665674064	1.4704289685913827	-0.5887083195833588	-0.6714464822744365	-0.6613503335324888	-0.4052462193987577	0.6271650307760359	0.8353080446600323	0.051545388424388286
-0.4087470305226465	0.2688732301263383	1.262855103612924	0.4942634698663858	-0.3286769071258627	-0.15908441571312748	-0.6044423602820436	0.5363007802183916	2.1871271320724817	0.5785691807246259	-0.4596163947771697	-0.5159585689968362	-0.017136647193619528	-0.04947990856597274
0.7174242176787982	-0.2722678253295665	-0.21332262987122813	0.9525203037490539	0.2731116805314997	0.1943828778174057	0.5366080033809103	-1.1184768375008807	-0.9679840973982139	0.5827592149111686	-0.20910214068324465	-0.602886758157895	0.19463504296712172	0.3598912685775375
-1.6724809552053073	0.9385468120463121	0.6513926140825803	-1.3229565474473195	-1.2035154372841674	-0.46381818238970085	-2.1402117366939604	2.275737370055703	1.7610247111295925	-1.8283377656052626	-1.2944196685966336	-0.4261299083390513	-0.09863760904212412	-0.40716808817868466
1.601743503156062	2.2379398209619557	1.7344195568346588	3.0630430982901333	2.04087186987613	2.3463313904710152	-0.5742834640264874	0.38620113814248935	-0.44816991012740043	1.196937276719749	0.10837459361782095	0.711080031986855	0.9852956049390774	1.8091600170886466
-1.7190484621073205	-2.337062187504108	-3.548566751289793	-1.4811089845748961	-1.356533453066658	-2.1518488942674883	1.1529672882474244	0.03171320743839488	-1.9664846657789594	0.9221754466361777	1.709059358033115	0.45263611767070067	0.9325168213187072	-2.542593476230887
0.2308984783246885	1.1410931098826933	0.9430890821660501	1.5478930275452085	0.3780488788384805	0.043027948055546994	-0.2639492931313313	1.248864114585865	0.965180048538557	1.5886255561676388	-0.022618877644096605	-0.8543572499639116	0.16678526509365085	0.35841758811244406
1.4311278837361818	1.7195243077212303	2.559340342890998	2.353977961637922	1.8353464663404542	1.201552066078479	-0.14790907679963686	0.4131023477357461	1.7663021989066487	1.1347285643199263	0.6060332219276416	-0.8223164886266955	-0.12408382636960716	1.4964796643537042
0.6578022553754264	0.4649900507429762	0.695117741225975	0.4904759643368266	-0.03488201563959625	0.4705340163240873	-0.03322191675560155	-0.39583362431366853	0.06873510041166961	-0.7562273209290947	-1.2181163475636367	-0.4703974079019859	0.5832603041009305	0.5858381645109912
-0.5018499348180316	-0.866928123002282	-1.4788523240774871	-0.30642044840061633	-0.6301810284630345	-0.5818219415049029	1.2279482341557924	0.9477493690631853	-0.3548203870172295	1.5065750131430864	1.3333265951506206	0.9557533784374099	-0.5478970669227103	-1.3259983310556511
-0.38735537440554674	0.4945240340368759	-0.19645891541525975	-0.44185256170550635	-0.4678606375484988	-0.25877558651365096	-0.6336095486145419	0.8273849558966934	-0.2621253584974554	-1.0777084821742504	-0.7757469775896059	-0.6686752114945106	0.24777748728202725	-0.05146243695754557
-0.4209647552838539	0.6913959579263254	0.8414795016969717	0.9591940849806937	0.32433579242596006	-0.10069974833380285	-1.029620834663135	0.5428680738842541	0.21007113540895908	-0.6324532430872373	0.25511477118447135	-0.027257347397468882	1.9137922528713744	-0.01708333697850199
-0.7947326680559732	0.24723665973748266	0.7759431647950921	0.9829672189710906	0.6063531909218927	-0.5204785388595513	-1.4008969973440186	0.7813698372171064	1.2104225070093306	1.5970428907004437	1.355516851044101	-0.9938644428029842	-0.7674283079966986	-0.06809958099344143
-1.9012070045124847	-0.9145240869667299	-1.1320921418414365	-0.05379620047420042	-0.23957666119500676	-1.6542100038812357	-1.929625956505359	0.11177856531994775	-0.6277029005431269	1.1516076894456981	1.2199906965569525	-1.6062658357959216	-0.6749911162284125	-0.8465930029130161
0.017653112371053936	0.6266210243278506	0.5592929476563657	-0.9044847936789049	-0.44282118547797833	0.9991652400585997	0.38527631905197707	1.3151543370523402	1.2345864587262803	-1.7535463240552012	-0.42913771283859603	2.025165052216964	0.8937807151458222	-0.3412277209327179
-0.9658241689763708	-2.9829701701603764	-2.233572170994398	-1.0809200767867624	-0.4917781160468955	-2.362403119403186	1.4165999711343489	-2.0938883409943454	-0.9550920545978133	0.3193924284425655	2.161191866305345	-0.7402656027374847	1.2619718739168118	-1.9790315403471317
0.3421952495313193	-0.18630605680819967	0.35429424572732454	0.41168404799190506	-0.36818140489090234	-0.1949628439640835	0.6790449715100842	-0.5257617991191708	-0.3999885297217327	-1.5628890453133801	-0.41416596413842566	0.3311291630639395	2.104893050793512	-0.2918275874953997
-0.01378685245561323	0.10067407255918867	-0.9888496272750508	-0.4555811743043005	0.13750412087089028	-0.48479955142692244	0.4025438766115482	0.5314746370558248	-1.2200387211233426	-0.847078792001744	0.6146387262734231	-0.4445951491324992	0.7385824288716684	-0.3659271954486399
-0.48503620124801416	-0.8263406433302514	0.4644275099517382	2.831623509506525	-2.28233787269883	-2.326068749827436	0.7989505795698114	-0.25377237401534997	0.24520747951447378	1.387093272857987	-1.870486810494132	-1.5140339672212422	2.7818635379488574	-1.2304499265108129
1.6039792928208643	2.227530660371344	3.2878375347890403	3.4755001650156885	2.9728459952233153	2.722558632402408	-1.5095981774166152	-0.3326497951974095	1.3465775012171552	1.4066667783331575	0.9089773691265293	0.09459072719774174	-0.21683504577049456	2.4704875466438887
-0.39804119466266935	-0.28483829944681793	0.27797591567300645	1.0994527859342944	-0.5170036593290812	-0.6401042914720666	-1.4853002183538833	-1.0259418877316477	-0.30186952163256964	0.9193426596006079	-1.4177114346065351	-2.067137705899135	-0.44438020802105316	0.4196028747963813
-1.8420195490610283	-2.5595628997003224	-1.8341638741027884	-0.16236271106298628	-0.886523029549192	-0.10730208626405446	-1.535258010886497	-2.7420994453086935	-1.466125164412626	0.9056877587008626	0.04749546235017615	1.1173359872858029	0.27847734811205577	-0.9699987021375174
0.03826979757371385	0.039161122086188445	0.6883195297449545	0.39332608116439793	0.05933068963077791	-0.46534390303899104	-0.6082362297543364	-0.006871641271814627	0.33528426541181516	0.11209190532271211	-0.03776654607483834	-1.3644789172988445	-1.0714083868437705	0.25756578421803134
-0.2309830416440941	-0.25497990142554994	-0.13613521524935446	0.6173758150447677	-0.5492978432276284	-1.1002341817088357	-1.0120873441322906	-1.1614993908910085	-0.9781415092290489	-0.30541789461687113	-1.5924421603920762	-2.3908670081819343	1.0423557742802216	0.23344857825301082
1.117877917546318	2.0623140942168465	1.6968691768467534	1.4313447491888747	1.3837275883585771	1.7317274510818248	-1.1324790970448857	0.8823882311993037	-0.17100524067670006	-0.5781224949932044	-0.2721133611455082	-0.1633431950129432	-0.7581557251698001	1.6845123005312244
0.26507701858561045	-0.31436729139661446	-0.46361608846918523	1.3736996349529158	0.6658405630660904	-0.5025518051960122	0.2189304586724485	-0.746957649116502	-0.9859887090224768	1.73300183427367	0.8867236163755973	-1.3837632918873577	0.0300540516665024	0.12779648773998625
0.7962220332174139	0.1326334004427836	1.8525159775907662	1.2710462269570364	1.415636684659408	0.1292667077545797	-0.1727020001321399	-0.03629059993122066	-0.046843518220471496	1.0064486181227494	1.4801057574902305	-0.6055779922964634	-2.4801126892464427	0.6504302982508046
0.335277953242219	-0.5984531647543412	0.2886197641953673	2.6791512027797992	0.20579462819490038	-1.2099702156653729	0.516548370182779	-1.3818818275872016	-0.7666448864923372	1.8452412360945065	0.4145204752125489	-1.4805638643244377	2.185127241920903	-0.20634951658620085
-2.6402438709967644	-3.887153898029949	-2.7461368533831383	-2.3671655044553193	-3.2989374740962254	-2.7408966810831417	-0.1712491918428848	-2.0185305703097134	-0.2884580517876342	0.160732092114719	-1.0410690051407536	-0.5431796134421721	-0.374567131595865	-2.6011221295249483
-0.7351572803739945	-2.106497850878665	-0.35849243866961955	-0.6386046753806262	-1.8327419319452665	-0.1932973614421608	0.43208157846232825	-1.5001804624809185	1.0976977036137148	0.5643002849385039	-1.0553489199704913	1.214280576747397	-0.5937973133818384	-1.0876301107137463
0.9651664971449567	-0.36484694192550937	-0.6904558159955703	-0.3995825508409612	-1.4408392612648364	0.7274447455631248	1.6148363676774256	-0.19275857962335743	-1.130423227639728	-0.6491599670399133	-2.0045085961239923	1.1396971849399113	-0.6978938073547282	-0.10961303268054925
1.3370231397796786	1.7405967689546047	1.442333389977918	0.9951971718329634	1.583594940914809	1.3811765433615124	-0.15059463257211889	0.6989448096324912	0.08123485853812165	-0.8888275493884299	0.43603173084853913	-0.31430027160885027	-0.2821847341898684	1.3776668300130837
-1.9530228382242683	-0.14544595256662607	0.18408898845170785	0.05597344168121188	-1.291033678954522	-1.9775664747778396	-1.919045863729614	1.2810865106708609	1.7002666651438407	1.2698388451602936	-0.6297208804748191	-2.1909128894330103	-0.3000838966463015	-0.8540810796398822
0.7870435642366131	0.2678705241378406	0.6861426455402346	0.5480446604481564	0.41042892140971043	0.3229983782790633	0.7640163874212157	0.35145788414956286	0.5849163875684268	0.4054304671117455	0.5633842980539158	-0.053733254721226434	-0.7810094054125358	0.21319767473061008
-0.280098560812194	1.340087557138911	1.8371778222982589	1.0957630599847057	1.4206686555905406	0.9327379114436036	-1.8728566705790712	0.8183657472881913	1.709686129286727	0.06629024411600279	0.9535541087714267	-0.09934394993391418	0.2520278648695932	0.7986625357920775
1.1180686407555651	1.677876209907435	1.4045185132096192	0.9220990840792986	0.8745949906234438	1.028762071945588	0.33211747705157457	1.2490551175262758	0.8686294604627269	-0.3660329086886219	-0.08750824190719958	-0.0321569856505623	0.34351202058442754	0.8597407352747839
1.0544043674006278	2.072153649996322	1.2767571217771205	0.8649946332083052	0.9454340579326102	0.9789353226671138	0.08390400139964872	2.1523665241806187	0.48531027913278973	-0.24690870479854327	0.2609588655586896	-0.1488417846051801	-0.6287985179151676	0.9064934390709843
-0.5301821063242553	-0.9013898527428721	-0.2711117559724015	0.19718249178559866	-1.258952655010278	-1.2967672088346074	0.48022779888307127	-0.2984453617977964	0.6097290582390418	0.7222099748961677	-0.7766056988907863	-0.5983478880585852	1.3227194076608615	-0.9868665171963666
-2.730802246141093	-0.9089600912812869	-1.648971954597674	-1.4963069614130848	-0.6733819654871189	-3.076855093093399	-1.8793520132657064	0.959306324574881	-0.5346932312973196	-1.0320781311347125	1.5243877500454237	-2.166878798563942	1.5158441568639685	-1.7877127173990093
-2.51763434772254	-2.778696372254883	-2.3630494429084794	-1.41781140513968	-1.5462262083812597	-2.146282412572857	-1.275587259879615	-1.1130140908963764	-1.1553838756395665	0.6847912746307055	0.8773628878642745	-0.5755734637981342	-1.0669537328720295	-1.8974971711426514
-0.07474642806952717	-0.04942034388744371	0.11904148351756495	-0.0660525226554659	0.4801695562258893	-1.0087899140057102	-0.21470538224830718	-0.20259225616167825	0.16145581611226853	-0.6104877820870298	0.6864047721534479	-1.9337112055105017	0.48715787388307574	-0.02529656496705192
0.44594270949832293	0.457417947721134	0.8192558105020267	0.5686611837144571	1.178778446961695	0.1577053832331241	0.10568153569366803	0.10682836064803215	0.7871800910495073	-0.06632042756338777	1.3117868348168524	-0.5822480507759317	0.36533700322643076	0.3202535306870285
-0.35985942970592444	-0.5201585150168747	-1.159031247647165	0.10422408983263634	0.0412764852315306	-0.04500181281029847	0.34124304862692983	-0.07008461751731021	-1.2331495965672479	0.23354644514476963	0.9632913542444598	1.0256964118552512	1.2381268684977957	-0.7257331182060478
-0.2911860012870458	0.323982339996611	0.6145201586648146	0.8190988575886492	-0.034400648674273615	1.347873672240994	-1.3056686575844374	-0.5423642393796125	-0.5592396598506143	-1.174923814524498	-0.8543207506218286	1.8557076386344642	1.8241281489168724	0.28457525384100407
0.6281370239501594	-0.5961852295040273	0.958869648072693	1.2645722458902784	0.8207988673076229	0.9576949585458477	0.07083316427544145	-2.014279771308402	0.6567857644260765	0.6768671916151612	0.35973182986482033	0.5055848949729064	0.6098989566836995	0.4904028419442741
0.08837073735223805	-0.8825251717396831	1.4831843098578885	0.5664537367476046	-0.02869117709377879	-1.4405512687688566	-0.5018268462302589	-0.9023079373757843	0.2766236672060793	0.6755515925693589	-0.06725845008665958	-2.3890647242135095	-2.4226276865591805	0.14338512799762354
0.04886524548357729	0.2945683233319033	0.8645397986807581	0.9277257233991352	0.947909351531437	0.11744918179901931	-0.8414957063068441	0.1324528527004167	0.4156165672593584	0.73172964994929	1.1684928536960608	-0.6761862678247416	-1.0001220727218998	0.41512102625603325
0.8088306704835324	1.225631372553536	1.2197560943906158	0.864463268773384	1.5572847549517568	0.860132284538888	-0.5876262236444881	0.40527800349678406	0.14977068279049305	-0.5646709042251246	0.9514352939432809	-0.6619563536876544	-0.4935519972826138	1.0811749699119884
1.1039639307456424	3.132618019194206	0.6382036851193533	2.0873098063438387	1.15722921529334	2.2649201210309284	-1.0097238627609062	2.6855532240605178	-1.7368522531439359	0.5715514799293606	-0.6145708790051411	0.7763948285627253	-0.5223232175975927	1.6257507282774142
-2.3791145088323686	-2.488924414097271	-1.680466719165349	-1.221490104120629	-1.7743264962863579	-2.6208275224184687	-0.6266670754504292	-0.8242744026967644	0.5963677760055848	0.9350093471889046	0.36863237218092837	-1.2513318235926878	0.32575322513010047	-2.0595104175052326
-1.047531816429079	0.9890346611406302	0.3185016591291751	-0.025616623953159667	0.472548079634268	-0.12220562145120989	-2.24762407152047	1.0619185502081274	-0.023435235701679723	-1.14500462634524	0.23895555642347663	-0.7023032417216691	0.8916584579351579	0.1735518394287222
1.2720876091825122	-0.540616603350633	0.21559129535990196	0.8459577770138695	0.6433625984543823	1.7443740738194518	1.1070766870570925	-1.2917558425609466	-0.819656203687687	0.5377778471102478	0.6088029569089806	1.9981011537020275	-1.1170159482617652	0.457840091838288
0.7148350139306815	0.31813515609157966	-0.4635693721880119	1.865548837223619	-0.6839568250276372	0.3800161857171423	1.5080523442148661	0.635269067326642	-0.9761467979161728	2.117088512375075	-0.840084300343607	1.2710108802926945	1.5843085143677913	-0.37988798717796385
2.082283662213941	0.5121734193982004	2.095570901993035	3.291750142867308	2.230236674812468	2.170885225599621	0.0006907331579436526	-2.6647300595658416	0.050967992294543046	1.548758695093407	0.2130458290959076	0.04631337976986732	0.6410434592351509	1.9828027632906753
1.3877595335785566	1.2986900618712496	1.338477263128131	0.7567665555791399	1.3414820653818271	2.436368557240432	0.7414255121642133	0.6536797575320888	0.6860707926513088	-0.5842600971530753	0.7249549577333144	2.186888675291488	-0.09309603010536693	0.9251014133730697
-1.5201203416528644	-0.8691562117662806	0.46153719422839456	-1.0733873392277817	-0.6422072837101769	-1.5150976040777997	-1.9244848220324142	-0.3006839226596684	1.3004351557947846	-1.0864809876860302	0.03215099306973191	-1.8877625976437158	-0.9491755568632865	-0.4989107467978222
-0.16392110365672458	-0.2895404088374429	0.5487512435054687	-0.5892129097961826	0.061609825032821974	-1.03371723079366	0.7241454782211585	0.7441035227441567	1.971228759545602	-0.10911749641619825	1.3265176393306848	-0.9306885817748414	-0.3718271338460522	-0.6616370957147265
2.2437084302580983	0.4379902009376957	1.8307631564235223	1.3466397519324242	1.3725513428418763	0.06251630261393015	1.4167488229415257	-0.25362317283259045	-1.2777093050884176	0.33615204216122374	0.541866102316047	-1.4794374701944761	-2.7071986490076685	1.1316038344387838
-1.2592806809037602	-0.2960352149866806	-1.5325151490326077	-1.0582646552405468	-0.14865921769518842	-1.979664067581246	-0.29965474259822594	1.1454019869585472	-1.05872456473347	-0.9370156127588626	1.5092820971564223	-1.30034578240843	1.3246089890647663	-1.2481982049747622
-0.2769219397615359	-1.798654028960072	0.3594094088370779	-1.174913297141053	-0.7039320365676658	-0.568612864903745	0.17941633234851637	-1.767478224222561	1.1116990289311361	-1.1945762054157092	-0.003815916025982532	-0.2332707015618734	-1.0500920713056558	-0.5281486801654043
1.8357095636154075	1.6125408560087826	1.1166654658181385	0.9316056986030737	3.0806094115561686	2.479991878036615	0.22436948810730287	0.14247389491829943	-0.9200505475448056	-1.3585363462180757	2.583223490123071	1.132762633810942	-0.47887505660124713	1.6228315303780523
-0.5061359993870699	-0.01468587854323089	0.3008683944228028	0.02589680959738308	-0.04005570494013888	-0.12620542725610817	-0.5042273746278695	0.6908250046981451	0.8700802046423832	0.3700280585552379	0.6345501166178786	0.02482892949898658	-0.6357842070558359	-0.30202403995095073
1.4311047299287813	1.5147744324027863	1.5121140306026322	0.9615185681216569	2.4007101426385313	2.597043865087646	-1.020537856511145	-0.4219712388822127	-0.9006101302019254	-1.7592801496907686	1.027712701469126	0.8835457536473287	-0.7932960469120617	1.9266163851145264
-1.5737201526058946	-2.1609177428187727	-0.6548355576251053	-2.422678764366693	-2.498590113154265	-0.9001600762067354	-0.531104403548974	-0.92211903087841	0.8739136960948917	-1.824321111275957	-1.5452158559256834	0.6634330093959643	-1.0467102977120284	-1.398304264749321
0.5290541893116012	0.1761958950911074	1.0556395646517467	1.0307138722185587	0.1888154036244578	0.17719270110315716	0.12236835680911652	-0.5698637830722643	0.8921435524437878	0.2751738872485745	-0.4942741717229858	-0.40816158823757714	1.0110737141108317	0.3158994221122996
-2.0749639188330686	-1.8455044175380704	-1.381562221907781	-1.4592733863500786	-2.0864107839106714	-2.468006129949049	-1.0958014902483164	-0.9142226784701868	-0.41217218292344765	-1.3014539150259694	-1.1383764649333878	-1.4544607447327984	1.531290207221629	-1.6032288519002842
0.7520903603776184	1.2130668952406785	1.4696537246141783	1.378943404621359	0.6947822211665615	0.5573978257992672	-0.045426984720372744	0.8523962981161036	1.1984411992147903	0.7890719992602548	-0.011878160738816302	-0.6346525692951196	-0.20341982028617736	0.742313080428252
0.1031223678127697	-1.3785078354095677	-0.7945000103581348	-0.7741184032902333	1.1257608594858084	0.49011532988848083	-0.3999596220980806	-2.3981126349161155	-1.9193157469426791	-1.810322512085753	1.74640071053311	0.21581761469959312	-0.8166808502203016	0.22369591558416174
1.3678902782733444	0.2229744675636734	1.0978217891770874	1.400009077493514	-0.501353291751747	0.6535391892804857	1.8929301683812951	0.09579854904045523	1.4860843020348704	1.7194592984609776	-1.1117032715449975	0.4272898684912656	-0.17333450014374363	0.200162238168149
0.45880053693262407	0.8276221499449049	0.7067397560348094	1.3936516375961863	0.48727717349459915	-0.3926342017609057	-0.8012408432682703	-0.30986520376726384	-0.5572307518876614	-0.01659037166136238	-0.8033087104021759	-2.1138452559217766	1.122643296607869	0.7890126128836895
-0.027431540908148422	-0.7510883359819868	-0.6280643090670539	-0.7520366981135387	0.03739900468237173	-0.034091394793147656	0.7386817440110388	-0.46816279597797816	-0.24182910571061347	-0.8038789468909314	0.8460006906083714	0.4171440490869009	0.06858481277014544	-0.48390762094922896
1.3069809820428342	1.9991487822343184	2.35320079949321	3.5747417029835136	3.048487433471295	2.4861325967848487	-1.247941592612808	-0.09586697511007229	0.5239996322355283	2.195093032065376	1.6530849430259407	0.41713584300390005	0.09917551938827854	2.036833863422706
-0.36725978739079523	-0.7536689268205596	0.1350814942243153	0.1672027250452768	-1.556568348225834	0.18356511098312467	-0.6925932338431846	-0.9712005188886589	0.17810746773825542	0.17819316545998184	-2.322118102757486	0.11343405684619427	-0.6161667193316738	-0.04771527162102946
-0.9687106507258171	-2.3580285810360833	-2.160122515655214	-1.0527571312325967	-0.8627722131603449	-0.7719203318656904	0.229209829576969	-2.151240064062273	-1.7606262686112586	-0.43527794038302325	0.3645624201997553	0.5040912769604101	0.7601709833000259	-1.2193187392587246
0.034716047088233615	1.0569897309854062	0.6869822245444264	0.7875959616248293	0.0022664051359530535	0.03486197125258761	-0.727372139483375	0.9577824230424694	0.4190299178347016	0.1491518998626668	-0.7972349051069919	-0.932005941130229	0.3726423012990407	0.4077918169001164
0.43324883360728167	-0.1384156131176849	-0.623736225707819	0.06325647200225018	-0.1946006546841541	0.16731151008456843	0.9093570218555472	-0.10630571719632308	-0.852009553956112	-0.2243628794687843	-0.17751766526196225	0.4070943769370019	0.745984648563069	-0.22382911251250487
-1.4139846997822754	-1.3320108627772744	-0.7220950018700377	-0.1563519415201073	-1.2204284138005306	-0.8577484776586378	-0.8212252282815855	-0.8492312352194391	0.011467481684357609	0.2772019095748556	-0.5392697831005859	0.3162572692695059	1.3470437732636922	-1.0918808762983494
1.430832106815638	1.9374930093963256	1.9491595292078623	1.28274502369504	1.673023396216799	2.3171843222591817	-1.3593201253174725	0.04775976842830766	-0.5959930525551705	-1.498715503138741	-0.4453353371834121	0.16732916884540075	-0.9965263318793016	2.1081424147152013
-0.4622709730894487	-0.0933611585205785	-0.11585620078037934	0.07693465919582776	-1.104794640698723	-0.3790656841948482	-1.2909374730394474	-0.15331916472783189	-0.7771119211718053	-0.3084698633571084	-1.880161515975813	-1.1379193650693145	-0.9173577734760253	0.1821018950113257
1.089826740168573	0.19291431206246845	-0.27378037099906755	1.192722876537955	0.6678898753829701	1.0611697616512914	0.9913202234287084	-0.5112608595133517	-1.2298647296325356	0.8121299957917032	0.2810484295003054	0.6883696123153706	0.23104239172339566	0.4534623494258003
0.6763196850334432	-0.27416463145988473	-0.9799827540006091	-0.4357611578106572	0.010461089047380748	0.9940739528741852	1.1600373952497542	-0.4653148964584144	-1.560634988676935	-1.1374132250729327	0.019877935790785166	1.5644175617637515	0.5828834359322782	-0.11155238077129177
2.396225091440514	0.5824169843579846	1.079311657681189	1.1169400332843957	1.0136724542664701	1.456824980344416	1.5160327126720419	-0.9336123886504838	-0.79022812252975	-0.5025126837024821	-0.270499897680494	0.009377954302741303	-1.0179988696483997	1.3461841914779549
0.03195260679935724	-1.0519369964356196	-0.3223705644963888	-0.1457393692858447	-0.4418698840299521	1.0918209641349779	0.5024855676242502	-1.1320506184246744	-0.032372130921559536	0.03351581357388873	-0.11640839669163829	2.028691107472542	-0.2738195507912747	-0.3179427152225601
0.2226720903670708	0.5320981537539231	-0.10738271589576653	1.392904590993168	1.3208742449331785	1.9307514016165228	-1.314457982916141	-0.4465906775540003	-1.8263145547453903	0.606394311749928	0.8567281600773646	1.4106029896029764	-0.5916809439235083	0.9183887490710249
1.2922625772583907	1.681667866988147	2.1973683852504307	1.7377318871234768	1.5271565213502232	2.366651475482366	-1.2337506295523042	-0.5866903503279208	0.3059774218638858	-0.8287568812944477	-0.8441311366663581	0.2610588405543941	0.11205763993088085	2.0112705491987235
0.9123035756192928	-0.9164431222408538	0.5846264834869989	0.38414634010755655	0.7694946178859603	0.05215926269883285	0.8972858836081091	-1.225649303167707	-0.34273181754896775	0.2980461767571206	1.3250530366022932	-0.13528506157199066	-1.7597777704418296	0.1709020137481362
-0.6654248005495316	-0.18578219169914323	-1.0373884254911956	0.8967524291577557	-0.8469933526433179	-0.8592788033014798	-0.4453090853053367	0.8446876148213222	-1.1026812185626713	2.222288742907898	-0.2907249484459639	-0.7814873120518403	-0.8542803739225192	-0.5217386858074327
2.7906697923020634	1.9713754946482998	3.0189351490972647	4.167927387115199	2.029241285799394	3.6060193828888236	0.2852479454587877	-1.1888621997361373	0.5440437352118945	1.877074920607788	-1.0336046509788424	1.712019913437348	1.0376620382737924	2.4771604068352238
-1.887649473526342	-2.8123001175993787	-2.372593131467086	-2.202629527910053	-2.5476648497177754	-1.2379464830169682	-0.37965542086253923	-1.8473496064490658	-1.1564516522452228	-1.166617604397054	-1.406371061453714	0.40768163743930114	-0.11305878025678286	-1.6812785976785825
0.07800737976877231	-0.06767290541768034	0.844091366334926	1.3398176204814392	0.019240575092667023	0.4700817035832796	-0.5240007313364179	-0.8987758255697925	0.5539916063431618	0.7621492820648152	-0.6705912704094195	0.258204279193201	1.1712071684838954	0.23735115622741612
2.49579002305842	1.9801282661094657	2.3476981390292586	2.4106493419122086	1.4676402849126435	3.161313361351015	0.13381958069746488	-0.7707959555876167	-0.0792289208482558	-0.4647184299148249	-1.6122824951353316	1.1304124298754314	0.614665864061102	2.3196726666498155
1.9462130552560204	1.3535370379488583	0.11603210450158352	1.2328853325593494	1.286220580149708	1.425080655961619	1.2120211655914068	0.5871939774415158	-1.8038982564166257	0.001407047655023253	0.4625232861395535	0.2296503241970717	-0.611643843296067	1.1235494201431622
-0.6622768131884231	1.5819058404118107	-0.11337904659794953	-0.24143586616308566	-0.7376692671898583	-0.03249713495769013	-0.11824616514642698	4.459853313793049	0.2899290949357303	0.8283676944810235	0.4040195257310134	1.2455829126681648	-1.569625140338983	-0.7800811197962221
-0.8007182640448671	-1.0477409327512792	-0.5547942043714248	-1.4317727438847418	-0.09186301065695157	-0.6185838684419672	-0.22052320845214993	-0.6758684279514763	0.22554302422967562	-1.7239720155552485	0.9291914327017782	-0.03443154289545025	0.6024660204937098	-0.7627130800791355
0.866887799458542	-0.05273318402014526	1.019591291615117	0.3082275448256327	0.3893170199089001	0.11463259052392161	0.33924918919025454	-0.8215385865514743	0.6246928154186329	-0.6071942187613232	-0.09829441617912099	-1.021696842231951	-0.6282411853260766	0.5658382049759546
-2.7496597234501587	-2.8235969438969897	-3.7771037042251026	-2.633580239666788	-2.547853539482287	-2.893507447803691	0.5705982396942358	0.442596099689197	-1.097613916486151	0.4202893125995403	0.902486102215231	0.05770406347100939	0.17891395719296735	-3.1249373951491015
0.027994256515982197	0.5730894194075111	0.7208722391096066	1.2283102433066808	0.8271433547557389	1.2418912809765705	-1.2569072145404157	-0.37584349531134903	-0.04667960785043575	0.34105367235600825	0.0530099146348841	0.5945759328290783	0.4622848024300795	0.7061385561083046
-0.035435299768572015	0.8178168029370942	0.5154271343580712	0.9319504862830406	0.6813827428834758	0.47842842531095875	-0.8024037353492182	0.4093141543178169	-0.3988384070882679	-0.48980111677986327	0.3746656046896277	0.37219956986739405	1.5781972645685665	0.2565888574326907
2.3647201973119434	2.255946012553852	2.6277120806952308	1.4058295395008118	1.6637625067475474	1.8767474312303472	0.6787595108573388	0.962726770477003	1.0978764615128098	-0.8715218178866828	-0.05231615658263508	-0.16865397621821862	-0.8051364938578165	1.8393372490392135
-0.3544229365499286	-1.0599318071923212	-0.11224918646184431	-1.3100181425165522	0.7211428045033196	-0.8501230453293849	-0.28489741938560087	-1.0640056006686502	0.13888141595596634	-1.8754741912043027	1.8877783343252992	-1.1995135099442993	-0.6746284747861917	-0.2866027518338928
1.6484195153113284	0.8332009244924903	0.721063090616229	1.3917416090950092	1.0644944519414123	0.8211356617036512	1.0778825396336167	0.03789212978643132	-0.4196589974792131	0.5958540958408507	0.415202147722651	-0.44657075380731714	-0.5305164784784507	0.9165689423163216
0.7364210734126138	-0.8125626841431575	1.4189508734089524	0.6465826611206393	0.23921562174879574	1.030008847810748	0.5408308503662488	-2.236730762358314	1.22793980231524	-0.8065922433376472	-0.3141651990151828	1.3151410908045837	1.5067552303017289	0.22812472721148513
0.33633687143300695	-0.06378320589858136	-0.8540513444335806	0.16041596490252857	0.7048174738261856	0.641483138383778	1.0724212008390466	0.39131381196428955	-0.8530924354321299	0.41241968740872087	1.6741508360669324	1.3576508080053953	0.3214557491425101	-0.3628626429056571
1.6651634266290298	1.0123179595698941	0.9056320570970733	1.9078556494017684	0.908021106780279	2.0199350437503973	0.508184393009652	-0.5984736566397137	-0.6984063520882455	0.5345357782424139	-0.7694601576383764	0.8943814606119499	0.37206027207512576	1.2969900991386973
1.1376294358912942	-0.22528492203162387	1.373887673203582	1.0538613062725792	1.1246911421845187	0.45417581055654616	0.6004755499505987	-1.3444133481657266	1.0402495585082492	0.4125598725515813	0.8966896050747578	-0.6786763114067494	-0.5449278712686838	0.6903486611215488
1.6960680984022898	2.4597796973789823	4.035478467972777	5.878985011198739	1.22577672507926	1.9229313701661392	-0.8494599595531784	-0.09997375473200512	0.6221995205469163	0.263166183687574	-1.242256594231417	0.31254781319563557	2.941715386184928	1.9314208729811997
-0.8946154311580594	-0.8276698981999872	-0.19129059951285093	-1.340357830596693	-0.16215118280096874	-1.5586957354484356	0.24508275617288924	1.3373604356458064	0.5881064445126342	-0.19555461316409983	2.1360226637901425	-0.40630039747506114	-1.8832034044191859	-1.2534454787036338
2.416567307132569	0.8459751880549435	0.5627900871183192	2.2318062273945505	2.138320373656086	1.7729770405238994	1.9229544142764885	-0.6953294371841899	-1.1476962772897306	1.2803851133561748	1.4585929389774095	0.5379181112170486	0.062764347709956	1.2506199808234664
-1.2964688492030656	-1.9953857292051298	-2.169213147472331	-0.37959834859349173	-1.3829539183493196	-1.4607991329316616	0.1996031822826046	-0.5141972601452662	-1.2648374084042964	1.766375761344735	0.4811599332240113	-0.11997301908397257	-0.7778041138770388	-1.5313065503425622
-0.14175384444332506	-0.4364831339587769	-0.5239843096494554	-0.7763863714381769	-0.19574824290176251	-0.8896821852451212	0.5203311307770638	0.4589693087086156	-0.1137991387614635	-0.5127628514591858	0.8385285694799878	-0.7888863208163368	-0.7372548096317283	-0.5644137572576006
1.204969429344921	1.2128474998137062	1.108482586431466	1.0945382135500867	1.0516139307912844	0.9580863071704361	-0.2526867212807085	0.3520766620007727	-0.5442776548125219	-0.31278133592953655	0.021696843259087377	-0.588590260885177	-1.0547470480848908	1.2125509122302207
-0.5120646869700832	0.319586298240193	0.24816895539515205	-0.7061959719970319	-0.3036396083143865	0.14633680899540974	-0.2563282676803855	1.3983050200426161	1.0677054571170597	-0.6727477674524868	0.35488953285175084	0.661192224220007	-0.44059128985519774	-0.4312784558143371
0.17445940015629202	1.3403400733141326	0.25072488223263134	1.6502232402884802	0.3199790574895671	0.39080847058687607	-1.2145172017476396	0.8134447096644377	-1.0520525042145559	0.9938357989006869	-0.8872823473839838	-1.1433103500163502	-0.1312017793300918	0.8785136033814884
-0.48005341764816944	-0.6607338836608876	0.7256539659948779	1.7606614277015795	-0.919230842545574	-0.45743546401388735	-0.21986098949735375	-0.9015446074026732	0.3505311290301879	0.4195121302324117	-0.7857046304056728	0.45535216718120036	2.3508679150550544	-0.5899807022302946
2.51612629598404	2.4578951228907604	1.041074457596909	2.685324969304451	2.415835930761305	3.8269909631239507	0.27439508122882955	0.3005903617149219	-2.137595090293048	0.34047083310737186	0.23009214764737937	2.190899365609294	-0.19314719183925913	2.3161703442296595
-1.2520214487049677	-1.0929655185285594	-1.5538840019101192	-0.42478553684343057	-1.6270374561766852	-1.7023754658225558	0.2091173671647045	0.3380592847679167	-0.5075034641369388	0.7493532829824558	-0.4639402050078389	-0.40205870304131913	1.1943312104513	-1.5346673314795696
-0.28308378873923445	-0.5416911660896454	0.6372919030385553	-0.29960219216635764	-0.6088101610116653	0.7054203548997522	0.05356912768344772	-0.060295092191235675	1.6359621724576405	-0.02936533016227128	-0.1802103768598967	1.5543368493534568	-0.5276884506962095	-0.39997642063566213
-0.04554451258293618	-0.7463480779159254	0.6969356443774918	-0.38088623928367454	0.9862703437740039	-1.2939301881332537	-0.4703576363987584	-0.9708980899366126	0.543675859506679	-0.8644314649162574	1.8254264171577528	-2.404532590751205	-1.2095896475871661	0.07810870556347543
1.1075426039648575	1.7153968878508028	1.1029519367248155	-0.11946869869242871	0.5921063061172058	0.7748180782695474	0.16292378492357562	1.2173592929442452	0.17430631017271844	-2.1747305468560563	-0.6548055449229443	-0.703934452640102	-0.06296908679308763	0.9975751294428733
-1.0691804742129198	0.503310670344108	0.8839358977410263	0.6946179103477682	0.14355628276762888	-0.0029647673498148785	-2.663857227542117	0.35683248557432246	0.6100035691936473	0.28005436200266803	-0.25986527613359234	-0.9728810275074808	-0.6805138229290739	0.4253139435853293
2.160806235500811	0.8744645631188169	2.3300778041051995	1.2972011812507498	0.9316316864854745	2.5000528186608726	0.2943592935249601	-1.0928227494588358	0.21793819367474823	-0.9361874760859655	-1.1346938046195683	1.0931871921041363	-1.396255092420627	1.809409231278244
1.0487954828110255	0.9734618728535123	0.8664129876281335	2.5389379592063905	0.2758822169418591	0.5087639944273475	-0.6006453558206095	-0.9575797121602622	-1.5167340524084105	0.42314029502221634	-1.8915886207383408	-1.1357983523939683	1.6799231308087617	1.2120250739879173
0.7485344008818773	0.5095943060152286	0.7463420379531005	1.2169275726038877	1.096056639163769	1.373175970655684	-0.029086861589003542	-0.05337733681859261	-0.002616448991387423	0.7376666732882956	0.9103121863638987	0.9063076419017386	-0.6320141325123746	0.6680235346088591
0.6199307369619557	1.325768217708462	1.0160756280511665	1.812383185146055	0.16180741733951898	0.18800862796482187	-0.9356090578355275	0.171282182956107	-0.2898923329726976	0.5105115132936549	-1.7419402185445114	-1.6953237005818995	0.7916515035105027	1.0646686072326972
1.158668850994963	0.5905774245921666	1.651579800129081	2.2452254802785205	1.6211535423723542	-0.3451102985255511	0.3184480848981713	-0.8675279431476544	0.4904472704982875	0.606620550178517	1.0926547304530716	-1.8061137789900228	1.7169988647269752	0.767694417535364
1.210720836173033	1.9140869705353958	1.983155830525777	2.0995432919146153	1.688311211864086	1.8491728571058972	-0.10445505920473125	1.0502184204173863	1.24223664728867	1.001374767348028	0.676524598362705	0.7505644770116268	0.3611129259504144	1.2117333330948812
0.2553981509196511	1.744680161106831	1.8709783539629388	1.6049507201604802	1.3105052754842246	0.9211063522794667	-0.9256449783272032	1.2056028439653015	0.5098914936836327	-1.3645281708277681	0.9580457932920615	0.7762748576457527	2.2229698242063165	0.5767244898863868
1.5659217229432694	1.152919485957322	2.0769586916089953	1.8290076044131012	1.3077734753173378	0.9629111510314947	0.7358208113410767	-0.20062589616147244	0.8941527662861102	-0.42351739010784506	0.3164725436888161	0.13159615253591997	1.7593093507616062	0.9214331535018842
-2.3182639050535436	-0.603329272708033	-1.6756499414500734	-1.3897864738952674	0.21204213616539458	-0.023864729433351606	-2.0138340022363357	0.8244515790385374	-0.8836834627382079	-0.8481397581710934	2.1865963612846704	1.6104774448082055	0.3868550415615694	-1.1753712284434692
0.14108416958836079	1.0831151053628176	0.7412622647814234	0.18748366313514642	0.5319088209855725	-0.08883736710370749	-1.0509934312823717	0.5058311873635823	0.007219385617972428	-1.3378802052782013	-0.411218392854787	-1.6620715589248585	0.30876401403015524	0.7178635901386372
0.9792927936636652	1.5834399360128362	1.8984919433742764	0.4555727761532362	1.5777229473323469	2.213873113345555	0.032291936043204086	0.9022105294780859	1.3477783757723643	-1.6834763087660145	0.9817833715318968	2.2314821237453897	1.1989681666030052	0.8023199850053836
-0.10248935090846673	-0.3871907707146923	0.4165955170193735	-0.17308320910691655	1.1759491413513887	0.5803868967322527	-0.10217395131157295	-0.7214762029081824	0.5181867487492661	-1.104463750035177	1.9821852415350414	1.1972468005855523	1.2415811376363233	-0.20262127649704756
-0.8244001818806035	-1.16408571127609	-0.07561744478098731	-0.870542571962466	-0.13200412618497026	-0.9306770618525344	-0.18672525411334404	-0.7543207670749235	1.088801062251218	-0.6000118920543597	0.965864795197103	-0.6649962387955907	0.09629733157051168	-0.7307527173452384
0.7699005739373891	0.973769797116135	1.4419419703138476	1.0741542285987644	1.0400154064363354	0.19046850965530848	-0.5999780744692057	0.0008427436690488299	0.5778230457676549	-0.19170798487194202	0.10695655838032445	-1.7504590463949563	-0.42731869370392034	1.0587278896554897
1.5477444566824934	0.7882807742108794	1.7331026101931535	0.9665905225502642	1.1419366541814964	2.0322589096326062	0.867662481703815	-0.024764340537847422	1.206957675172128	-0.11525289521026494	0.5509858046260446	1.5690663984990263	-0.6309036797099228	0.9293201144755724
0.30997479480623574	-0.003800646102230465	1.4389877640496835	-0.5284986206692732	-0.8609140739098747	-0.37967729094756064	-0.051310007291474	0.5588722582511225	0.5668007750360721	-1.0941059748999051	-1.3482357278208252	-0.6065971096061082	-2.2276650271623755	0.10640900437957111
-0.6143293513022929	0.6500144882191652	-0.8247961350968782	0.055701075133281513	-0.052496564720940386	-0.8143218804379969	-0.3482638263248548	1.754304999786363	-0.6551821407167083	0.42491353267981735	0.5837601924000533	-0.9554291804404605	0.17687726027251427	-0.4379439637071554
0.24831256390152617	0.14460503793677926	0.4049996409723808	0.5424149707614353	-0.281563436766345	0.27891457644634593	-0.42720744534232424	-0.6122013138966167	-0.10891252397433199	-0.298537455830664	-1.3210649192030595	-0.6090384264882414	0.29480096147605	0.45296563397953926
1.328291316639934	0.6055216876258822	0.31523325422124926	-0.7583061136286537	0.6992073706003828	-0.46448228626527677	2.5078985739042863	1.2500629425613263	0.8392368788059031	-1.4530376146642976	1.4229923412072873	-0.5678785373511187	0.6761704408892278	-0.2797501660887592
-1.2094722642225924	-1.186754546048401	-1.4489221461778037	-0.8098961925512225	-2.1320040549052997	-2.062907144399528	0.10290522357061097	0.9335307884425018	-0.7175234532652703	0.9942421191741773	-0.8011136612975336	-1.0502702161202737	-1.4728975453571589	-1.4522935100424703
-1.3290553884373837	0.11356532999095015	-0.1348131252772363	0.6027689276190079	-0.18769637082804935	0.518080132246462	-1.6965114461046138	0.9068747341039459	0.35228999747482137	1.3735276599429418	0.40296630018363006	1.1580625916677483	-0.3196718450370498	-0.36662514146400743
0.6475418061202332	1.7134470695640167	1.6818703797233014	2.585272871790455	1.0949550429246688	1.4268579269319928	-1.4308250310492248	0.07643836580860133	-0.5073800009043393	0.012240670273399158	-0.654821551952603	0.312404543941466	1.857781886362919	1.296027672806272
-1.5527567504940516	-0.02377676556353514	-1.23603889671705	-0.20703879541439052	-1.0428066502792186	-0.5710556407082465	-1.6749162141377185	0.7486531950676861	-1.3209987749291905	-0.21241551508900763	-0.8744209714277287	0.07134378451698117	1.1305911942162334	-0.6990869214473935
-0.2888874939203344	-0.5280187357842221	0.2668196007254945	0.7350582601304474	1.1530021128207677	-0.511216359027016	0.0069528156420816875	-0.3780992303236951	0.9397091914941493	1.393627193461108	2.423601715686965	-0.6901436376884273	-0.020352204852684262	-0.2970887566194682
1.2276342150263735	1.8754357369984715	3.3265216967606133	3.140350340826593	1.1400486982245246	1.0216163400717744	-0.39664250798772194	0.3767321515713261	2.102126433764439	0.6319489764074377	-0.47288030715894874	-0.2243000676553134	2.026187063315427	1.2441590333925905
-1.3391251265740374	-1.3881300822670863	-1.0218761663340061	-1.0749879682923542	-0.24285079712276425	0.2581770730600925	-1.737373886869007	-1.3418573687029514	-1.2361635572531706	-1.241637291418703	0.5364436109050754	0.9005178341485047	-0.8282274448738284	-0.4173701720705499
1.7666660054256913	2.000426664979189	1.9518381251041201	2.626262312537935	2.236003520734081	3.07092201312818	-1.1441000584285346	-0.34623798744164885	-0.8209469292355691	0.2985758765117218	0.02808292576541761	0.9500782223562746	-0.6963210798136161	2.3474336734069015
1.2457940516550299	1.0687682047832054	0.834339246219034	0.9005603270787486	1.1925758633670818	2.211795942625521	-0.03527173915148711	-0.13342604964916793	-0.6627811219320194	-0.7621292278207836	0.07117510057667434	1.3494490822495318	-0.3160394745523629	1.2120317294831788
-0.5854990349712831	-0.8460284430368658	-0.36081056817495616	-0.5338676956118386	-0.06912306758764081	-0.6983643003543094	-0.3704907704846739	-0.8989119413179609	-0.07465690765588967	-0.9243645468986282	0.4415862064541304	-0.5294796033181474	0.9509149291422218	-0.49686426407453366
1.1055915412383652	0.5195420580303912	-0.3380759361927691	1.0634591989823998	0.11222064830686253	0.9934192539088494	1.5784736989574908	0.4841802823544127	-0.9777299027156048	0.7628737208361241	-0.12696746379857152	1.4829022404303456	1.0896105359423718	0.01111178142926923
0.21113278902945437	0.30139364886809383	0.08661097447350491	0.8047221567251328	0.4641864666251371	-0.9718160297596585	0.8454457074368713	0.8734908806497602	0.4718251601347941	1.0659280372462927	1.2176090202651828	-1.0221163985732005	1.1173198438183838	-0.44616484828543906
-2.1241626200683688	-1.1377251775477148	-1.6016116412502859	-2.3133567542527085	-1.0041448461577533	-2.2933202188498654	-0.038482949717843794	1.6013378581615152	0.8748129341238335	-0.6963677997896606	1.8242353731891647	-0.5972464707104953	0.1681228335661097	-2.1321524591578456
-2.2692147164827783	-1.2695963300133912	-0.9591696090758977	-2.2596564327493738	-2.500595114267326	-2.915869694811846	-0.050037433280322605	1.6009998145064137	2.192150178812548	-0.4028400159046727	-0.4486676197376543	-1.347853659327645	0.330640879285866	-2.2963243945744125
-0.31289508085925755	0.7182425308386917	-0.283003000437818	1.808875849297233	-0.029805046328865117	0.25527442105638665	-0.8998263123788162	1.2021820525171183	-0.8238513277801423	2.629265790239518	-0.059483234481176504	-0.051423476460937895	-0.649727134806008	0.1268787262896224
-0.7542281291713115	-0.664230449785197	-1.4594944012758995	-0.04105423455867396	-0.6989561550542032	-0.9550409226561828	0.29913569345096813	0.425677467596124	-0.8183830063383557	1.0963827181858643	0.37198156105487185	-0.22175431077093818	0.4234384930273222	-1.0043246289483359
-0.6140429837042402	-0.24946239744991858	0.6016555788219528	0.14426500466856604	-0.11705644907436258	-1.0689262838307831	-0.22512852015489382	0.27547397537756524	1.684308190525679	0.3423580272768328	0.5534409527401069	-0.9196323348600937	1.0282870771796482	-0.6204041981123873
1.2745576442863482	0.3323046828603643	0.35322245604490754	-0.13076399741459432	0.4619212885854603	-0.04170612785761474	0.8609336405825083	-0.053961562996490346	-0.8821453778050367	-1.3226522743037514	0.07590436148181225	-1.1977446491172121	-1.1849748693521678	0.601676594528692
1.4631313287257655	1.350728896313085	1.7505968595184394	0.9183636645656532	1.160730712447512	1.5205663918841525	0.7160324406744518	0.5216870396703963	1.2452038185455523	-0.540890378933487	0.2056079622225759	0.5525017184246961	0.21930536271367257	0.9938555999681129
0.03753698377201997	-2.723496494642429	-0.43371904384870397	-0.9151889825689643	-1.1507570171658614	-1.2164113063408033	0.7376486587542125	-3.0038664597296347	-0.5997613466155995	-0.5954931111800648	-0.5890586853042705	-1.015662487736531	-1.618152948827473	-0.5975460290391537
-1.795265747596479	-1.2743207474685732	-0.02555873784878926	-0.4832196167514643	0.4081367202025059	-0.656315278587353	-2.133946195344982	-1.2677658837348564	0.8475246835865033	-0.2849036352474176	1.5364151556298842	-0.5304166086628589	0.11537245790916086	-0.5367357088094915
-0.9828948810440135	-0.12050809530727866	0.19930175009074882	0.3533688582772694	-0.6314416178521313	0.4311405491620107	-1.2498432319476225	0.08787076337773014	0.6261956989923442	0.3140586289905979	-0.7132859512430038	1.1506051865490279	0.9838123811420035	-0.36999302956231744
0.49259676628923216	0.6291550557286559	0.19305686671189284	0.08599588896633925	0.2568207607539277	0.7917968944781847	0.2954512192448334	0.9992827100359201	-0.23063490281245708	-0.32731789426230784	0.34842760729723454	0.7690456249311466	-0.8263717026012415	0.19485977022735218
-1.0255595275096243	-0.5540358697004463	0.3365903125832365	0.7913474958224773	1.2056441146553465	0.5131503980579664	-2.378555128946134	-1.101117501849262	-0.14647839156711817	0.714201639888866	1.7980711643954672	0.1736907103446686	-0.8561760875977656	0.277869848928664
-1.7672043524275447	-1.3466290322076424	0.3746031922130293	-1.3635089705583063	-1.3412163193702118	-1.291415745311715	-0.516201300827702	-0.0758904846521033	2.297160615421061	-1.5511236057416156	0.21591226570775388	0.7036672570369222	1.8179559256226536	-1.6646859265409113
-0.1394301543226527	-0.04268434080021427	-0.026907706310221657	0.33148710493532835	0.6758269889753792	0.10170243880309826	-0.6282428653116111	-0.6021373793053022	-0.6506294391395705	-0.6765837694934327	0.6823276692356761	-0.08952412340413071	1.1887375058414984	0.08085058561466736
-0.8140862161093311	-0.3278136014068392	0.5338384337949105	0.8099651088395434	-0.4349713809964664	0.1177044074810924	-1.189660077817337	-0.5292746808301738	0.792524234668567	0.6034259196880375	-0.6029101690929869	0.5378129001583177	1.2699762525640164	-0.26424404342153823
1.0403656122004425	0.23612182685318384	0.5417342684734416	1.8743865160472142	0.5312973171901707	1.5681533408391493	-0.14021528960017934	-1.1850766522019849	-0.9182442656335137	1.1779876198208385	-0.6995254194626691	0.5777578880264744	-0.488718892504778	1.0449115966753304
0.567997460537513	1.0556692979894442	1.3085101966946875	1.1335783297996163	0.8092556259366016	1.6136743923379187	-0.9612920285979685	0.6555938649436185	-0.169205834777136	0.21180354867661777	0.07828453998971409	1.0620257661325396	-1.4971488659307497	0.9617427522094231
1.2969473025298652	0.22414803341705425	2.5755532081883548	0.8837940751881915	2.1306038299768235	1.3878471727590325	0.17689831254819138	-1.7453913457003405	2.100972799498414	-1.3404966497126753	1.5180059627944078	0.46306910825312025	1.1840566045732168	1.034571519922615
-0.7387302531115707	-1.9282278086331728	-1.7104711135382202	-1.5416568740661583	-0.6985074426454461	-1.667625591641099	0.858294623853877	-1.1465814175934652	-0.7028720366778087	-0.8683272662124393	0.9068190449438133	-0.8801157530738101	0.4125052417124692	-1.3227800064195876
0.832701959139313	-0.8007587249663818	-1.2377230297615514	-0.938457882933236	-0.26933502509584223	-0.3872454798288966	2.0312902835140516	-0.3263846370593482	-1.3857076339034438	-0.9410915417455084	0.5466431602324896	-0.11444880773662744	-0.6149652310975615	-0.4819348965112606
-0.51130420658501	-0.5575016597151795	-0.0608256535336108	0.2433507968297587	-0.25975301205569423	-1.394842064683472	0.21469176010082378	0.10988265285386528	1.0206224017180447	1.0687816532096404	0.6116891016750466	-1.4281762083820375	0.46592971506862335	-0.7166171944412233
2.258385375255212	0.8194270551361095	-0.6973521060253645	1.526469909812524	2.0443281974096683	1.8162660884502553	2.0983789667082933	-0.37364356022043527	-2.8524621045700425	0.32115550871297216	1.6975028505797007	1.3338251501586993	0.8202496326952647	0.8795632647293176
0.7826068886525935	1.262181105364236	0.7093839780446991	1.0080942198098914	0.27474353239685156	0.8196923247959319	0.48306688259174285	1.465219431532254	0.4180185861364262	0.6954663009278236	-0.18189028902624818	0.3111285756356132	-0.29222275881837567	0.44149399820855884
-1.5236180168883728	-1.2500232978832453	-1.3761024212153679	-0.9680310772915929	-2.2244605051079795	-2.386334932636821	-0.3635001679074657	0.45182724878758906	-0.08192738359999298	0.5381335373094703	-1.1843098758258266	-1.9178493137560197	-0.6049290839244545	-1.4001338303709079
-2.7188483192001334	-1.6619530750219815	-1.6143741588876082	-2.0214173036336485	-2.400095941489079	-1.276653992483646	-1.0346411723400963	0.6620564263050415	0.8022760191193664	-0.3962101024777625	-0.5445531029548609	1.3155481247621983	0.7592986737893035	-2.211046665562867
1.2021669692771098	0.2013130553243373	0.4047877805882295	0.652262271975179	0.2250076545458316	1.1361128561145932	0.894068892798111	-0.12512586328369324	-0.633794406622822	0.13269226039777324	-0.16899078657402808	0.9127879472258243	-1.1713405566600863	0.5106566846265705
-1.116995818326209	-0.7444327271466028	-1.3886864746415775	-0.8202254901606878	-1.651184206052537	-1.7378599282324783	-0.6402841701925666	0.21854045263420105	-1.0339722726732143	-0.2631143987212947	-1.2959010804323887	-1.8747949074562529	-0.38671835350768113	-0.7982133280255872
-1.8436309666731598	-1.3566132161728899	-1.0760029468883863	-0.23171600714970653	-2.0537982862577673	-0.9104349958297927	-0.6019681718246043	0.05669892212467261	0.40188552456493465	1.1542684918534356	-0.9965622472079935	1.1352154283981555	1.2858062987159953	-1.6477938291908927
-0.462694865549519	0.4617927158929782	1.1878914189218333	0.23347634138950799	0.2067655167178475	0.6437482212301742	-1.2305868618020614	0.5004403100640801	1.5780997503730863	-0.22743369918186063	0.07383090389585838	0.38415771919937397	-0.3046832881433892	0.22246518748320804
0.8970971196400839	0.4168727248834737	1.163454252539718	1.514470933494916	1.8279929945644369	1.9468539587155422	-0.5280438702392619	-0.9466030412386248	-0.05726041553286394	0.4925730287691899	1.3905506281863451	1.1217758659414838	-0.6466820662955963	1.114170962885768
1.8009755302395964	1.5009591841301233	2.882148838777902	2.581309089009741	1.3837814174020666	1.982427202092869	0.08940355105886312	-0.4700608412356944	1.8988985414973958	0.885177009731099	-0.6450261887014732	0.3226237588637725	0.7215177758998638	1.6386921336915672
-1.132574468747567	-0.43675345990568837	-0.10189074439581157	-0.5308816523467661	-0.542472373103162	-0.9400212742549247	-1.356784766204156	-0.3703130199765316	0.006087785205825562	-1.4038436959301364	-0.41061562364613374	-0.8045794270551109	1.3916900593829185	-0.49290365979635314
-2.218601273902496	-1.4261859048261853	-2.9019905327558506	-1.2897381120871985	-1.2147390404547185	-1.2726374785737167	-0.6787321634657728	0.6320866373651886	-1.762893888273499	0.5135042586305177	0.9855113022582322	0.6540181918744408	0.2635292041969319	-1.8581437280846849
-0.4724754768037356	0.3100216620108725	0.048256867868745536	0.1237155510766726	0.6469730978585437	0.25864994532584007	-0.8578688421136065	0.4888023055863048	0.029539471042985824	-0.15572553905649797	1.0503729399902988	0.048958563311688096	-0.06476945112082858	0.02969416888325536
0.8294587399134377	-0.8429724440045491	0.128576126945588	0.5527796882002226	-1.693260754040666	1.5190622334833512	1.4056525083318638	-1.104235352503785	0.2933981361254691	0.858689048900991	-2.526611909462538	2.3811270269916314	-0.4564739352762956	-0.08913644544701899
-0.940117742951031	-1.14457020224988	-1.4606272210431541	-1.5222894947007506	-1.5379926326974027	-0.33004532990941926	0.16651732029940086	0.13409212307825522	-0.650536256980204	-0.8658360660683195	-0.5289598582406773	1.030423818935144	-0.5117312124319416	-1.1226792336104447
0.31752517378859413	0.4312959736056551	-0.4025835117341323	0.8712985770720789	0.3938817232863566	1.2724262661713692	0.004963360177746533	0.0915824992900912	-1.2996504058988856	0.24969813751844178	0.0827272821318176	1.6493295062528714	1.004282945247996	0.17548988498200116
1.6259373228700564	1.963312395161799	1.7095322603163987	1.8781786809824692	1.393302180853871	0.9552425899478674	-0.19944709655282253	0.38077335432706916	-0.051462182976730365	-0.09457056547274377	-0.5692447718714632	-1.6415785009685617	-0.027072990850788903	1.7402629807357155
0.44945033284210584	-0.514548836523639	-0.03343881864433597	-1.0341829967908878	-0.3426146420578159	-0.4668256576005696	0.924745124035652	-0.5095393090300461	0.17566833483536168	-1.7204175505350692	-0.22412770781804056	-0.842366357493826	-0.27454964837658535	-0.1539153214302943
0.6264907444446771	0.41908848834849277	0.2206385173319016	1.5039465459415489	0.7305624937805975	-0.32697464532037857	0.4341548512833155	0.004722611669518995	-0.292218978661003	1.2999424023550885	0.5609298343910267	-1.1545438711520242	0.885454168363257	0.23916408767412997
0.8338858493635188	0.7980434714214819	-0.05606286888409323	0.6278993580274276	0.37458834167530153	0.9211781584541217	0.870209609040413	0.867189047853254	-0.5877892096433759	0.2490604165942623	0.16139410653462266	0.7113839244884321	-0.08685864649165176	0.2951017720078599
-0.801462538822492	0.5741080598234926	-0.8632659947955631	0.23630394903003454	-0.569704140975744	0.26970487948855104	-0.34349049143183247	1.875206196309311	-0.4715015194057023	0.8281355371897785	-0.0013883330387032215	1.4145614171297005	0.8213298524098895	-0.715281628444072
0.6074554605481475	-0.1397044732722198	-0.14090509777194177	1.1541866780843466	-0.6338451425513733	0.4220136178505608	0.7543274048790919	-0.5127316865046977	-0.43431737091905903	1.2787462904900133	-1.3326001545928619	0.25276597660941863	0.40643755697677636	0.08664702723524353
-0.7344875005657716	-0.7546526902487464	-0.3368668064474061	-1.8165886578053128	0.024577671233785292	-0.78375499686161	-0.5343145213742234	0.19449763118332897	-0.23976598701550653	-2.126355890226536	1.3527155785489868	-0.3773670578218109	-1.4083291837634324	-0.5896854322060573
1.2190118203190952	1.591852211153067	0.9687393104411504	1.2107175121168616	0.4332893607940371	1.3795199219601009	0.6493356594351781	1.0289536851067156	-0.430080997565728	-0.9089667365874264	-0.6546492443298204	1.3042107569601045	1.7294468449094278	0.6285906311071522
1.1123015685857278	1.1899378725877627	-0.9269588081687358	1.7079235270606512	1.1579539103074796	-0.05712872620387144	0.7780362217396963	0.8085079778076176	-2.7130313303540468	1.11048542829368	0.804994748864776	-1.129112646448439	0.9797233793578336	0.5088884100316254
1.2338525443443673	2.0561430070543936	0.9912929226089245	1.2568168296192797	1.2609183232013803	1.976372200281404	0.008324670678570744	1.3662351332780294	-0.33846585510054694	-0.31597115960231437	0.042359424704572164	1.0149976556457756	0.30036898310036514	1.176328130467503
-0.2448983579805429	-0.42856268614048265	-0.9714947476743354	-0.16575842243131378	-0.34684702601171535	-0.3304587292965995	0.06291747642848394	-0.4561824314455086	-1.6745222412470129	-1.124107015810435	-0.12290946009240018	0.24441546192024224	1.5910358022243123	-0.47306038771804
0.6151867816205351	0.7888203186739666	-0.0899071490463702	0.4826195520725242	0.8134227560353272	1.1793535170211469	0.28913528489462764	1.212532315114963	-1.0661210124082388	0.21540317414471996	1.1762529992509656	1.3441975850062298	-1.1408298644185877	0.2894669024887064
-0.23847083496299165	0.1615459739715158	0.38067191219441165	0.879602728046112	0.45202038016689605	0.5021021622025412	-1.0587455873069842	-0.4130774499584257	0.03202691395740182	0.4199991246677746	0.0745326106830504	-0.01989785762073682	0.3984293380596699	0.32970657633463724
1.501229157761494	0.033040380134789604	1.7657951193960937	1.249641394965253	0.13834974766776653	1.6221627371909821	0.6184768497653509	-0.7981902237523957	0.09930804439051796	0.5193564741575015	-0.983532475944989	1.3225675712042473	-1.9942491639525066	0.9108043471767283
1.3479239434081598	0.9194544375029144	0.44044147436138825	0.4993079124330768	0.36320027486224626	0.5555364810459493	1.3951034916672949	1.1439564491779615	-0.13502256023821801	0.027137074421861307	0.1892453679328696	0.03845652200047578	-0.8007198824269994	0.39322454448153754
-0.06285455467182821	0.4323321168712905	-0.3106436117621303	0.8797032224949053	0.7384392823828944	0.36767768498366316	-0.8331621730559021	-0.01396911751001595	-1.198129878383029	0.3908817655832871	0.4966803035798321	-0.38013948792784225	0.20402088004060978	0.39990941136917807
-0.7912985698414702	-0.36338122755181446	0.39727764120767917	0.3339852830670419	-0.047767973189445284	-0.24278436880147747	-1.504192098440673	-0.8207398282167037	0.5302720034000994	-0.037961103810959206	-0.28849562004333285	-0.7535019995560089	0.4839112167315501	0.032280426031897694
0.2584653433134999	-0.0033612996422735086	-0.2499956447712997	0.9035458987797639	0.11275718885915115	-0.09930343311781425	0.17637855782925552	0.01733728749300637	-0.615151535953683	1.1655551021028525	0.20564849415075107	-0.5938749665531058	-0.45618760956986737	0.07747384977589615
0.7219789114339866	0.6920747361404544	-0.39663094667684495	1.35890723696691	0.01261829552638949	-0.7656048960396544	0.7028172992617528	0.5356050156615181	-1.3110619405183326	1.0198089677044846	-0.5292784916629116	-1.6855577557421677	1.0886191081277046	0.15298790511800278
-0.2741831397114999	-2.045886459179605	-0.4716909569940606	-0.9320028872164587	-0.931935568702335	-0.9246561135181102	1.661954193827358	-1.225104070908934	1.3614622835723356	0.29638880761810865	0.6314234272801076	0.2782925835946577	-0.10106442872949414	-1.2906111308883457
-1.0835665987977154	-0.11948219062169607	-0.5676695621049308	0.027401101573170022	-0.8090483438942107	-0.08526842617660474	-1.0824421226567973	0.5205013277327994	-0.18165841301876506	0.4274649535892467	-0.6285479688287547	0.30181459962116935	0.16008476815753053	-0.4637999408928818
0.6502955457117516	1.8420240043490057	0.2004374142025519	0.9440831430828646	0.5121899280421418	-0.06916605242852258	0.10425963924959848	1.8984466612612954	-1.079094983429876	-0.5773585413043927	-0.15435959198186125	-0.8189265733763501	1.4872649002882885	0.4055030275345708
1.625750030491702	0.6443705333117735	0.21136066209788418	1.2152991768446908	2.3549210480598264	1.6498391586364565	0.987493045635809	-0.7021441663258875	-1.3515346002214197	-0.18253773352074443	2.1659906338178985	0.9421959491965287	0.6819943560035561	0.9292581619065949
2.0430364402603653	0.8196491905639189	2.5626948129459795	1.3794262963205655	0.2673931592393395	1.4253763617677606	0.9170135843739597	-0.24930268551302354	1.2051033686257595	0.0709265454847302	-1.3857288895587483	0.236620920394564	-1.645229579670659	1.298276717805865
0.9189054613245776	-1.4280916496117226	-0.7001279214449846	-0.02976740115430898	0.1916998451676364	-0.5958845261990161	0.9983485452268752	-3.006972672730704	-1.777133626490059	-1.2203766940452379	-0.26213275110049944	-1.4986685331419343	0.9475505581627133	0.18658184239415695
-1.5543177702656727	-1.0543070971098782	-0.7121513196817313	-0.037364274612850856	-1.5031358416861824	-1.4262421074437435	-1.227200520367132	-0.364522540580999	0.1902543772011986	0.9967240579552151	-1.1125753336159014	-1.3322415103556098	-0.04447050773585671	-0.8266994712141075
-1.110525132543751	-0.7629341898509605	-1.1654838726854944	1.7211537358573787	-0.35344237138039125	-1.104852163036579	-0.5661118632859142	-0.265090947796196	-1.5054412047233736	2.2809064084025814	0.7350279498076103	-0.09425116719928288	1.8993935674458644	-0.9837583346624158
-0.9036869532145603	-0.8706079508218807	-0.3263235450676071	1.2359950545328124	-0.015574115314641375	-0.05021599957140638	-1.3841921287392385	-1.5675825595507258	-1.0683608961587068	0.6644062547145193	0.09887976572979013	0.4186316232612357	1.7139839531869072	-0.2728552057288267
-0.1736616603252178	-1.1537106656207488	-0.13716668961535572	0.32752218657948806	-1.7288779510609968	-1.3151606738909956	1.246425614493426	-0.19846032235110814	1.364806678572608	1.9231638523592816	-1.1585930220230165	-0.8864165436657888	-0.30182222297453015	-0.9742700276151779
0.6441977900800656	1.918969579473532	1.228510059814163	1.7696600864029848	0.3496891774230932	0.0615174068064272	-0.05038147651061375	1.8445609194835764	0.31944308055034476	0.37910212495438456	-0.5452835267293236	-0.6603321918314826	1.6717746876011828	0.4778780902631496
1.9887911852050268	1.622667366874346	3.6696116576879727	3.444645058600537	2.8974753753016054	2.217974169073232	-0.9024031105298833	-1.7840493929028338	1.0871412210196474	-0.28301446577059064	0.6445343608282642	-0.07165424458438123	1.8678997084218891	2.3195170609316684
0.7470543203817398	0.7315322150924974	-1.102259046081822	0.8207652994135834	0.2539755505696935	0.03018264118201683	0.9733430173905623	0.8881695864760853	-2.101031274492076	0.5918837367623436	0.11249320368318802	-0.2910390362208733	0.7205590103189767	0.054518661143051
1.6706739518518972	-0.1873578162408543	1.3571873416453184	0.3388849101984917	-0.1224509267657859	0.08068281275978179	2.05835680368212	-0.4449748573444949	1.4031790082331745	-0.036349652188940915	-0.3990537703742156	-0.5144581252333734	-1.0582888668978723	0.2912848715454171
3.4026223783122127	2.7513687709993766	3.8464975734700797	3.3056408543956266	4.4445792361912275	2.938477902783328	-0.3095163171611599	-1.2988360455254193	0.46921517270359825	-0.7119159034695004	1.5229970009821328	-1.366357424922848	-0.14922288750972418	3.560514975816573
-0.033633562031263	-0.011398741968933035	-0.21655830123920372	0.9133541339678733	0.9644188017296429	0.5119741026162228	-0.7578168996756081	-0.7911490058054922	-1.0792804139840677	0.27588281930509756	0.8625247697003878	0.1142264149839577	0.7976515213876337	0.3037603572368355
-0.3690234710161657	0.013670541910002623	0.18560403662162536	0.6676435182288046	-0.08201307885087178	-1.1582490280376219	-0.6213534676487287	-0.19686845384493065	-0.22499464196762792	-0.21504732129889775	-0.15868630810547976	-1.6118510075983443	1.592724136242174	-0.1867532130314738
-0.638890363857764	-1.110877455801631	0.34734677121447893	-1.0010007439860806	0.3168528827012067	-0.9198213123902003	-0.7129514637452613	-1.3421444853162974	0.9842811335036925	-1.5019180098365839	1.0365452553343235	-1.4299119921626662	-0.24956272494073556	-0.2556782196237056
-0.213184726728543	0.9227366324545698	0.9822806751052093	0.8713778776251937	-0.6082758330255776	-0.04251207645408345	-0.8694541901191508	1.3927859327047738	1.1550583765318179	0.9207592269504355	-1.1720704799942934	-0.694325165879028	-0.6228993195171441	0.21164493673513443
-1.1766494036073385	-0.48361242515692704	-1.2653728510292204	-0.1797615947767524	-0.10141647446622681	0.05806014834644646	-0.9599968118757272	0.16292256740537023	-1.0566887995185568	0.2852020319014026	0.8070072652096476	0.9426423924816495	0.5056543266897627	-0.6824968309381018
0.7069897643367644	0.3155485493094312	1.4122518317711843	0.05638515146117151	1.4529019392267828	-0.07562950047505645	0.2109747103008732	-0.4855643553510891	1.4218328560816038	-1.3266475906486999	1.4221880202839972	-1.209286725039465	0.6064179402670722	0.4856035744666702
-2.6455620076845254	-3.542893603691036	-3.8011861297701666	-4.0123567178207535	-3.320942383295309	-2.8312066082266742	1.4629686691537296	-0.10042380258990075	-0.4737679408085794	-1.3501391188061036	0.2950976356396677	1.1089220652234406	0.7803030222105781	-3.638699926579211
0.4063946922826325	-0.1749774590447868	1.62404923468608	1.5647116571674236	-0.2638678128675167	0.769380992759058	-0.8821035873444042	-0.9011344235057103	0.3943893316124376	1.339108082049986	-1.3307823693383425	0.1483923116957367	-1.8148568429386491	0.7286745636463692
0.9797526708844506	-2.0796879410768234	-0.3895765579265448	-0.4223956423922989	-1.1425323208063185	0.765066059755873	2.978448648285032	-1.726048977574019	0.7174040119156572	0.6421117079167488	-0.18050094028836497	2.5305304483386677	-0.6705545469060226	-0.9099476451512073
2.3283606034952475	0.7034298288050044	2.5652373516621965	1.9100348906273321	2.2720046122401296	2.300850776996396	0.7377869892283341	-1.6197722244237625	1.1713239708646408	0.009953963986956896	0.9833667838725955	0.569108847227753	-0.5889210386528267	1.7930773711898271
0.969014116301345	-0.3054949078484118	-0.0022604181296489584	-0.22371901929252813	-0.8856243333796399	0.17325289334125063	1.423589690629131	-0.5645304399123734	-0.1458072139401279	-0.7686960543551353	-1.5319571356085822	-0.16371853060571498	-0.21414478271361603	0.07605231264173541
0.05649438897683634	-3.127723475664677	-0.7805080689448891	-1.8729587375392103	-1.340033684330157	-1.8762042372152574	2.701552617310417	-1.53106808683843	0.22165602723695288	-0.17880551483544402	1.0392455951905224	0.02335791046396247	-2.0938204817166493	-1.790318527218289
-0.47773806652633954	-0.4769665963464772	-1.0881511011171807	-1.6274049053722184	0.03627820994634168	-0.28299212566324616	0.6676453774729337	1.3106456731704337	-0.5394443744950371	-1.0971377836518708	2.0856655898974483	1.1142514710361715	-1.156607261587035	-1.0320325479313304
2.6275133252259097	0.27791410856528537	1.3542655197503164	0.9651956791825348	0.8986435055605384	1.810010590844902	2.5143468360679018	-0.8245178661287451	0.2769595940098489	-0.14043317501340666	0.15317983341629499	1.2142496859986198	-1.0255571688761367	0.9777362620177598
-1.047329438507065	-2.318440427616136	-2.148577472831606	-0.7517450817697647	-1.5048592626945514	-1.3568007185930198	1.0430585662435898	-1.1138770447198239	-0.7486318550541365	1.1004344475236436	0.2516873308930612	0.39301552855038907	0.5598264567360557	-1.762079492131453
0.132262028965355	0.23079978448733388	2.4988715572589335	0.6053290975416122	0.6221536793055324	0.6812400619054628	-1.2001835508617267	0.021353278448437204	1.708615518924821	-0.08215993045072854	0.2835727715730618	0.24225087763251338	-2.0551070706388894	0.6290092315460495
0.5401605571973697	-0.3085213451390547	-0.3555819575269288	-0.048236357865440595	-1.0759022317328872	-0.6972133602744015	0.7781540564356957	0.14713857424805096	-1.1194128960442131	0.018648368936185072	-1.2851502798794487	-1.02418956600167	-1.4530364433203549	-0.10619720102381427
0.5039734375620024	-0.910425383145987	0.46377891601077814	0.5088538126933638	0.3179587565157582	2.2585218228642114	0.48990735208079356	-1.8706653655270618	0.4612395553050065	0.15773387898440994	0.1768142925959125	3.129798002615074	0.14601308881877995	0.18277121840649407
-0.09322767404720803	-0.583236346912766	-0.4850536893765943	0.1032083926488824	0.24786801765042593	-0.29645371405168003	0.3939208275371524	-0.42934666112040976	-0.209989571681966	0.37333132906879474	0.9563567547682967	-0.20650815774282935	0.21217710416728935	-0.3680637710739781
-0.6068703279123407	-0.28425079519854857	0.6810924692687006	0.233530486287807	0.46253242750970314	-0.9612094530702621	-0.7558436272104022	-0.3608291592195835	1.1537270052374928	-0.22835192103958585	0.9796690814484337	-1.1904406079335386	1.230101245694744	-0.3137735488057473
-1.952243470076017	-1.5431850600930461	-2.2755971763745895	-1.525973220810678	-1.1838080506375297	-2.162917186192945	-0.07356821871281534	0.721342940327366	-0.5686582609490488	0.4117848172691832	1.319998518978822	-0.698591067388343	-0.17671487527726698	-1.9406478492340122
-3.035717251675417	-1.4778876416640359	-3.047417198510069	-2.202540934506086	-2.3412262583761794	-1.654343585603785	-1.1229406564352076	2.0658464608518115	-1.2740628894180315	0.39007687690931214	0.5650284205479488	1.2556209265012288	-1.056303397984905	-2.5061348385781415
-0.7356116392695877	-2.337205884167491	-0.8465439095857198	-0.4490894935147365	-0.852298157675437	-0.30688179208667354	0.765769521418166	-0.9835119370199472	-0.10162098509085936	1.5223883945124517	1.236420595357781	1.8764493036735075	-1.7489190774951402	-1.3973149064564947
0.9826793944373502	0.30407431440897315	0.5464332646452408	-0.8334777625037415	-0.20908520105767378	0.0392372878884778	1.4145220903525464	1.3642110396404985	-0.4158937801637256	-1.2748943118982246	0.09261650834559104	0.3907238375722795	-2.1080853533950936	-0.09283523869630722
0.315708838170357	0.7469346946904452	0.38300791593976224	0.5045105189263778	-0.3760851242678855	0.14503061618672433	0.32770819057633976	1.6095956385183128	0.3387913352104352	0.7501027536038339	-0.3145787518666391	0.09311589064274697	-0.9975910710772209	-0.019304474205098267
0.6936649309895003	1.1195150727072136	0.09433938326790192	0.7160035942892404	0.9195791238852016	0.6060016975979998	0.5433469477269515	1.6159430756515274	-0.42110207970098035	0.5587571469792737	1.2702533510226088	0.283336044245246	-0.6114211707813401	0.27223346147256516
-0.18300754069423933	-0.650540623584428	-0.5894965442225651	-0.9136194597160576	-0.4183167918547914	-0.047625371122737736	0.2780840032948275	-0.5660603120895876	-0.40355283981054424	-1.4640219250478006	-0.15531046068408552	0.45062581487078374	0.7601883547974125	-0.46294210729015794
-1.41263325455222	-1.091770633984857	-1.5254310271409506	-1.8723327081907828	-1.9809108746765456	-2.5544136155385337	0.4156408992477653	0.9759663294780476	0.2398010114216503	-0.6585501766072455	-0.5059372906097261	-1.8077546216712144	-0.03869656430009197	-1.669611118811667
0.8373520133036193	0.6028170195286174	2.06291686537317	-0.6582669388700584	0.5218163525825297	1.9961707151806425	-0.4722593757122771	-0.14405002060891367	1.2722615167304494	-2.7741743326367834	-0.3954009215739197	1.655512424706511	-1.3170208081375057	0.9526511935214668
0.9280493597231443	-0.6412470405956927	-0.10100209489963724	0.3561021222214146	0.06075967809981567	0.16242479477144756	1.2514059744016108	-0.7681253005118539	-0.5992170001973384	0.42454378894992567	0.338741403741398	0.05488957718872457	-1.063489631413247	0.03232606599406903
-0.7303581982115773	-0.20493840649400719	-0.8297066945067388	0.327973830716215	-0.13770364632097334	0.08144754959032441	-1.2157845535878504	0.41216050383902825	-1.7324426823229764	0.7547927478391021	0.3896618920214798	0.366217201330752	-1.3867877777912265	-0.17487715323917882
-1.4656054422730287	-1.5341853776861565	-1.6394669504860706	-1.5856384133187447	-0.8927789069260379	-0.599483445538758	-0.20141491466528968	0.0511991446388077	-0.45829299626866077	-0.42037711077747236	1.1072861476288998	1.1312217833273515	-0.6189586939305827	-1.4411131256833247
-0.4087228448140504	-0.8295019605046413	0.3646065884743137	-0.22413072488985672	1.198539777930867	-0.46915679716967595	-0.460553234153494	-1.216856495294623	0.8447041234624977	-0.6422676373686719	2.1809859900222515	-0.6437070057585442	0.6893697141134592	-0.2372620061505594
0.1015145567380904	-0.9538679791492497	-0.7716716285181623	-2.3356083596417507	-1.8814015287664114	-1.4318741709307015	1.6948323049770981	0.21476843872178628	0.29521347469788756	-2.451768412729117	-1.3364362484637098	-1.033737221370104	-0.4589820880637619	-0.990932624769569
0.0028827088205900936	-0.33874369384537506	0.750909401179417	1.3813015813862581	1.453698171242015	0.6451150170953944	-0.1738477980937968	0.23879088372267065	0.24033874674672703	2.426270152833016	2.914381137567505	1.3532232860669218	-1.8861311544112136	-0.10479199319673474
1.3004755403873205	1.5495523001844864	1.5289437621629043	1.568999273442281	1.599954310258442	2.234801766639908	-0.6122625867138242	-0.3481144372347549	-0.4992627036058933	-1.0834796797323392	-0.15800181948321243	1.1217069854571649	1.2748561860148655	1.5034497253223662
1.1599668786750335	1.2019380069697025	0.8230925627818042	2.8144747784453643	1.323637063071792	2.289689884339377	0.16933337637459836	0.20037093776201872	-0.34906890558013653	2.4900431028838517	0.4130108890891864	1.9195681156358766	0.5639711582431826	0.9689212126638548
1.2117490496684709	1.393794978004083	2.0713071378784975	2.4760296008333755	1.0904593317801445	0.7187471489407891	-0.15100973314095856	0.37053565814210815	1.3408195899752156	1.822453250191961	-0.13744146257450676	-1.1848755201467602	-0.35247228921106283	1.2419680409610308
0.9098475202337377	0.7517746723596181	0.07025131245675817	0.9440203159025735	-0.3311048347470766	0.3375514139972613	1.1979035665327156	0.8200072475517106	-0.34147440803259393	0.5242104893437871	-0.9202323472411896	0.32731741954527754	1.071688872760887	0.04543254927641431
0.7999465028865628	0.037075717193039925	-1.2906120231450573	1.2671968233936846	-0.3332066298496168	0.8207679960925406	0.9360285833959274	-0.41024103039591886	-2.5754263193201563	1.1533544282045785	-0.9969817853959315	0.9460503473024898	0.8272875877301583	0.11776281788455956
1.1405043621585165	-0.5865901005609659	1.3567274504682658	0.6437892923532538	0.77405165506161	0.6541055528917863	1.6613486231409385	-1.257718214231744	2.0624657991270263	0.3915049947193462	1.0205512886066894	0.7234290209833953	0.5776898646532985	0.052502855047420624
0.5187026673930819	-1.0244634894616877	-1.1346162311848123	-0.7166910368010332	-0.7943557362036515	-0.8238043479806898	2.219176862521358	-0.3722578504242335	-0.47715230769014727	-0.22037730763809166	0.014329828042738838	-0.2197911843075145	0.38201837777806535	-0.8775124547627607
-0.4044985798108569	0.5240607718403479	1.021267069033406	1.211988482353032	1.2076752833625966	1.224951299527711	-1.6534864282156774	-0.022561085633965305	0.7576475619789894	0.7880013234137351	1.116677789977302	0.7720804936798047	-0.12881280451850433	0.563359984124428
-0.728781081229769	-0.902294686010934	-1.739214352919515	-1.3133155311481854	-0.7339738747438402	-0.46885770327941917	-0.0912710204925746	-0.4182613662123231	-1.7307900378944114	-1.4988589706094377	-0.12839146467822687	0.20566025767675625	0.5546596789540539	-0.7622698020743508
0.06930114467953685	-1.085638518527076	-0.6132057319170845	0.3466409185653281	-0.8964218876409457	-0.06592770193070568	0.8691395447792483	-1.0586744255292209	-0.23160276295411056	0.9917929724405291	-0.7431670924866945	0.35672903063166755	0.13813131480518084	-0.4780601261705797
0.23118633182196002	-1.0330921603418912	-0.281453303943518	0.7595828308209692	-0.8768772034368656	-0.16819348761249975	1.390357574368922	-0.8755579508860138	0.23836744703336046	1.3077612491788764	-0.49901870307225926	0.9208162602150608	1.3163443441549307	-0.7710262586412692
-1.9855454591212853	-2.3245736300616064	-2.626004218379074	-0.5303123281732484	-2.9786652261035758	-2.445940522186642	0.09809090785745077	-0.7559796895785287	-1.8742211522440508	0.5449738256318232	-1.506561803596171	-0.1859578084441549	1.9482995016256914	-2.2606457166396274
-0.6755114354596174	-0.7986682980653005	-0.6279175674835199	-0.346242331983046	-1.1177684751010077	-0.8345209501520892	-1.2319797964962362	-1.547325457659221	-1.2788787993813564	-1.3935310503616813	-2.018922416806141	-1.425255993152051	1.0462725309543845	-0.0795275296606448
0.7426830998022269	1.702098214641509	1.6932653609990533	-0.5372473035644685	0.9556391987322921	1.4888169120823145	-0.2832824362361892	1.3090402478176961	1.3504173250549816	-2.7647559000526525	0.06548632372352052	0.6992396603418111	0.21416000966298449	0.8738420640182946
-0.9426546703780563	0.12892658522904998	-0.5232489686413068	-0.9493525436817204	0.521603460220012	-0.39056443955750775	-0.5718181619255523	1.1981857855085203	0.1862614367739969	-0.954229119673452	1.8548608033148644	0.13243568773595518	0.34221762819698265	-0.6584284117154586
0.7352349502955944	1.372066092614327	1.927199333314788	2.1715681766445747	1.206243124497155	1.8260038597578085	-1.5235234940291607	-0.6093540802640931	0.20937614665312562	-0.02749254147354111	-0.7843257727167907	0.46178104569675477	1.254636020045856	1.4867513367636116
-0.9848748002104625	0.016051406051589612	-0.49216959790333753	-0.6013520206337631	-0.08247573006200448	1.437913139673145	-1.6777106520725404	0.25409535221711715	-0.7990433669588104	-1.1352938596697881	0.08545123013217842	2.1771873752385713	-0.43183214033062145	-0.05003937721255639
0.235078670282174	-0.4442899268392877	1.0440448767073935	0.44259311620589636	0.30303651624025807	2.6004656152278365	-1.1693281160712747	-2.3063455586628865	0.22302338440963052	-1.1671607166255162	-1.0604877067499985	2.4995849423919214	0.17818143540831002	0.9038811212767821
-0.6966374820482333	0.03146376040947124	-0.9013831995070914	1.7580031552897513	0.549925947735157	-0.3310902380358843	-0.6402427535914843	0.46310991685269337	-1.1079122133104626	2.740191215463107	1.3875138805398215	0.040914933794962825	1.0466549102556881	-0.45573317175328243
0.29482874155970584	0.4984325289856983	1.3015740462731133	0.8644664844492012	-0.6794808503691517	0.6867310170431984	-0.3909784525750158	-0.013574932960215532	1.3045756815147287	0.2626001644138339	-1.9767746819983425	-0.051819812018227294	-0.05790298709743744	0.5181580861813151
-0.23694944278358437	0.30712916547318353	-0.6203386544314027	-0.08366095151852776	0.17820002248722075	0.8568664824054991	-0.6790522280188378	0.23637300733598443	-1.3137905833859798	-0.748305159993852	0.021490980779925062	0.8149689248724907	-0.012983111459784612	0.1679019833635498
0.2981759057425213	-0.5120154641332589	-0.36574557372356004	0.04288606484012819	-0.7490905282373064	-0.20158300602079274	1.057845111595166	-0.3253978427183739	0.0016656707698936755	0.2137611680230393	-0.7131376019119505	0.07236847576218591	0.5126060137907325	-0.41929796126038116
0.6967543140996777	0.33797223610888727	1.4822858320984476	1.9405613023352393	1.6044363401984734	1.5405076119144743	-0.9351363823822623	-1.560400865096283	0.42961514015530344	0.7356920352655019	0.5557584581249789	0.29896179084496055	0.4610132818380195	1.1820100987990532
0.6871554459732037	1.3980315752153154	0.9776356284069389	1.3530460092432004	1.7940159914271439	0.8800960495347592	-0.31003752082090713	0.83861382415115	0.22073790370010593	0.3714932684300824	1.5072374816490497	-0.13021413580288116	0.5405959026411524	0.7867441001963948
0.29665507028527044	-1.2829399149012306	-0.9368096050532062	-1.3551587734012667	-0.3982641932518357	-0.08334601286163681	0.5326516905203456	-1.537778055835011	-1.623260938608591	-2.1131964443230378	-0.11550428588092576	-0.05165976616638896	-0.9956938849780934	-0.16113430440460538
0.9569614353486117	0.5588324759835933	0.6733966587455483	0.10001024791277802	1.0306861371481097	0.776760805427281	0.4021463128697432	-0.1747354301794597	-0.03450291597701358	-1.275641351675665	0.6115533911665557	-0.1865714701457497	-0.13413198247875577	0.6905001305870203
-1.0295927357131374	-2.3265123046886576	-1.4829647195914748	-0.693837919435534	-1.3958805100715126	-1.4023073062870335	-0.03978593670274869	-2.0770825332317626	-0.7487343981567857	0.30477730059927877	-0.5264391922436218	-0.9286926500346653	-0.1947614844397919	-1.0413104878616415
-1.4016119848326873	-0.15061929390892018	-0.8445896418447283	-0.2377168343681601	0.0446291485211686	-0.58837645279913	-2.211323680985197	-0.12823621371194202	-1.2520604344729385	-0.6088486997820093	0.19725300201945314	-1.152256060121556	0.11061468619894163	-0.0958005029215433
0.4557636979595405	-1.0860018692489737	-0.45416577685767207	-1.1076308872929475	-0.4832871621169311	0.15172618842695224	1.653338870100657	-0.8722618103909404	0.15693456110200943	-1.2423771916442052	0.13224592860523146	0.8356714391402874	-0.06709024632562621	-0.5492267337492843
0.45825852305434894	-0.47137318027721015	0.23832980678314458	0.657743388796961	0.4210831237154479	-1.4006801558632591	1.0808913321704408	-0.6227269318371078	0.43424329556582	0.47625851408317205	0.974956344485983	-1.8324976859743078	1.292214777123597	-0.3561799765996649
-0.5937977791728253	-1.2214026810165508	0.2184459754066138	-0.3055467997129695	-0.1381778730613865	-2.3203093132758674	0.2510517247007659	0.1706645663715637	0.8134410761954253	1.0281067942571074	1.679941143006044	-2.1856453868377654	-1.8496624763238312	-0.9538689255747228
0.48595833075341166	0.30790804949004463	0.5487734041686548	0.38933752873088556	-0.3437993332448207	-0.6247254798760662	1.0807668480927406	0.7954122234759872	1.1910340481778776	0.597745853324889	-0.2907670287928948	-1.0979834135733284	-0.017166606895089306	-0.16590596321652978
0.10968892834076047	0.07094268449650798	0.03485562184633348	0.5666610711913888	-0.5040106545424446	0.5968301039524438	-0.31165642284220274	-0.3865439706434985	-0.38102637803506373	0.09302363349513698	-1.3437129483670291	0.2585754365065302	0.26975684825857865	0.24891769723089135
-0.40169523680034414	-0.5930065886747661	-1.661536066801316	-1.719910405675186	-1.1474004727044076	-1.552833882980802	1.56673603804241	1.0794439569323202	-0.8686109430573562	-1.6508200258066577	0.28465939083677533	-0.13212971118662792	1.3669009801218828	-1.5140531588585349
-0.9788993412741009	0.37125236764870806	-0.4463112709172453	0.12251543662096598	-0.6858302364480575	-0.49314165857445286	-1.2540703788790581	0.9947612906260347	-0.3391308048862947	0.24530659920259232	-0.7669951286179093	-0.7459838234259901	0.0952061095974631	-0.24464562864640538
1.948900285333195	2.7040458025489347	2.221575654881914	3.6381341713193316	1.741102556634535	1.4241231986389238	-0.22583168101209639	0.9519001215709512	0.1862912913085629	2.00459409155883	-0.6181698055263104	-1.1081804943840854	0.8667093569191591	1.9595638582225319
0.7423529407485643	-0.05287566719806486	0.9657098992548587	-1.217796306039887	-1.3104748021878072	0.796320266382153	1.0271589424410004	0.37768180234873544	1.1644367338830777	-2.0705853295642944	-1.8134980485015118	1.2716530397071113	-1.2270388060670758	-0.034076987393890916
-0.1546115198529257	0.434073774085034	0.03630675599563163	1.5038647618698513	-0.7428699161691155	0.540037742108304	0.033047803368477735	1.1479059892981427	0.4001241602655534	2.5906779649251934	-0.8141823134227366	0.9284260720954743	-0.21028895292743768	-0.21261202890836403
-0.4116981709566077	-0.1298161098830688	0.4586780170541314	0.3445837737784657	0.5520487246451549	-0.15769864950523055	-0.865515577125332	-0.3972924841498579	0.6136807780279007	0.05829726156137601	0.7392053753874797	-0.7418920781911976	0.1005618343814336	0.08844701373055924
1.1736529184946982	1.028425042967311	1.2710636461155922	1.2103202752268718	0.6769650387692661	0.7331429098821495	-0.19130378116545305	-0.6626706370278728	-0.6312890943478956	-1.5736590000318254	-1.0234418625602815	-0.5650850094083906	1.6700634118292372	1.092014742818187
-0.074451133699109	1.0959465375190947	-0.15219930363748052	0.9251699664060344	0.8135624505069667	1.032810670752176	-0.8212104443900956	1.349475907023206	-0.8915253171433628	0.7127176604236846	0.8763506724398233	0.8132085492792834	-0.3557303703368424	0.3574070673725397
0.42609192306446664	-0.625924849738274	1.1883311377174801	0.08393488211668931	0.12569491824078816	0.5799856876148082	-1.2088990967981683	-2.356434942518489	-0.08511375357904066	-1.647294207873823	-1.1703592547524388	-0.8638283474342624	-1.08345077929831	1.0046262716324814
-1.2674149830102006	0.12107895532838148	-0.28187727166646326	-0.21850813979528116	0.36021366511834524	-0.3933388317418419	-1.7709988481804706	0.4735673550979635	-0.14315991281542018	-0.5644412132634471	0.8988952346357266	-0.35380320814988636	0.7922339281567542	-0.32150824336174744
0.2813616312200448	-0.6723520210974232	0.9484834353259182	0.7774328356290654	0.5948120404843749	1.2141555692670865	0.1837934462499318	-1.2401205602915697	1.3504533515612034	0.8322590908201957	0.8708102423534382	1.4944743192422063	-0.26318775315015874	0.12435786570755045
0.8458218912932557	0.8079153789356759	1.0474275370964834	1.7782299805696042	1.3451118661043016	0.18528445392334913	0.2720485931061934	0.14148712606831332	0.5983979417312847	1.2926286910355733	1.062117251045696	-0.8748028191249883	0.7771792629601347	0.5675872507026609
1.2122948449585704	0.41678488218283266	-0.004704231915822921	0.06319931669151604	0.20982033521651974	0.3386131526615122	1.4958277260360087	0.733477074952094	-0.6339065348229515	-0.3114201074617136	0.3359633226217892	0.08985035649156382	-0.9982340467469888	0.176345446560974
-3.914555422332523	-2.41997486423817	-4.0234356423673425	-3.055582272212611	-2.8589055223181945	-3.8132254898292	-0.7231632514797074	1.765088457979854	-0.8688745044272359	0.3693193881318705	1.0336683653314518	-0.8429985863594908	0.1331417214026522	-3.505656283306613
-0.08080132051756395	-1.010616680232594	-0.370371744142071	-0.47701372066275527	-0.9338335628589738	-1.561078706969033	1.631291064218875	1.1382205001779582	0.11507637098132047	1.3002802857261238	0.8769119150138202	-0.3089932001439324	-2.0535577275719707	-1.2828374348249747
0.1501580261952361	1.459988062958557	1.46091605345404	1.1914447815271412	0.876694820650814	1.3597928397849075	-1.521631481056896	0.7496013529816683	0.6994158195396425	-0.03427503814793228	-0.22269537052312857	0.2068619919404968	-0.13655051080294683	1.0375373533301455
0.060604595758971924	0.6248699147887039	0.7766333980018625	1.3725177328226466	0.024269402770224657	0.18605114778928245	-0.769962762083009	0.27230288631713817	0.4640712946200104	1.181079010751046	-0.7289185557012487	-0.8410266467902557	-0.158416426858547	0.4931714683701304
0.33264820335201406	-1.0506740779990504	-1.0569280326418977	0.9332120271000853	0.29798189164243394	-0.22791558269349993	0.6736091124591724	-1.4434198182054405	-1.5847971099753102	1.5159628525091304	0.8028201073354587	-0.4910202399544839	-0.30178681835970145	-0.12426482340384587
-1.9820625104157787	-1.7987792018052469	-1.724805826184517	-1.301809571408453	-2.8192227229318867	-2.2240296084347397	0.040105508008198086	0.5132502183016738	0.5239573976112586	0.9973362511769549	-1.1885384928568166	-0.6059357031499654	-0.2666455114163869	-2.0534002305029735
1.6939208894783702	1.030482196681632	2.296937166805666	1.863834447380929	1.3683639989696108	2.9019245292452203	0.054780137518824976	-0.8744219310069706	1.1160725499893853	0.16911227605084653	-0.31252036644078846	1.8305944443480455	-0.28153145018681214	1.611441645323177
0.3678792523746791	0.8373942377741057	0.5896254124525924	-0.32516215170440865	0.6997724774099389	0.605016698781109	-0.3337016504728025	1.1905603843989097	-0.29796738988297083	-1.287061615997901	0.8325959384154284	0.28015171103378395	-1.3646016186408492	0.3959783308629297
-0.6835381629675674	0.047326825966369224	-0.2795412054939891	0.26926149814237205	-0.08855912950780848	-0.31109880886794916	-0.6614328886415717	0.5532827860047395	0.050894940114415	0.5859206886587733	0.32699176001693614	-0.32386048230639575	0.14953833252525023	-0.3145505121415245
1.096651863950139	1.335860262074393	1.9600925906326516	1.802131490180883	1.9962790215073232	2.3404455571158675	-1.0791559251818457	-0.6835981283788857	0.397686906846856	-0.24339958373463025	0.4172627739340778	0.7085224083954276	0.14319958364084057	1.7173792223735562
0.6868862648394184	1.0742686621179351	0.7300120047969669	0.13458532510535248	0.6712659300020775	-0.6127493467555556	0.5591490628256229	1.1140781380135811	0.5622282384134578	-0.9865202161300244	0.4851014961441606	-1.5873392988380155	0.9292626377819633	0.2199692517533939
0.7276130893132077	-0.5279068105294169	2.4303044025912	-0.3843045511997305	-1.1067612942746547	0.5786024234548776	0.9856487010726788	-0.21969140437310372	3.2143418545302205	-0.601642417732084	-1.41196208956276	1.1008255251327033	-1.6769143963172073	-0.06070908864211318
-0.05638475532224302	-0.04772250768304581	-0.7190565555521098	-0.03888253296050171	-1.078177376528613	0.3585618328064522	-0.1354104693872691	0.4356472723855205	-1.334486263051939	-0.0023274058104112874	-1.3322784951122948	0.6001947980513116	-0.9844966712549603	-0.112211536863366
-1.349412204509901	-1.9643619022340788	-0.7093474927392289	-2.2331724612649477	-0.6986946767613267	-1.4981363328932056	-0.6842983983314859	-0.9150542452499962	-0.041402234794783485	-1.9312252671159236	1.0342629851828589	-0.6615629258852259	-1.4758836038867802	-1.120152634306725
0.8055764605041538	0.12805024229932327	1.0422191204760507	1.0672922026794152	0.07053422240102036	0.9243563628570882	0.19297416978777115	-0.48856578903426867	0.579649146128079	0.6656005867484919	-0.6091696919153649	0.34250954576644455	-0.7712983856658492	0.5754493928530543
-0.2244470093631033	0.343498296178424	-0.049598469576737095	-0.22024987631881363	-0.3237245034993971	-0.9807354175730377	-0.23664935569991857	0.934774682845757	0.11407351747939122	-0.3577766150696159	-0.17992654906926925	-1.7051236157208916	-0.36407156377425826	-0.14455220077417857
0.23015591933537854	0.6807661514375778	0.7726508901928273	-0.2166241738407937	0.618584345045605	1.3025396082301022	-0.7353899627910344	0.0055870834413193115	0.2237965362014248	-1.8362999436386047	-0.09700832191619359	0.8088974342670244	0.2659159648845497	0.6242307083958762
1.3014024585477704	1.407967783775892	0.703741854094887	0.5971181102351323	0.25262165316125046	0.9249332621095137	1.2574827407263967	1.4282753142504714	0.31103014869554657	-0.26484870010463213	-0.49674231842270095	0.36966600524125104	0.21608830904707405	0.5077849334161944
-0.12509471111693443	-0.2884972744008188	0.20665881105398742	0.7323306082486004	-0.9883101026734725	-1.4863301859374842	-0.18561159442068115	0.5015349190708349	-0.40890342794236867	1.5377514386577935	-0.9551580441484566	-2.0194851557103473	-1.8360426940262975	-0.22220968703806024
-2.6168246123441246	-1.0542859361367907	-0.6578726342939005	-2.4532980401624194	-1.3274105996167238	-0.22677884598433817	-2.1979257949080258	0.39932816707292684	1.1169907097648684	-2.274285329345589	-0.05529914537535376	1.5260498517320293	0.21879032531111844	-1.3376409014427706
-0.5158086194711125	-2.282695736278999	-2.533933881007068	-0.6338124034289809	-1.211164516331382	-1.3057204389160602	1.1060964148795986	-1.3813032430086662	-2.271411732617011	0.9522182615993661	0.37803188491123063	-0.2509608194960955	-0.7900134670555535	-1.2959110970626886
-1.8688929489476136	-2.0062871961123694	-0.7413018572575895	-1.2589989186642976	-2.2371583612209216	-0.5986360808036458	-0.9220272204200924	-1.1533070622864006	0.990663321808126	-0.24373711560566932	-1.5379919624531426	0.9025240170739507	0.12182604268627942	-1.338668167277785
1.2401319072650996	1.6993435015925633	0.9416992498998025	0.839962530270835	1.0734686052932048	0.7712893256233934	0.735861751640459	1.5234624168220925	0.2491282883000202	-0.2423591443182838	0.48033547317367464	-0.3676554797367432	-0.0336488799785996	0.7919958274950276
0.42722011749725625	0.6127624914050247	0.038427202013421535	0.48841732365618856	0.03256161147326997	0.562871620636481	-0.13879545042135702	0.06831737922381234	-0.888588707151767	-0.7111362540080532	-0.8459879198173808	0.13780985251911498	0.9990408922811057	0.37196388541451614
-1.071135290176677	-2.3029884817337427	-0.8844992671305689	-1.4847651207145394	-1.8980712072304584	-2.2362259572096095	0.7426225304178592	-0.6195591272709176	0.7975387068396459	0.23003256769457361	-0.04691003306041191	-1.0301977844433368	-1.2581673898364112	-1.67961952740391
0.17174563573971136	0.911805231880901	0.6026744368599389	0.4995734421169498	0.5278920728713521	0.3907366672887942	-0.6108726775495545	0.5765025441319327	0.13969207064198672	-0.5239745725834847	-0.050267265147882996	-0.35574742029668416	0.6215625162828899	0.4415912021451634
-0.04952876317945369	-0.15009383706908175	-0.4449062771799491	0.9493661283242789	0.18529887702807946	-0.2746264354719867	-0.2508711738947045	0.047771787441704176	-0.9297136553834318	1.462463265995193	0.5784924121745781	-0.6593437464087276	-0.8070555183009905	-0.01734580587390613
0.04052789114207944	-0.1121851910685211	0.7104475922669292	1.1278304686611058	1.036101260508917	-1.3226792516457229	-0.5577515746876727	-0.8212741628580337	0.6124017448195844	0.9006743634321668	1.0934095095109149	-3.078098668106601	0.2507286746446806	0.33043357171736293
-0.04709014463220163	-0.07430050949097768	0.26891025395178403	0.349432946111507	0.157930102144632	0.9673836307399251	0.05849847281058687	-0.01155838715237123	0.6424247716304474	0.32450630419102877	0.3800515813486497	1.567734909253483	0.4359348701292773	-0.1545524512254104
-0.8660347164584885	0.10732524928877371	0.2996701899173341	0.41339714861223836	-0.8323993941409064	0.23227860545514323	-1.3297142463405327	0.18201349538514036	0.48547726772584365	0.09023976837273474	-1.3235129459114676	0.5737513585584423	1.0489384174210181	-0.21167053142651412
0.01914088218767157	-0.12726431749318345	0.6223072365313921	0.861866855485977	0.38239643838513343	1.4960099746514723	-0.6363251727240313	-1.079497246530087	-0.0956519532466246	-0.45181178386393317	-0.05538077436343443	2.117633081052478	1.5228987683404895	0.21585427675677074
0.5836408778817419	1.7559144870536172	0.7399359650119859	0.3065918030468917	1.5616217687755922	0.43281972392809354	-0.1708086282033161	1.8834538447146378	0.1299379184393712	-0.8692820776631709	1.5594210060248141	-0.7030581144830539	-0.1562432236736943	0.6570908249595736
0.7226071261289608	0.59599938443346	1.608829373858023	1.149368981000671	1.573126801899066	1.0166390076459813	0.10377990678170569	-0.11183575678508624	1.624450186857047	0.47166543978912606	1.51700984347446	0.3195220684608519	0.1755125330672748	0.6279983318910568
-0.5923673287182432	0.4070728647472798	0.06142879307961385	-0.16078603192114127	-0.49812409526055607	1.4106191894193707	-1.4377652394632157	0.782296154799426	-0.44050280837832373	-0.6158899853375073	-0.776188507846807	1.942536779904648	-0.9799245018564019	0.1336800722389046
-1.618123736783309	-0.7109989634219918	-1.0338210299082782	-0.43974665926478784	-2.6834427809228734	-1.2704367212299834	0.19606257665004523	1.6867295202760955	1.228714929405191	1.7748204496631503	-1.597140844217227	0.5808006660409114	0.4003333547204399	-1.803103346531737
0.6769311402570879	0.10414084110059613	0.3829877048215514	0.8849846923550918	-0.09185734451906313	1.1275164661358343	-0.274790387498668	-0.6293001773350277	-0.9048849021127878	0.20067881185467393	-1.0205666754211336	0.5595387672957693	-1.0719378145900227	0.6961085104196173
-0.025183918218002144	-0.9806048046916485	-0.9051943055140399	-0.6526263749037532	-0.595982151199064	1.6871972032046068	0.7122647548891787	-0.9047745886284414	-0.6971400416589564	-0.7282385321387258	-0.25918867656549205	3.384550912567979	0.4355883940614122	-0.5248577303268661
-1.1907000087110344	-0.06313964911809233	-0.75545509468307	-1.5716258380096115	-1.3238611387021977	0.10192743132575333	-1.0015843539731732	0.8388294117295492	-0.23303893446215623	-2.073075612796884	-1.2525909831530757	1.0199597412477657	0.5634650356513538	-0.6791303032860926
1.9422263683645709	2.760069530720076	2.540584789564402	2.3319617685370173	2.276796727605763	0.48765192472060215	-0.5748998835668044	0.5252565171074576	-0.3455127440211903	-1.6535855672042712	0.006971486575401596	-2.567659535322672	1.828489396874349	2.0792177410807318
-0.11758971138336066	0.27169316771629237	-0.8241678379074592	0.4106415068817636	-0.2436088844618291	-0.8510995094562195	0.6452361455356086	1.319298408304664	-0.5203716911033873	1.2173049665430749	0.46045854765863414	-0.8978599189941892	-0.03824276131258459	-0.512237325003989
-0.6131399876837881	-1.6176971856346931	-0.5776385712461795	-1.185591339110643	-0.9612511081042747	-1.8318500161870206	0.8925448855766643	-0.59124691194595	1.0094460423678793	-0.218455257999652	0.5012591337959792	-1.3678113529695606	-0.3051175125415428	-1.2019255359588146
0.6709242854251838	-0.17884047371038686	0.39500340037368836	0.6557370473754932	0.6836396060483618	-1.1414624094133534	0.5718525388512695	-0.8638559386249555	0.17119494457238038	0.1661293524422315	0.576670705489424	-2.650475444257929	0.3813967925038749	0.2631937309638114
-0.2977690189143476	-1.5058587609599834	-1.4566528976578796	-1.7804304910811877	-2.4639135514916597	-0.7356580487388873	1.6699936552307528	-0.1655891482074321	-0.2050491423625233	-0.968784615643481	-1.7636124828084878	0.7034690198291241	-0.2838426493728146	-1.3497367421609614
-2.16293255620941	-0.6269589409312251	-2.2003376212401564	-0.9481664968294564	-2.531332975807343	-0.9224843474206222	-0.7987139457415107	1.7339168363449544	-0.805546682632933	0.8236246867817804	-1.434643847683156	1.0966529503599272	0.4613069077352986	-1.7595704242852572
0.5253755342024431	0.5461073851047551	0.6764360156063929	1.0062251243044786	0.5339932208892006	0.9453848048398756	-0.5370163522238329	-0.1007646113422724	-0.2674646154227431	0.26990796533986416	-0.13831855351187072	0.07835315771604474	-0.6839523490198416	0.7433566217140869
-0.8483590252562532	-0.13523406413368083	-0.6407696993329769	-0.16532986230867366	-1.114410448505199	0.30561245613612675	-0.3135244673866347	0.7275976712933372	-0.22200617360217376	-0.07412172869556594	-0.8027107375450723	1.7776277377629304	1.255733655919896	-0.8229393980936622
0.4785236471820445	1.1259598271262188	-0.47806151336045666	0.8966474770217512	0.37834196340018433	1.1079758773672377	0.04024475546740982	1.0252463670096914	-1.6322925489592919	0.09781666404441265	-0.1752536844320251	1.1180521677472157	0.9500111614988817	0.3208097746206276
0.14071658596615166	-1.5987682724134593	-1.5134099770069187	0.20946245974893585	-0.2595882704186226	0.07250905684158426	1.208681073230868	-1.598009320377258	-1.510387849217703	1.079107350597263	0.6337937919639911	0.8097490559822376	-0.14337163720048965	-0.6112883527470067
0.13957914141069294	0.2939672240862973	1.0774024493442713	2.653721891772328	0.4539199846983363	0.9140094884180647	-0.44139352009612964	-0.3656451974488233	0.732383535234365	2.6463782491426375	0.04883652247478107	1.1005625399469632	1.434392812600946	0.22647578003540197
-0.2075741342116233	-1.3093904334416981	-0.13590178962093757	-0.2259107961224849	-0.9289310239988672	-1.1352846089282926	1.0975524727771986	-0.881357600150759	0.9804652517439484	0.1945434617798062	-0.15156216799230832	-0.29300433563171574	1.2293659324507011	-1.026449059841383
0.9959180372992679	1.8547702915230455	1.4985188081375844	1.6620291228130055	0.6810528073632145	0.013747212049080804	0.2570541759498263	1.8211155688025997	1.1433612359113934	1.1597784670151594	-0.13558286812578663	-1.6428766160911716	-0.20852352236627522	0.8038056547147407
-1.7292623570405317	-0.784382611551979	-0.17366516866905923	-0.4740976863738305	-1.4927174451312628	-0.6105342828269531	-1.3805801723622384	0.13261655005472467	1.2151011852267786	0.19889973386267665	-1.0263045115194303	0.4211590922005412	0.7369246903520991	-1.0113374796552337
-0.8976466502273142	0.21527204157729352	-0.2681082175407703	-0.6135685683662968	-1.1634974841359487	0.8424561940518864	-0.4218638459443127	2.158010189046874	0.3201263442702179	0.24526076707395242	-0.2594071618796538	2.6804974221528917	-1.329412539243035	-0.8136515640022238
1.0096811935577066	-0.033409531759093	-0.2225091284468158	-0.5562150568235132	0.3396763839179076	0.18478114139039342	1.0898293391497629	-0.6079791191967452	-0.9450688651411816	-1.8132813268837071	0.013817543775051398	-0.5976672972187126	-0.06193527598353804	0.3437649949556617
0.8174217845218351	0.9180880669607849	1.3556527289700868	1.8306635481814846	0.9196680863009654	1.020322985599569	-0.8608811963761327	-0.741871240539858	0.0639626746841332	0.3594957502499505	-0.7248005746107808	-0.6241511584565905	0.6425537245200394	1.2347000663806917
0.8931380540354794	0.43633970571082825	0.8700619415072173	0.5181580867904554	-0.2820571250349245	-0.05362171591624598	0.5082850960472943	-0.26550054415493396	0.5272128318937354	-0.4789528891564506	-1.461352744137448	-1.3010552484811333	0.29882581965884125	0.5358748682720204
0.13990044973918336	0.6447396193285464	0.1205824484834972	0.46016687180547433	1.9892636869695048	0.32042927153719225	-1.0031046129309806	-0.19589877620819254	-0.9863488746671558	-0.8917208825165027	2.0528480398525075	-0.8504786309257255	0.5237579702761859	0.6575272909982247
1.1171915704115916	0.6834432715907474	0.6713984801501532	0.42190486487389556	0.5003372906371368	1.6104022423981048	-0.36389176327687045	-0.40513137458061177	-1.349907675676867	-1.3505855418217352	-0.8081540619722261	0.6182196920568066	-1.2389953841473518	1.1743211731685848
-0.5855372969856928	-0.20377638472825493	-0.6815857589095822	1.4624122399012158	0.3548518972933706	-0.8288797965706584	-0.7880936051265444	-0.3922531533613456	-1.6038675564578844	1.091916594392417	0.7836580964928903	-0.8092016940132554	1.7230275296913722	-0.31302999864972203
0.09623757787061293	0.8953944246007288	0.18992155422972878	0.7764369130297282	0.7159172664196818	-0.24547699236356701	-1.024577603945482	0.7450650989958626	-0.8700960909068793	0.1389517018790094	0.4229480025744422	-1.6505212490973997	-0.75224566992792	0.5988044991887953
-0.5526776152039352	-0.6646269576083923	-0.31671202112060026	-0.05022482502013885	-0.5233879026922417	-0.32809502347753583	-0.3224855921960958	-0.5168506246239201	0.1223875032822125	0.16411891284482488	-0.280760937322576	-0.20306132523760143	0.23193228706059624	-0.4009030402461595
1.663905722531634	1.565143515112331	1.5209897603595972	1.3262070625345885	1.0116730500962396	2.643899628690053	0.3601232850832027	0.3697166764300932	0.17790420321585573	-0.3735777025668204	-0.553918047826088	1.7545371531820995	-0.27760442763595694	1.3988343947814663
0.47942590699179044	0.6968125026152946	1.7026301033834919	1.3536228726886923	0.15518166097661673	-0.04592400792384471	0.02235376853440256	0.14875915786311683	1.4272239063172312	-0.016835278799471356	-0.5172680395461194	-0.4784991324500316	1.7015380803281448	0.2672493918317955
0.18094454552984685	1.2351328273855893	0.5694638038512083	2.149285575259233	0.6707909802980634	0.4177371598570194	-1.0515632090256577	0.609582588247111	-0.4873468003980268	1.582112838359705	-0.2839207587627663	-0.6233616491035854	0.9609154458938315	0.6772001852585563
0.6573212903943326	1.0060372875038037	0.9077288840185169	2.07064460710572	0.4947469564158526	1.2639377391423623	-0.33321106607117984	0.40420699769471097	0.1374318752788957	1.835801131956137	-0.44878343572316454	0.4283605540928397	-0.24751812675079077	0.8130167142371354
1.1680403630074327	0.42132884931798653	0.6717272274160595	1.514164521389781	1.0408995961136687	0.2499279384044934	1.141464521013324	0.3646085316947492	0.2934288552718935	1.7677554896637726	1.368677978267673	-0.4208724948886086	-0.8097827757910591	0.36452028545934884
-2.0152152931751783	-0.6740864121647637	0.8045014503546619	-0.37541607686984274	0.5248542482038883	-0.04427187896136641	-3.2271701665597146	-0.4413004999633402	1.383487784974725	-0.3937511765918944	1.5081836631038275	0.09647228297688809	-0.9726080462169603	-0.21478450294336754
0.06050645183832615	-0.12288469314184822	1.1935521231015591	0.5626382144385641	0.060607477475074334	0.09107918403010151	-0.27236637358733234	-0.5503509862113513	1.6291481960076777	0.2585649119040784	-0.24453479651422377	-0.5407610777727573	-0.04192853270514408	0.21571160512599133
1.4525132912717962	1.019134807709269	1.4824346632515155	3.1186255661337428	3.282891085918389	2.3920882415391196	-0.8157995709297524	-1.5852968486382553	-0.7354707195745025	1.4978483782971872	2.2012784172702156	0.6438622598799504	0.6304641349949286	1.8442200898932364
2.349589139522182	2.5215914652963027	2.2744016345168654	2.565642743096133	1.832607545846595	3.7755210641073322	-0.37835582185386946	0.2927499515007249	-0.47794205458463124	-0.024764449969850017	-0.8706018079095318	1.9003976279016945	-0.6515758178942813	2.476256657974724
0.39975759585486653	1.1365695714318071	0.6442964086319148	0.8954202896035043	0.6544348644205724	0.8915332775518423	-0.6285440479847664	0.5705198599131214	-0.16678410053084047	-0.2093984658563543	-0.22709037595031173	0.0248216090058047	0.47663191637245017	0.6989312722094443
1.026151820872703	1.2080923107992407	2.3722771919898453	1.1106115483950643	1.4611833339402003	2.4384380475491447	-0.6621408440235944	0.4427443572782409	1.1438233422504391	-0.29200661447631965	0.6995574786859494	1.9697490787814984	-1.4919054824555378	1.2408267929234038
0.23274133055563007	0.10945479300656868	-0.47038603574035004	0.20048357702935984	-0.5182933117163391	-0.536424507856952	1.036632285436307	0.6684257602821199	-0.44821887892782436	-0.0034839972235937147	-0.2563944515309734	-0.0395339967841861	1.3370960362438942	-0.559019870411482
1.8279215741586878	1.3160914635946381	2.3594587147133894	2.0676337184015314	1.2988451464498403	2.1377823809825243	0.6195095518735432	0.04657802131603744	1.560927117273073	0.9352470544367896	0.012443952614265332	0.9638343877209122	-0.4611394111795907	1.3803725330409338
1.4017736301121508	1.0026453629892358	1.0693181175852429	2.221149749440077	0.5921445821547742	1.562685484032461	0.8666466465518858	-0.09908773229108414	-0.6548942927187817	0.13484467288174024	-0.41956490010006614	1.6398609343460655	2.000261128691645	0.6620457766255572
-0.5096827070955233	0.5366326976206709	-0.3493101841283512	-0.005564837402949885	-1.1955561710991442	0.3754545080110999	-0.9974159164599083	1.181948755086764	-0.7304810455939065	-0.12882287385917832	-1.7276438837788752	0.41963184624990874	-0.7480284425031749	-0.022930866930752435
-0.8072217706064392	-1.2371145943596602	0.20303960921650022	-0.149413770000194	-1.2148772583021554	0.04422366381762033	-0.8195375574770158	-0.554906022387148	0.03398595682471176	0.5792304758543216	-0.8287851156303894	1.0553582439287175	-1.8841340315186188	-0.5273441746236477
-1.798568454380958	-2.2897104092320966	-1.4595192272699575	-2.7887657374616155	-2.258346576704207	-1.5286761644111229	0.23656077936449646	-0.5077816556742253	0.8333817971059699	-1.674973604611351	-0.4555916858285326	0.3913261752850266	-0.11438225191659829	-1.962164965444242
1.7118916392853372	1.4630227141969832	0.8142433191514721	1.3102580150046648	0.6633080132700754	1.154036075905611	1.317391162991244	1.2488310821291775	-0.1384813680886153	0.6141457040840552	-0.0947268771581982	0.26158484034825835	-0.5807591662464968	0.829875898168776
-0.6190927882541556	0.6918555291521437	0.4431543379840581	0.9060576165733025	-1.5719316510264008	-0.327660652019967	-0.29783993366575967	1.8069225025005917	1.4320175286371246	1.6618581860205324	-1.9317449270290754	0.17822228013104402	0.862227781582216	-0.5647435286646545
-2.7478723211268092	-2.5562539781892775	-3.5250099095086656	-2.2375424399307926	-2.5853797587768192	-2.553083851773784	-0.4587097775832942	-0.1601240525044206	-1.6950025960216564	0.007803159430898124	-0.20524896839769002	-0.3304662902577139	0.39580799476559414	-2.5393411456397437
0.18570461505252023	1.6137001474949952	0.5201648164008513	0.6365361809352821	1.3727313428532897	1.2267119368306014	-0.9068375120430824	1.4643119954765944	-0.29602126328289724	-0.5088149818796895	1.063545775348594	0.5790123348911766	0.24835914320652389	0.6854411215677338
1.817401322713333	2.0009348293746942	2.2715906656276723	1.0054580144944714	0.7493019621032561	0.7864971437139324	0.9680394725986076	1.1714187386266954	1.6220600638859737	-1.0612458850852522	-0.8615853971961336	-0.6985806083729468	1.001353373866235	1.0978129114254298
-0.2541761622167761	-1.217364660460338	-1.9505424130731939	-0.4594095843673343	-0.5754516669167518	-1.2913284813822288	1.2077311633772398	-0.5057545874460504	-1.7397999281371623	0.16412254110454375	0.6224830104439796	-0.45419003662807755	1.0350208024077727	-1.1209160684742625
0.9917174585729779	1.078543546197263	1.2574007272518486	-0.18705288234526285	0.6420283898453878	0.27166057615341277	-0.17947435036841503	-0.14296001832365257	0.14300188823344298	-2.8457552011957	-0.8120793516222305	-1.3128387906285126	1.035163699816832	0.9572868172280882
-2.3268042653864844	-1.6995293513918128	-1.7550390108164176	-1.6347959761035389	-3.174416497377676	-2.1679519200207005	-0.08866498805669369	1.2826245122507722	0.9105024155529712	1.015781044330868	-1.1843074165140623	0.03545797318077506	-0.5434644186412771	-2.3604111750140206
-0.5230813810342501	-0.8059655583199831	-0.576440378939826	-2.3754575314143738	-1.3244997961809213	0.1428768331246585	0.5601832313233321	0.3997286633113838	0.5211177472227134	-2.58713862571265	-0.47205247579627413	1.519099534829024	-0.5165916806500022	-0.9424844201768129
-1.4827974073549435	-1.0786099951673191	-0.864030153657052	-0.6391965747525394	-0.37656495707667076	-0.7196140440259432	-1.6305913295992742	-0.5151338542426984	-0.6034325660272545	-0.19201405090503676	0.6312412471759907	-0.4117606429090759	-0.7600775146414616	-0.6175141796934077
0.6966836110316719	-0.07225938016035349	0.4159715904779264	0.41807670603333535	1.2366461136544071	0.9169319921124752	0.41336040044037736	-0.6510629213846577	0.0047187700377587455	-0.18547468475706047	1.5280632403278518	0.5676298741218593	-0.3507701093269263	0.3885323945358264
-1.527056986398457	-1.1248998806779624	-1.115522837567399	-1.4638625148378366	-1.4466684203352205	-1.5855510989700106	-0.13492275742961457	0.5200601718309915	0.6098448347761368	-0.39906846626920167	-0.014160884259232448	-0.4512383591859635	0.3340746350994464	-1.5037509107964466
0.41252292297700616	-0.2930000997480148	0.4710477131314107	0.012374748874707048	-0.6668103770039924	-1.062080673865368	1.4357136139324387	0.2339798977731235	1.5897988727060792	0.3706854745881729	-0.3841163205497344	-1.1992824286992596	0.44725400869961435	-0.5228388401518117
2.0478673910435443	0.7594164749055383	1.3451770507907856	0.7932227855037299	0.2670707746923685	1.1403493789589574	1.4673118727113297	-0.10480318411902609	0.1827570852477753	-0.5090587865430051	-0.98164271140309	0.015537247542977707	-1.0218810963166052	1.026674604640275
-0.10923650787577166	0.06373984712023217	-0.701267774819951	0.17512599489335445	-0.7949197336613987	-1.0489313661421333	1.1413735270795697	1.3820357826755305	0.18438810540479986	1.1506902691841867	-0.035199918643775245	-0.5297389599840384	0.6338092751317191	-0.89224347751143
-1.7679622864787712	-2.4039744725283363	-0.8357726506707965	-1.9835680786927878	-1.628549230708458	-0.7419493316392548	-1.313143463381345	-1.4984976107431918	-0.3417440186356008	-1.4117272087668429	-0.4236873467633183	0.7479183438881878	-1.6495925969738838	-1.1749573866876446
1.2791916498118903	0.022240854104776775	-0.22276881451400732	0.36616387051524385	0.4207879911185761	0.5882654999979263	1.4751704438073696	-0.22942350214196666	-1.0049807874534082	-0.048920504621636135	0.41901177444235244	0.2302865957441993	-0.662593442627475	0.29241364391545177
0.39084340590202454	0.9294867458667694	0.9643667128270775	1.7437028584539003	0.8053153662013621	0.9021686624903121	-0.502203042896519	0.3381845725080151	0.4654376517713434	1.2550845525212684	0.15034011459257024	0.27460601845511895	0.7064959975678856	0.5852768028483831
-2.014581128950402	-0.22745255300161538	-0.6943026422319121	-0.3679406402761056	-0.6560524346542183	-0.6539446699228367	-1.5846227047726926	2.0246173144649244	0.439823214534136	1.3052104351447762	1.2343110254553602	0.7947825172431732	-1.1340538098976063	-1.2154121797010489
0.5421103605214106	-0.0467119720431304	2.102470824577574	-0.0999419441226887	-0.039011824801126305	0.917813833703442	-0.17667704630538253	-0.006764362764577983	1.1022364822404402	-0.8863698321898903	-0.4950847065743287	1.0587043827468328	-2.2692799511946182	0.41120263585454003
-1.0220563259861746	-0.13150986741408044	-0.811683972154486	-0.7276129951511852	-1.147339868594422	0.2411725702179589	-0.6785693490257447	0.790313681941149	-0.26904514154311693	-0.5575126534560332	-0.900658306417881	1.2083398862189256	0.33505774722415604	-0.6727096260236011
-0.44050054109970654	-0.03895717214124883	0.060899666637483474	-0.6465404788939764	0.13928650803183085	0.09491035911584605	0.16902203968907414	0.8337586093091643	1.0479827912108086	-0.5175328886697037	1.1311210534233869	0.7863700048684852	0.17348560799142676	-0.5739094593250327
-0.34334991406644694	0.7165210880893064	-0.4914803114944861	0.00047095104531108545	-0.5387214154803593	0.26074850144726547	-0.55085272278341	1.2101219759493187	-0.7514208842568726	-0.3232129070822982	-0.881553954538546	0.18744914892782188	0.1923937863117665	-0.048030854742638115
0.8755711870529104	-0.6059959829050839	0.1928196969258913	0.7813630290181136	1.5585008550732908	-0.041416202970444016	0.37772714959055337	-1.5454096392804402	-0.8447882061360602	0.3184767859528358	2.0146310406870933	-1.1158342158477073	-0.9636304518975193	0.5139758910426839
0.9989338539671564	1.0746204202474723	1.1971997286796692	1.5659395174152206	1.3600388675728448	0.395874923841695	-0.516579974720203	-0.44937136355706175	-0.17756932779684578	-0.07458872942106616	0.04635979872283433	-1.5923640725278998	0.7179230021827333	1.2006586379451627
-0.16441972088393386	-0.16333613054447677	0.37440561001757	2.0151522060007347	0.04161322880655319	-0.10081087263847821	-0.12616116816070386	-0.48105324538765043	-0.5202099751228231	0.7422892203873781	0.35019102795588364	0.5814754125082058	2.248193036256509	-0.3243427905631884
2.2170678885605164	1.4962699584793104	1.3069777896245653	1.638267587702399	1.9117067733782873	1.3999638424641851	1.1091020132199922	-0.23964737653920487	-0.662178894547566	-0.7545445918918491	0.5543996001704773	-0.08487155284529922	1.2557338881850921	1.388911606765815
-1.1818666771967945	-1.8824018739278516	-1.1280190031846602	-1.1495131698322474	-1.4132981567503355	-1.5298566417788662	0.11365848306551497	-1.1509121473900124	0.1166839008308345	-0.4843816812129204	-0.3209746779600516	-0.42958644082224273	0.9681091849701485	-1.385476422487874
0.8954267092174439	1.8008982057582403	0.6700853302209077	2.477778792919656	1.1225288100831048	1.931392812955056	-0.3702697402915345	1.496661426391731	-0.7095775556850997	2.2415403651378347	0.3541364953809099	1.2387345763303839	-0.6021127748755245	1.0233239048983067
-0.8885175626753782	-0.6098680367386201	-1.2598845883796628	0.6101130167366621	-0.90404198050597	-1.4476672564105755	-0.3308641060986849	0.018698143621187394	-1.0911843287955107	1.4342621672900147	-0.4066162819042296	-1.1784560496241467	1.0740772239384524	-0.8359023676990229
1.3404595726570574	0.903572612552064	0.9664217588270764	2.031862561394795	1.9143850580072472	0.7369071344500959	0.6301708304386074	-0.20696363376854465	-0.11602410748953874	1.0772115302730718	1.5368960238672622	-0.3069122177559467	1.0398399323299865	0.8197828063471935
-0.5576222023564091	-1.074528269530183	-0.7019186768482487	-1.4779859729620375	-1.6168208490430136	-0.1074955884644061	0.35054885753718107	-0.5140636074765795	0.1477330810584147	-1.523388077222684	-1.4177232764141332	0.8152818603247142	0.14270754583298434	-0.7946316142108322
1.2333093576728096	0.6114184807888516	2.7726301320386453	0.4225159926040035	1.7991035430391789	1.5147729013925755	-0.03207635485377796	-0.6558930990430138	2.5457353100439333	-1.3703738255925477	1.3046213631342412	0.36086858176469916	-0.7046464331861554	1.145883626851891
3.083834269184079	1.0867441207105997	1.9437374577168294	2.2482188947865946	2.7305928624735545	2.488426210870829	1.7433272472324466	-1.2623451053801924	-0.10981691797376107	0.2994786802746296	1.468877383400764	0.6082181436043019	-0.5379701936047371	1.9517452226596623
0.3039742792373251	0.5379816906429378	-0.22274498727869618	0.6416792284227404	0.9266221561858337	0.9593214473728614	-0.9943289284620053	-0.6049439352153517	-1.8532572981057287	-0.7661153070688634	0.04280380893303867	-0.21451987728727195	0.06261378729667168	0.8884252943128145
0.14474611099160245	1.0929757546898329	0.32483106390562516	0.8364831551394118	0.2274550411129912	-0.022664290272618494	0.2152317749109408	1.6938386874057936	0.41461209896243667	0.6953348370635233	0.30368065572376	-0.014201991587964119	0.9969469905422826	-0.1227168558620997
-0.2706434866115866	-0.5728378764466991	0.2968242271988435	-0.04305734549509399	0.09746830073503425	-0.483846113346744	-0.9465243833942021	-0.3658085691167667	-1.114942063143947	-0.2284716031790593	0.3308241075241625	-0.7499790581640327	-2.1164309660889686	0.06993345824115459
1.2555742831302266	1.5986471183784843	2.2209999456252123	3.8221968257131693	0.7610520380687754	1.1007189663261499	0.07388278626715715	0.31727357871987544	0.5582489172511155	1.9419082968783365	-0.6541045412187391	0.3708095787865474	2.1244500979223466	0.9833929515620895
1.013391552705269	1.3209735852025646	0.3682399041447703	0.7712777726722317	1.5593112174699268	-0.1758256904465395	0.9005830065663843	1.4029681098398887	-0.11938662220076088	0.14026445384961708	1.8012740837622947	-1.3234081649158076	0.268924707437214	0.4254077778111886
-0.7784078246737555	-2.0285593739659737	-1.564134548684625	-2.2542594294524294	-1.4078817048550556	-1.3486859381329204	0.9868288731631497	-1.1581148562094266	-0.31917839234720785	-1.9845113460796768	-0.10216469850113725	-0.02716310057243415	0.7351908476537448	-1.4807286297710667
-1.6994435013873685	-1.6628061320652732	-1.0122062803239773	0.34417706389709574	-1.1094056535609897	-1.320770207477215	-0.9809263563932303	-1.232534016914477	-0.8705514258913081	0.19586887110618503	0.07963189125778293	0.17749704693833662	2.0546869413605338	-1.3342231101886937
-0.10037811920308418	-0.06193762610199882	-0.6406245079795485	-0.11020242260799631	-0.12207477143490082	0.32566804762505663	-0.10678878492078252	-0.07349821547985087	-0.9546577235593258	-0.5354224810971929	-0.16713615474375712	0.44338144756523906	0.4933580988658654	-0.11651031658726138
-0.44146640973000073	0.5902923012263346	2.0807137289712445	1.2366329420613003	1.1591347304467534	0.7297647509879743	-1.6766064753456453	0.9421234612534166	1.8917197373302497	1.3909723341663183	1.65294275498574	0.6508504401672459	-1.7030248093233196	0.3656231863389486
-0.17905520997942093	1.1655349574557763	0.882212970011005	0.40761796444520976	-0.37836011874736997	-0.8090410802210711	-0.7761687220183114	1.4250156362015964	1.0344509545930964	-0.2379358688120965	-1.1379513570252708	-1.9559091700563482	0.5713029284226374	0.19626499005029094
0.31979996490904006	-0.6259894558359546	0.017419256514426787	0.7606747858758717	0.4405392192927381	-1.1882039085525657	0.46204451132271324	-1.1491260629370779	0.006264728243511283	0.7724496223015053	0.6365551631398331	-2.1973287513756596	0.5295158975831504	-0.04241699759033788
1.3206384211753093	1.2059722849978423	2.0524897713935912	-0.438655186244597	0.6583259105368436	0.7052875397425289	0.7523436912293746	0.6969820970012122	2.0214219743030375	-2.3844894091755306	-0.21630227027563145	-0.5344584037719191	-0.21363001623619246	0.8305090300443536
5.502216115610059	2.831440745963281	3.3383305054475727	4.6905346718733565	3.079617020258087	2.9372961831068345	3.9665907630931265	-0.5845227343593951	0.265164730328418	1.9496034576657326	-0.12029484060613413	-0.263949709588735	0.9851663666805636	2.9851211132428057
-1.606875948658185	0.421748376247735	-0.6720553541307513	-0.19516531152733008	-0.9312392810105219	0.11019759927263029	-1.2073926913521602	2.4305174938592957	0.40872852952775335	1.0433156233305538	0.17145903100535168	1.4669087722024041	-0.41997186973417555	-0.9525677461210073
-0.5862357434601934	-0.23379039392810366	-1.0213405712696102	0.8219268251713676	-1.2323593710905314	-0.4875050514654805	-0.6456790143379929	-0.0878588307244354	-1.3172113513163712	1.2924658297283407	-1.7459726604763353	-0.6451684192518411	0.4824878594034229	-0.277572667374127
-0.1459037546969071	-1.0199120704908684	-0.20572153007421567	0.1020092516915376	0.3225976325245458	0.676925600457678	-0.25191492518547826	-1.7566746970129523	-0.3226376669897609	-0.3048177831195597	0.49492996554935603	1.0159009273157038	0.6372647515339951	-0.09336020258989607
-0.30612482506334104	-0.45262264230279164	-0.40524707911159286	-0.03889964816522207	0.5023241276827451	-0.526245308641587	0.28729529788169594	-0.14849459879198984	-0.30977875885602124	-0.4359033976463334	1.6060542732091356	0.1954079160189351	1.4852564621194262	-0.660577175451483
-0.4940580505325045	0.608249195877338	1.4987325412969956	1.7887764299535034	0.7059989072564534	-0.03946392258792564	-2.8410147159782544	-1.142795296873455	0.2567555619450296	0.11044075244604824	-0.8884687847760256	-1.9368095833777488	1.2097634469616168	1.0519736846090875
3.007017313062061	2.6411686689728326	2.7408980469622937	2.672459537079438	2.851610502286585	2.641677770929235	0.2881990457189385	0.2932262508685436	-0.31228436043447105	-0.132605843070144	0.5740700954708946	-0.22384908067224277	-1.101617533575463	2.685556425166799
2.272481342640753	0.7185685848200918	1.3460789980821415	1.586691819220932	0.7397585487202463	2.149739197001727	1.6144852920219699	-0.9789091019574349	0.11011527582463554	0.1305268461057334	-0.9433941437845746	1.1278971122624917	0.15289924666743032	1.2753341966610665
0.34519192344889865	0.8736581513574956	1.0949447808149637	1.138572839545395	0.6328262149213096	1.3485366853198177	-0.5455028062282822	0.6388582868596591	0.7555502721672775	0.7111219640554947	0.2304832663295567	0.9705791036548091	-0.5031735599408935	0.5909778912298789
-0.9666217880281742	-0.9412091941960736	-0.9630276074896356	-0.2832607524313302	-0.8753585997572328	-0.8607703548940155	-0.39706191778250066	-0.3565473434073662	-0.36059690393122773	0.4046545516484416	-0.2467248925565205	-0.5175873726920106	0.10877549271067627	-0.7490358866937891
-2.132999009519497	-1.3327877269427197	-2.218757642492828	-1.067394216102809	-1.3558457439244815	-1.0738277404012708	-1.388289037748915	-0.040546819351925396	-1.5243783920263203	0.06836801410074797	-0.078977376674504	0.05072940788466731	-0.02119587514930051	-1.3042204603017045
1.246646305625511	0.013690254972867522	0.47513228185933565	0.5424233153614075	0.4901425122212092	-0.20871075168218362	1.4897437277394687	-0.5797216819133045	0.2624868815149726	-0.05152497097764931	0.21626450823742785	-1.1578892916705625	0.3251159122518307	0.2965000816704841
0.3154897139582542	2.0626098065314986	1.1160574095349032	0.9204827269599256	0.7530669351197151	1.0828033106199866	-1.2334082836037341	2.3735560727891163	-0.16132624447209507	-0.04618681203508307	0.08674723366486589	0.21849871277275545	-1.2668856688537193	0.8918532966287729
-0.5495361101027462	-0.9856496645188955	0.9514612235328851	0.81734390007089	-0.9091384313737336	-1.2504682727964	0.08225228413145716	-0.9704423644196234	1.4739894961257032	-0.019162287872537025	-0.42403811218491544	-0.5353711290731985	2.1131518399155493	-0.8260146138502312
-0.34219268829778393	-2.0993362652272083	-0.41917507308611945	-0.6463049566982296	-0.4662340871156694	1.1114926156307425	0.8897121751046171	-2.063331370545383	0.8188011848249709	-0.011347304297641385	0.6629922906293758	3.130099426910251	0.4336050107735339	-0.9480584450546853
-1.055999904047869	0.4323393892666717	-0.6796653208107719	0.3539816554502615	-0.564569022421143	-0.4770469328172774	-1.5678795635407587	0.9649700835392311	-0.9171493044494261	0.5000031892134382	-0.6965723112300773	-0.9095903996652912	-0.07994362965615325	-0.1306539349256363
0.140029438424415	-0.9069228987517819	-0.436069929116738	0.5182526964155754	-0.6080207190653851	-0.38030430384714364	0.8860618135136868	-0.8778023606319926	-0.01483590993410798	1.1373348076551517	-0.3766986923990093	-0.1847990245430065	0.3760423617457723	-0.4554499547217409
2.679828556667447	0.6869668554196823	0.7386966894683117	0.7461681008510335	1.063778285362829	1.6006634053118107	2.3646072017781377	-0.320340715091778	-1.0537908694242024	-0.7096187400683781	0.22940472981094168	0.6831113095278296	-1.145903895505573	1.1083520635758637
1.2121047733523156	-0.11758859561615742	0.8939098781871366	1.3907697249312694	0.36190585190430485	1.8471320701008773	0.7418097083934664	-1.5954556104502844	0.049661991655416335	0.27700013534508333	-0.7248584235581528	1.9008788178825096	1.1100324275801803	0.6176782851379771
-1.532306633944616	-0.777643274247532	-0.6666825488432986	-0.5049283437039678	-1.6440336305391776	-0.6353858163087067	-0.9835931485242045	0.449105905215468	0.5151803360933576	0.5584643972384892	-0.9960777147629578	0.27279831687393274	-0.27883267419099556	-0.9913402825386136
-1.8155088131132082	-0.4322539031240006	-0.37907071974259743	-1.5730735373519176	-0.6401903406794692	-1.445860432955523	-1.3257418469179694	0.7437766215706634	0.4345143722399754	-2.4178733598754736	0.6339081607807145	-0.3349292406055609	1.7015417865805083	-1.2188282333825002
0.1861043641086457	-0.04115409110532636	0.17885515428089382	0.8830051323569156	0.10385402009340497	1.4806077304039675	0.23107931608944515	-0.1497816229723876	0.2511835533131721	1.0548021225729425	0.09198611452035674	2.0942095148596613	0.11639773452908038	0.025435335772290107
-0.3378159114063103	-1.3379962808428716	-0.5790773248137846	0.43918539797883194	-1.6978654801486743	-0.7288417979256594	1.2032012917283899	-0.4715113729364986	0.8526266821432752	2.147475927604642	-1.07060742223954	0.29640424329352344	0.23133549749527135	-1.1013565565800267
1.841232427472005	1.8882824166797736	1.4419416450485032	2.085745189597915	1.1747834687794565	1.2649071560710792	0.5244793590891466	0.8987853309580932	-0.08804515477406731	0.860433392322003	-0.2968116475241485	-0.5975006576240088	-0.4893369491938175	1.446878607943681
-0.997967221786983	-1.857464294200915	-1.9309928365913254	-0.42788120752784886	-1.3283253923563039	-2.0169426308396154	0.7727193322614856	-0.40101851228568597	-0.7243914386958674	1.6222263442107965	0.4767035731027859	-1.1118278014945457	-0.42329630524468864	-1.5321939257805657
0.8271176914656312	0.6450429429885147	2.014914943629546	-0.30222706546945766	-0.11615685968967915	1.9763073523464927	-0.014073736382958947	-0.35982173046620586	2.0038331010082975	-2.343704711501935	-1.6171831432261539	1.779483163042452	0.5916270090183473	0.7426105794645688
-0.27540493215570855	-0.3463061298952572	1.1516074008173778	0.5652993806514646	0.356620601497663	-0.07848651320556738	-0.8593613283608846	-0.7288194024763224	1.5776422135414578	0.4331264826288749	0.43904746656371935	-0.7239499417741427	-0.4056394456459122	0.17211340071971867
-0.9727862049344187	-1.1068335858188496	-1.4685995958551898	-0.2742563832440371	-1.023211140918094	0.4147593834155715	-0.3825969298268269	-0.6727991234904119	-1.2172699692641036	0.2503730409409377	-0.5085143811778035	1.8823049266634488	0.7730979442239959	-0.8577737005694016
-2.447693950943024	-2.977070890543306	-1.4060051695921558	-2.544700697847296	-0.6971039161849699	-2.552921737011184	-0.6592510467464516	-1.3694635385626373	1.1325958972892471	-0.9936277436651298	2.4293422805258524	-1.0747920392954644	-0.27404799411928976	-2.1005831685818657
0.9133381338279212	0.24678670533122438	1.8395524414912658	2.298273061564917	1.120429679289031	0.37331453194544295	-0.5622099062261309	-0.6790428094845377	0.11795398685730756	2.0532063266217655	0.45334313215478217	-0.9939762424615662	-1.9130557995567925	1.0368235509333055
-1.7052156006380397	-2.3288920736458594	-1.905740452330373	-1.2430766347096818	-2.3217775572728723	-1.1284658551797384	-0.7441949913757343	-1.8222452275224739	-1.0349102951270355	-0.4097604773624805	-1.8007185882587464	0.08335893037038208	0.5612642586759804	-1.3477977888675712
1.3346484101333418	2.5054182111227288	1.4944456407255184	3.2339760815623273	2.2467013539969423	1.6519411080899808	-0.2912497987094323	1.5821722817018677	-0.05965840877749127	2.301081657417657	1.1835808832974224	0.2214840604150679	0.8473171741391787	1.3866514072737726
1.2895011649512784	2.0119477748422208	2.6847336473001615	3.21213366857646	1.5650059784012587	2.0320976063628597	-1.134772116916571	-0.15812362142583597	0.5972254509322907	0.6410190596123848	-0.6813441645549987	0.4591420968891657	1.660983266552678	1.7746252943871863
2.1527017893953646	1.842125494468792	3.05996185358251	1.7655417798432103	2.523534078610735	1.788241879713863	-0.6029584341272441	-1.1701300174717484	0.9355800678790592	-1.719158704639349	-0.019613072332777693	-1.3094342151708953	0.64849760777928	2.414503983395985
-1.0475725817036166	-0.8216371324006309	-0.5992087046154374	0.550235607919445	1.2246848053639245	1.2820734825421813	-2.018562630290766	-1.6483536078765482	-1.2227091637972989	0.297022615878794	1.7626824937017005	1.6010534737589333	0.20809452439493484	0.1257561274463111
0.8660529731541222	-0.35973259222383125	0.8434398541507765	-1.164962828643059	0.6015099943356346	0.22572373276327548	1.4561954572359244	-0.6086614239176646	1.477098260880156	-2.315872583698021	0.9971338243918035	0.19682660141754096	0.40735456039514206	-0.07600664995226086
0.3682758208050034	1.9055708314285296	1.8369913764565462	-0.09695123642988579	-0.3799204710746681	1.7823908680770193	-0.5355226132983388	2.0190651635419576	1.9635341387592784	-1.6612120506998802	-1.7894256674307931	1.5652751895548762	0.22853029729245794	0.6484256738448633
-0.5359100596665825	-0.22242325849192177	-0.27017029101124074	-0.5522952887380614	0.2819078269128973	0.0608937517314082	-0.6931056309644141	0.027121283588208853	-0.19189584710008364	-0.8711548805480008	0.8659038214131922	0.07680861215748674	-0.31750610362754017	-0.17519480791933903
1.2858985150000941	2.8765985714021	1.6243911022533393	1.2273052940529783	2.2254297799228473	1.3376717378959537	-0.047122253911154134	2.548260215217297	0.5318948059773934	-0.6368273340904712	1.481190465806581	-0.04092158032245972	0.6950868575171296	1.2086250707682957
0.9253071199579288	-0.2811412247585693	0.9164204485848501	2.140911792582373	-0.23193193838199333	0.7256816613342106	0.7535494851063068	-1.2663982775193157	0.7926505512832992	2.4253280274905076	-1.1834785055446961	0.1735445989376156	0.2537036737804389	0.4279570069969323
-1.1614763492721152	-0.9729699138607727	-1.1756758048428724	-0.9099115004380677	-0.8656966903342612	-1.1132828188394892	-0.9020321608396238	0.13423946983685997	-1.2284063203914346	-0.2905139062607546	0.19510547683369217	-0.6223744455217688	-1.3232958936427146	-0.7888544170343458
0.2600177518214203	-0.06611520049005626	-0.40201476216202375	-0.15300884854141994	-1.0928404363439883	-0.41868454048736237	1.9526278438326474	1.8884928891814423	0.8200962808863889	1.321173705705046	0.14631736101272905	0.7990299596802471	-0.8325509433133587	-1.0327007453362498
-0.8938346255208305	-0.26997833743470184	-0.07583615125054624	0.5067978072799598	0.21329505191986212	-0.9531839161928766	-1.0822410480408855	-0.11279962925579412	0.26466717077936874	0.7077997379329305	0.7199189275435298	-1.2186631032199384	0.7971708781413303	-0.3617327355094914
-1.3146678454609817	-0.7989273724685706	0.26987037806644476	-0.1851543373598225	-0.9311102453000458	-2.020086353078651	-0.2980151171442599	0.3652664691554579	1.8908577064969037	0.38432320090556243	0.3151304061477628	-1.1878700305233547	1.5085707910953696	-1.3198014121809192
0.08467592115122147	-1.3920275284574273	-0.8404923594232578	-0.5103755516229876	-1.9325250491251853	-1.1382235831968426	1.1085738027559233	-0.822754832311633	-0.5030933319985318	0.20487969852811813	-1.7665552485826839	-0.9091136960460708	-0.9313250309526288	-0.7121096228799217
-2.094489275296846	-0.11144562429318572	-0.15185506885760724	-0.4943654307170632	-0.8193872640737185	-0.8965756777214771	-2.262700109070643	1.2576087446702893	1.0341881075790471	0.2680941285586602	0.07538926907674498	-0.48017829457853833	-0.3474754795577382	-0.7965157751838116
-1.540576810152626	-0.5541627304045833	-2.135890820578578	0.13540280972304514	-0.8382638706385516	0.3129992957301535	-1.5055406276333179	0.12358122041787652	-2.4389854426079056	0.9192620940802393	-0.3479434388195473	1.3632970421970465	0.3295314157758841	-0.694217745810486
-0.9933100023408967	-0.828112557614088	-0.9236851599652125	-0.8376609588700855	-1.014086562905506	-0.24771275367614753	-0.3052697371855497	0.4397585619385546	-0.21148121676337467	0.004869413505309797	0.10084440569011455	0.9069185974373435	-0.8137185103172463	-0.9292239927137714
-0.22482583904128278	-0.9056875602713322	-0.1201558994250096	0.9700896076300577	-0.33826401206227563	-0.4243521261448663	0.2877594945231683	-0.5252045733379584	0.5094846443753814	2.227376400142179	0.4120617090033422	-0.1882548251360762	-0.5361421963666925	-0.4833363769952187
1.844145249354507	0.8426663245341905	1.3006183034973953	1.0416759260281228	2.208051047242377	0.9614191539323915	1.043372985250798	-0.6706935879505728	0.17165633551742854	-0.7499243884070399	1.6174905198186806	-0.5412177275724953	0.6127391875614676	1.1225346397922407
-2.4470357820129385	-2.128429941826905	-0.40635108089704175	-1.6337357726341457	-0.9202581920079078	-0.9638636311852146	-2.3902232728692	-1.487134009607375	1.0417897381076033	-1.0499484600589528	0.5129597974068918	-0.02533367383600511	-0.6285490957439027	-1.1104397169136992
-1.0261202234635978	-0.8611638384591209	-1.0728801353356876	-1.315728012115334	-0.8516213366680224	-2.506681078661682	0.5442857530828105	0.7761258229028056	0.503394785170104	-0.3883178188215764	0.8037020190857294	-2.04253705221373	0.5980389148005599	-1.4464471151609164
-0.35523306303310287	0.0759006043705403	-0.03727921776466883	-0.19645320936060523	-0.7410341525419963	0.8512710463220939	-0.41860019495103606	0.31698521213528535	0.11956311319435467	-0.4703803426154406	-1.0445736597552955	1.2674772893046464	-0.025706368752316338	-0.10914924916016765
0.5651377439085372	-1.1034439749627516	-0.673788601455495	-1.1763004107244182	-1.2536627231262578	-0.29518722964888255	1.3103808646448607	-1.177032774956804	-0.7011147383415336	-1.6653785962879313	-1.4336670470504536	-0.2865234038691287	-0.485151134441042	-0.3001940831004609
-1.0760501310593362	-0.9677406648054878	-0.21887238119781116	-0.5755701000768585	-0.43290176149922044	-0.9670708550719269	-0.8435225328881403	0.34996240575965987	-0.3280987660476385	0.3046377781309776	0.8985863118312019	-0.17565501252610832	-1.955305466425772	-0.7866570149761294
-0.6987872779141424	-2.011437043914408	-1.1090519084199963	-1.968510149834941	-0.7595955214526082	-1.465854568115569	0.3987389323245255	-0.7852234934530447	-1.1739044793230429	-1.4067465166880955	0.9677649023736502	-0.4021786257311998	-1.9347420058564837	-1.1533545466712847
0.909631353217576	0.13077126892807492	1.12176610639016	-0.49283042503692276	0.049579018728925506	0.6245465238951617	0.707364353136939	-0.26285981903073624	1.106596995272018	-1.6774502040162977	-0.40714697126160837	0.09303921139913965	-0.5471884951631978	0.3979248593791562
-1.201330814681125	-1.132620928291759	-2.5749357194058695	-0.41723716067072536	-0.898793591782787	-1.842902439789661	0.3318344581000524	0.4084265666335527	-1.9131321146089941	1.2049134828259418	0.8075259127660037	-0.8733215798909455	0.5556963926757091	-1.4888161468070322
0.32497691204151613	-0.7826389239111492	1.706470316237664	1.2736808110353526	0.6649441103213143	0.9925189700250439	-0.8750038801925504	-2.8597442477178854	1.2048188339340262	-0.1458003941917482	-0.3559851731389363	0.3834922809586548	1.2084186303227291	0.6915238986550363
-0.011644051784153286	0.8508541164030152	-0.1355950398287029	-0.40468705312428	-0.09013847839730071	0.33398046579275054	-0.9055252699007864	0.5265270662431435	-1.0658857259363075	-1.9059170063835247	-1.0414027100913115	-0.598220032309801	0.19179131196580046	0.496579614263969
-0.3785214562332466	-0.8769335614103354	-0.5013455748783011	-1.8495852195088451	-1.77483815302919	-2.171834296956783	1.0713551654807785	0.7714740378107146	0.7960744426275943	-1.2917818403370476	-0.7682609138204441	-1.8961841826724954	-0.9332266806787863	-1.1531726479610067
0.5186634393497557	0.5742531372635358	0.9306445120017454	1.2984874832196276	-0.5131731501774652	1.3768484206458231	-0.9144346079165795	-0.6381420416497857	-0.17072695254030076	0.2225284219056282	-2.4519183702895866	0.2825940196004399	-0.2935437016085459	1.0158471025751163
0.745995855726086	-0.39166247238564944	0.9574493858999309	-0.6260790558391388	-0.335972385941389	-0.5794693243411164	0.5682287835355184	-1.0046008480043302	0.9675504970708811	-1.769377798151018	-0.9203485759845308	-1.7833205958573897	-0.5387999115336253	0.31885801872367375
-0.16726656170012766	0.9541567487479471	1.1435651793966846	2.7650580066174797	0.5297939504721445	0.37244533567289895	-1.971378963343266	-0.3340689906725804	-0.40044812648211925	1.4532499109636445	-0.8120960147427918	-0.7061953706430076	1.6816004234394573	0.8182780584636038
-0.41245773150799525	-0.3084811359321629	-0.894350566187744	0.052574441325084764	0.5992877892233004	0.5797597758616918	-0.5587686663531434	-0.07628577947336705	-1.3116494720885352	0.15486995620175015	1.4292480079525123	0.9426422417861399	-0.5132837344828935	-0.160052921351564
-1.1457174170745923	-1.6982802657633698	-0.8828463509867259	-0.9902679457002338	-0.9397070728319341	-1.958199293416998	-0.10708767480076288	-0.5680447449890514	0.31537114871107447	0.19645598760337238	0.6692024219424086	-1.4996675825106198	-0.794960189651729	-1.1984613808395932
0.7467200699479838	-0.6121583399945207	1.0688093529658502	1.4215590727801612	0.2690330206803982	0.3495715997925326	0.17834904067860347	-1.3039935816204484	0.3122741018586777	1.5237807403845283	0.011963849437469566	-0.22461345672861932	-1.4509063058907972	0.4604190701559077
-0.7496594371466547	-1.373123653786539	-0.41235253499102864	0.16236618214691909	0.1318762949755118	-1.4899738928533277	-0.5016339386629513	-1.5419977700414924	0.08641495693600079	0.6824469153044157	0.9663751168274158	-2.038961405415219	0.08936949328493303	-0.4657988904186302
-1.1570326495352714	-0.9853306804237361	0.7847674741596158	-0.2104820937800158	1.21706020377546	-0.29798168947234366	-1.06920978349836	-0.9800541663030204	1.7119243959619805	-0.6968103475619505	2.8619037001382854	0.6500752736220177	1.512203085414067	-0.6997387977247372
-2.0326619036577096	-0.7354846430771753	-1.6290448477745125	-2.2474106374327807	-2.1736899201698434	-2.3240885929598942	-0.7232648681391919	1.4185560486070303	0.008517386315613436	-1.4634931031049119	-0.9752065079443061	-1.4078676265179095	0.3890271952793599	-1.6644237112972655
-0.6323518881721999	-2.221022071115031	-1.4639967353204264	-2.2477996064619674	-2.1187205437791397	-1.7340187280114052	1.8321832047609343	-0.16517177961606735	0.24523014468666457	-0.704290129530444	-0.07866845685162104	0.12633256181499894	-1.17449123797792	-1.8870207557498064
0.7532871868183855	0.5140426848647817	1.3406054365238207	0.28003453089533153	0.1306684100727516	0.42449269660378136	-0.20732348169082282	0.171412796082512	0.37741984597668765	-0.7776548936557477	-0.617147315919976	-0.5013126269694935	-1.44030734900754	0.6992564770167825
0.2713554803734871	-0.3895322814937149	0.7642788005334644	-0.6310172457613438	-0.5261076021268002	-0.11745448565188477	0.6924191833797172	0.5351772726980111	0.774698342799299	-0.5230317527399891	0.031234186958210036	0.46435422597064396	-1.8022797831349762	-0.3501826884855262
0.25080323270715976	0.8834441235488029	1.5342435899474933	0.40998941538065586	1.133902212992313	0.40498225203111354	-0.5667682299639482	0.46002173461064033	1.6275893733584545	-0.7045481010540281	0.8829430741629525	-0.48082727818812654	0.46402201020054984	0.5146266807423088
1.4462101381482646	-0.1031007102474168	1.296526567697461	0.6075889954774409	0.19091021318437335	0.8452930125294864	0.8571800049090949	-0.6434689218710709	-0.49810336072613737	-0.20272868441672043	-0.5707389458907312	0.4050054331191255	-2.1099884494552055	0.7049783327662669
1.9009727249896513	1.8324122761089117	1.1409265568361526	2.134399005136504	0.4940269417311931	1.5393644692608155	0.5174007005833106	0.26232313626076365	-0.9795652683478427	0.043328723462493765	-1.874710363088319	0.06595486756724969	1.2198865309630562	1.4310410881598423
1.4237126931415285	2.0966934698708064	0.5004527283293658	1.8468280688692267	2.2638808645536725	1.2290789390054284	0.46043184736054465	1.4742323538815165	-1.1975423011437996	0.4656117831518353	1.8109362504955475	0.2018114253198043	1.0330293213030064	1.0055481932812955
-0.09645257746769276	-0.9343932567858833	0.1409183284587318	0.14990589133116985	-0.13601043801694024	0.32928287981935467	0.4807208677923454	-0.8837057522274501	0.8914240727061742	0.5897358208297945	0.4469258281692255	0.8732217222056725	-0.04878816625561695	-0.39441217219828983
-0.10809753900642394	0.5400072433731264	-0.13139440151214848	-0.10714141158112778	0.6941452862917	0.2151860649876336	-0.9758370717595353	0.14441429876592332	-0.996165640508794	-1.2681080590019862	0.4012984233995194	-0.7500039794346018	-0.06100944145154712	0.46556055240388194
1.701306988844886	2.7713851288378164	1.847413564895946	2.1811005954347684	3.2466147453082552	2.2121791328381604	-0.5773996632430954	1.1949923128249327	-0.2777101717270696	-0.13656204362808408	1.988260902579781	0.03610936625626068	0.2803420068682806	1.9983213397692008
-3.369289957611472	-1.0729453979679289	-1.4083863101243315	-1.394585918577283	-2.00731348680363	-1.9033627204148555	-2.1818060834327007	1.5554685089500964	1.0196284818895462	0.48729627876146764	0.040266446933976116	0.278943071673769	0.9246357502609002	-2.1911536533901668
0.9781239580778179	-0.12658806821301738	1.1403960473802255	2.2505010047589873	1.0985100005696369	1.670880110874334	-0.69855863913334	-2.80159438800912	-1.1905382336173709	-0.29651051329893224	-0.47466188053027925	0.8853848871312366	1.8235377269994866	1.1896610191925572
-0.5423766009739175	-0.05321290655752906	-0.5459099430357093	0.44721574613460674	-0.32189849406166565	0.7463677584907664	-0.9538854218706507	-0.14526652505523166	-0.9104876842953763	0.3472933515811008	-0.5925376795217335	0.932701791135546	0.21333243062820514	-0.008719477650031093
0.4099617930792526	-0.3606463241457658	1.803545792219193	1.4095568846435131	1.4130012104317173	2.3100279922807574	-1.2843475610379893	-1.693200308759245	0.45428491765277135	0.642745698262803	1.0446647707901182	2.2342956968590997	-1.6513960357378983	0.985553068257361
1.7560584806281945	1.4666511467672234	0.18189575705653271	0.6839123461554395	0.9497060509960185	1.425064268914977	1.5074789181094461	0.8212896167801809	-1.601404224967704	-1.5322733213768502	0.14184623059400644	1.259106974502775	1.5460901379375496	0.664659349111605
-0.5506861980237123	-1.7090266197493384	-0.32879563087413455	0.2545956115717415	0.07282988829500314	-1.0525397381802366	-0.2293318666993577	-2.0752266852363066	0.17579017097037397	0.8614062782972316	0.8944095027904341	-1.3552128005440176	-0.13095512974852488	-0.43769958265784953
0.04803130033160519	1.1508914359763172	0.20646410408581756	0.34317888614797565	0.018276785278696694	-0.018141460617487004	-0.6558325652789002	1.0872870238173342	-0.4726398693061215	-0.8071531772439421	-0.7540795400689708	-0.7348924753000343	0.9556797339336797	0.3073832748991807
-0.34461654756447563	-1.3321678992628687	-0.2044197645996983	-0.4673194266572442	-0.5648932760062875	-0.09392066675590705	0.4883121513064273	-1.207854473819591	0.7471693973255265	-0.18946621565843388	0.08613744934318424	0.8092569394701765	0.6538475215286228	-0.7382247192768387
0.1620479089077283	-0.6003864637169439	0.4222336811898688	-0.5625301158784295	-0.7134640764628356	0.17687849113505102	-0.15242740594232004	-1.4358163645323758	0.33875690888164406	-1.7228571313508954	-1.6227625365425864	-0.3581489029299623	0.301553774810392	0.20079260004040309
-0.06846787271726429	1.47501367794574	0.5550895992873751	0.41707814872153315	0.43569340200929785	-0.01454897982005443	-1.2584579824432003	1.27516687177535	-0.17604599182467148	-0.8858012723911403	-0.44725540489823284	-1.3014577809895174	0.563389253886132	0.5972357041033035
0.514560757621567	1.1113857706642456	1.0554544777886863	0.8361224227929688	2.0091630965086535	0.3601251435373616	-0.8692082473475369	0.02857118108701648	-0.054198388158131966	-0.9848761708681126	1.5728915671500254	-1.0900874590162462	0.9676026554219398	0.9007225309276478
-0.27603277866464104	0.1151192059350381	0.10135855957155204	0.7814420111467648	0.4510923047554216	1.320012544926064	-1.5030866721969276	-0.8471195592873508	-0.8720929289726693	-0.06992103235568067	-0.28716440707257435	0.8256821959302876	-0.006079911909695371	0.6246069238893877
-0.09329999606125183	-0.5662006804406484	-1.1584007323832957	0.08242264964068458	-0.8053516251670724	-0.2934626249435253	1.0775433528761598	0.3229809110597231	-0.6819001062645946	1.0702596089342542	-0.07561138180745768	0.4276324133460155	-0.05103792270561274	-0.7497816425353597
0.23791587109643486	3.007606678975531	2.726472742850447	2.1896796462426407	0.03608971713186104	1.6545364843909813	-2.3919814554301757	2.4041623346800707	1.812286843368419	0.6950823042101637	-2.5496789616381244	-0.2664096616026858	-0.28737335064728603	1.622583948296946
0.7373497156293678	0.1569555252470392	1.876576175909451	1.223157943070158	0.013365736956853558	-0.25474917528776186	-0.26087610040067183	-0.2004940227664092	0.6848549060599196	0.86807641690373	-0.7979151697763646	-1.4142776658827294	-1.9883843085088508	0.6749288006086549
0.013871764732084402	-1.2446124491771042	-1.345602315234403	-2.135604251912228	-1.7128336099127015	-0.59388942257578	1.5645504195006172	-0.5728428985910742	-0.659568226847554	-2.4578410204133	-1.3429673972402199	0.4222406887102357	0.5722956048660355	-1.0153658309956668
0.12153266860614603	0.9036435411080728	0.9530724514569546	1.1211116448187832	-0.34667479219291597	-1.086049284651912	-0.5698661655001437	0.6461315137752764	0.7560053426692435	0.48415238224634916	-1.397657554396183	-2.571691774833488	0.9092958160823401	0.3341054696264388
-0.13032516999282173	-1.4520016728188017	-0.4552774546350133	0.4425215520161488	0.1216615431525424	-1.163975429350952	0.9833325474264298	-1.517668193911531	-0.5130016181995302	-0.13496929421606266	1.463890714694472	-0.23871583489918002	1.9898393751619468	-0.9393686315042725
0.5470000396851761	0.46073228984404424	-0.38096767859288716	0.305640603897969	-0.22048475474640145	-0.10932622303760459	0.5667528882430449	0.4050788883302299	-0.9205508485672503	-0.21182282260151133	-0.7276126000787094	-0.7350012357073025	0.36439259420008224	0.14480643800588988
-0.41129553081559517	-1.1784441414183593	-1.6005572768980212	-0.43044325397550026	-0.048117020215093786	-0.3408685670425874	0.10428515164260474	-0.8189670952973354	-1.8406786196528102	0.04513497727659353	1.053268915740913	0.10223982064013944	-0.5975285397966268	-0.5675581762806328
0.39001966460415743	0.6222115058623359	0.5429364060185702	-0.20022662806911173	0.11336388271952924	0.1450524543713494	-0.31919632414232635	0.43221302600035616	-0.03049789653255383	-1.3236300586380243	-0.4285066698556531	-0.8402169771664647	-0.6143416300129426	0.48575201626471065
-0.6679717419054929	0.5606744694058565	-0.6564672362077901	1.7201611627088451	-0.15121289861212223	-0.09032582904360112	-0.8405172286807838	1.1669311087941303	-0.7801994672221371	2.6985984607604108	-0.009138676951112035	-0.0059343130725082755	0.5753870014032166	-0.254561596151265
-0.37324573250200754	-0.6771452873093597	-0.16945852120088556	1.3145084379046328	-1.8339507419516594	-1.6759510620102338	0.476309458889177	-0.4514590647564392	-0.8863847589528644	-0.44699319102311036	-1.7316625998941269	-1.0034814825509848	2.5231685330519666	-0.9109035550658896
0.7974280830957525	1.144418117779123	1.348776117642488	1.5588585788402969	0.5516166725665316	0.7854992718898279	0.2245097021679207	1.1783029421332112	1.172924727184373	1.4807459463742862	0.17636830100310072	0.10009891317474455	-0.6348676769400649	0.5644098878872092
-0.2557669073777959	0.015063303724975385	-0.20180805006199204	0.7250926893313545	0.3545086740926322	-0.7120623273054063	-0.12474998169120619	0.3266130310399438	-0.031154722238017213	1.1766411028760417	0.8923553925877957	-1.214849372129096	0.011178467230579312	-0.18314020834510675
0.5502854328090527	-1.1907400808217914	-0.20082317727596594	0.012996230673474995	-0.311327513420787	0.010003410618419972	1.2208574434156545	-1.153024479890838	-0.0989300825147842	0.41222103526273146	0.27022533549414934	0.33911323804488136	-0.9273406480588178	-0.31345726327552503
-0.3170098703199707	-0.76756735211328	0.6857609591251053	-1.2071260111134767	-0.5136045112621889	-1.0147547512395805	0.4244285025590947	-0.49692995729646694	1.7521125463882634	-2.091742807103738	0.058307130101655676	-0.5139591709309578	1.377219496555871	-0.7448532770465741
1.7134264432864383	1.6459504322440153	1.8947150820082386	2.0403767422238177	1.9353811076051213	1.060311003611396	0.6337254461531252	0.5154115467944553	0.983212099821624	0.8323728393923919	0.9982349151398945	-0.7209566998958999	0.19929817137301853	1.2968438698927385
0.6205018202336381	0.1921263022869666	0.23445389731508343	-0.07581785350432352	-0.10403437456755354	0.19131494623290277	0.32086367253036363	0.21485067480839534	-0.4715878796448408	-0.7066311112279203	-0.34613929464367227	-0.30391132992503017	-1.0877511261215633	0.28076612262624207
-0.2505789687147515	0.21790316895679807	0.4496326105907983	0.7316397340725597	-0.43758578331013215	0.10412495903572956	-0.6241688380213504	0.44841546254197273	0.596542865825519	0.9381312136103565	-0.6502142368562361	-0.19723271221488192	-0.4819699579515467	0.045247883021923764
0.18947904422791834	0.4950438028874007	0.1958872069472372	0.9591102351379207	0.05071936154442591	1.7040968743565088	-0.7206871223538034	-0.23762660219599813	-0.6536989831066952	0.16292105626876743	-0.9731338239801149	1.6276298956987438	0.4506627622249289	0.5474872117600138
-0.47461905736325355	0.5776483049139818	-0.9731137084926466	-0.9135308334607051	-0.6466271439098015	-1.3146935434277005	0.5217071924084076	2.2180386510417596	-0.2975409966323267	-0.7076254775410769	0.1967430627814773	-0.953529707916533	0.7071928473406274	-0.8946134551791993
-2.7534729997369767	-2.9755742586970073	-1.2940691278999146	-1.3182798062523235	-2.3483124053346778	-3.9344305943407427	-0.709541384730504	-1.2633287620644913	1.3249436908720538	0.566725684912346	-0.0669738779923768	-2.4216888709582256	1.4448324164505728	-2.506543484748427
0.8330985092544178	-0.3604684767792071	0.4866215151354249	-0.12484689019896811	0.5921644019680268	-0.20864120434827016	0.18023954091571404	-1.810497223877155	-0.3696221046576295	-1.752730589797155	-0.2227258822644322	-1.8570731922903168	0.09648469432426328	0.7065329186822333
-2.067035491375723	-2.8652686232293925	-1.5826939566718303	-2.121468869726176	-2.146691262271667	-1.9497815358132842	-0.1433141559803648	-1.2553689796055978	0.7231581202106915	-0.36754337034992274	-0.06016476808251792	-0.15996323431389123	-0.352814184531978	-2.0414843985596383
1.01632162937576	0.809321232579897	0.18798609261445465	0.077648548299517	0.049642593308561495	-0.3583879339599241	1.4836970731826973	1.0519356196763334	0.045169233614858986	-0.6895862203107999	-0.1747336788553716	-0.7987702018496214	0.904503965811476	-0.0027409323881982884
-0.5491740661080147	0.16658554228558653	-0.60322503720203	-0.38438113745867875	0.4980963632090517	0.29665620851924357	-0.16617790335245675	1.4307247775840262	-0.23958937982679887	0.11554882991790326	1.965556536508679	1.1606421113011254	-0.6882295968348845	-0.5542034048978522
0.7453377954432325	0.4873995373418664	0.6540467334654628	0.5574589761884449	1.2913795022734176	0.1899823136344148	0.47053638720665436	0.03253888702168499	0.3705523386158967	-0.1941712425595646	1.3732425079889055	-0.7081928883782064	0.2369493854115768	0.42048632804654007
0.04799309330031791	-0.014425801337050431	-1.4873754305308988	-0.6612025690133476	-1.0288748660158418	-0.6490539039364833	0.16561362305215457	0.3031036412832446	-2.334331739078871	-1.1308738316268898	-1.3909925417588367	-1.193543858899363	-0.393061025416015	-0.11767578102379417
-0.8872790948815887	-0.4204371163044331	0.3120185725909247	-1.2553246909730664	-0.24936133380223408	0.1383496132119271	-0.9170722625142755	-0.1401497997521637	1.1066139617206816	-1.8662099383528743	0.14501095628506222	0.48746853469800266	0.08528665314671492	-0.35340456708247786
0.026748076222358086	1.031290344254011	1.2689058294757796	1.1773626640527444	0.12977292479997848	1.3716667148288941	-0.7076169796204727	0.9147269017777773	1.3848715570332117	0.7312857086128007	-0.5717319532653095	1.4420630373264072	0.6662632260680006	0.3492015579737446
-0.4134765447446125	-0.6327804302700594	-0.06339753279719276	-0.114684729571215	-0.4707979800618233	-0.07776070047652273	-0.6569451102024815	-1.136730460720539	-0.21300896799663116	-0.8888401348694255	-0.8023640047255951	-0.01460602036238474	1.0707451350582058	-0.16489118084937715
0.6500384812736131	1.8066836519504474	1.1382468224623663	0.8761632298185961	0.10642825408043544	1.649133479138261	0.266875039361395	2.177411594883396	1.139828209716943	0.26925732042999356	-0.6538442985753391	1.7213277537190903	0.3565914644836178	0.42891840212368615
-0.661466980728942	-1.3795153169534917	0.8333030743098335	-0.6183662143764214	-1.0392025423333067	0.16843828419036086	-0.7079044464301624	-1.4215374446930888	1.7515379332434289	-0.5768072212706786	-0.886104754045127	0.6559209440702255	-0.839726025165994	-0.3586476451044397
-1.7376284877476569	-1.6718519291341885	-2.0247930668773666	-1.0839586138163717	-1.4875376870235626	-2.698702616718979	-0.5528492778989371	-0.5506663538343642	-1.1494592448861132	-0.16163718451857312	-0.18579101553193994	-2.089905912992483	1.03072872961557	-1.547597862756684
-1.3607037380397542	-0.8233155165930647	0.03887305856313972	0.3002235183760985	-0.1254009589466908	-0.8316288627278512	-1.4286007084546575	-0.40360956205573884	0.9519136494003382	1.1291889273575704	0.7591167781139351	-0.811651608891822	-0.20311680495689416	-0.5405264183682426
-1.037315933256142	-1.3553675062892592	-1.2397279015048783	0.29350264344167365	-1.058757866097536	-1.6307945995407012	-0.18069215393863597	-0.3850181338364009	-0.4718011235226845	1.9883845032467966	0.10055081640613042	-1.310504641290661	-0.5433345546758986	-1.015689715052239
0.6560200362514695	-0.9283929096886014	-0.6554386233587436	0.42832460523616656	0.197836540501507	-0.05196184842830226	1.5585148904623254	-1.0842530157200172	-0.5951728759364223	0.8412815539110923	0.792882507461402	0.0840025866441442	0.11590234015487048	-0.30102156828756527
-0.04465767236789936	-0.23328644564350676	-0.27893547266644403	-0.30320473114221913	0.2495944271970858	-0.22858379674607227	0.43873231395266843	0.09780563717631532	0.10434745338724502	-0.39222962319148336	0.9077475660236385	-0.042659776117310484	0.4538544015910034	-0.3827407082674966
0.3575308735508034	-2.802618138190698	1.9278537532019393	-0.8470850035635271	-0.9276999359750808	-1.1819916503735068	2.4299734881209485	-1.0920491690273386	1.0251099628134144	0.9290511069255585	0.6294229738644918	0.6637626721158267	-3.6893772880275324	-1.4095131791687878
-2.7233530725803825	-2.4911945424114244	-3.398104931235035	-1.3622067895480572	-2.7402987081971486	-3.0410208632982325	0.3641319977229023	0.7296132133663978	-0.7017157070734283	2.2468458339942954	0.3180427973608681	-0.3591218980798972	0.4028670128049816	-3.0095358729922594
0.37556981368472697	-0.08720501867496872	-0.6977843721271129	-0.13372603038032566	0.10309670964984374	0.46313333516219884	1.1538451346910188	0.31055831411277557	-0.6554573645020384	-0.24564147636533076	0.6561401493868396	1.267073742576786	0.8084643716601988	-0.4352328814746738
-0.17770404781317523	-0.3545857027594598	-0.48013336759179553	0.4591846734248112	-0.8663632465117497	-0.7505756884267925	0.16331301797890208	-0.1400181491971641	-0.28784839444269694	0.8721898992223805	-0.9921802402838092	-1.042302681742593	0.24357766950805612	-0.31929034714277255
0.8901194532485971	0.487237189378599	0.9325211252906553	1.2988598843640424	0.22947518837922692	1.23262928973515	-0.1478458749097013	-0.10906230800878629	-0.3617942461072592	0.7198276588184136	-0.6504479224643627	0.6107765258922269	-1.298503681913301	0.8123753105665309
-0.5027898742109607	0.35486019092705295	0.2670957161292825	0.47631367508975386	-0.3589092614760574	1.4973411663851783	-1.5651809663791478	0.3837909470492447	-0.34281410655145633	0.148501050658611	-0.8461223920609411	1.7799388135392311	-0.911025438046122	0.30679071030673055
-0.3931021489041402	-1.3260832044635449	-0.6791671942632871	1.420566201019052	-0.9211150857959369	0.39088119828341816	-0.25551995394255367	-2.105479840446034	-1.6694850470546128	0.7277151526117452	-1.0785187847919397	1.5457668989222202	1.9753290042654978	-0.4578611010490242
1.4258915066660593	2.5471194561716395	2.748838305882548	3.0508806966210074	1.8099677815939132	1.413644532694296	-1.0547631663049137	1.3001749908623865	1.1160026772410019	1.7147771389104987	0.03915892465516617	-1.091925376262556	-0.8457753116396118	1.93616952398213
0.44715382245404744	-0.19732105467141692	0.8729928940634664	1.277867176898994	0.2530064060531171	0.47760100979653053	-0.14027807813282608	-1.5110246338694442	-0.3766258760759459	-0.812234344223761	-0.40503637680896937	0.4081914126433894	1.9826912929851315	0.3127554670532232
0.6516977765864979	1.558509598809258	-0.08793149905292952	1.3919580242402239	0.6114119903759575	0.6897323618054331	-0.07133062451440865	1.4105683390169128	-1.250284067518612	0.7540347170933339	-0.1618070304748699	-0.1724515729793572	0.4812455259835	0.6159194902024105
-1.9126689495029878	-1.3828809868428564	-0.6167074040809299	-1.671345723528145	-1.5541803601842212	-1.992554901762526	-0.1137569238628745	0.7663795498305077	2.0825919767528203	-0.050973377862733454	0.481021338153468	-0.5345276535990051	0.13636469774966184	-1.8699816562910934
0.6527134473699217	0.4241807109245024	0.112791342089128	2.3518225962185504	1.1933525474208706	-0.05860142671446211	-0.48083238429828346	-0.8876973627096953	-1.3242348587110608	1.9525764492650555	0.399213292904042	-1.8432624981675816	0.44837012660072767	0.867125103230174
-0.6000308734656118	-1.2906644589580396	-0.536303647114145	-0.6756507772599262	-1.3499439614279827	-0.5523193346145738	0.47092131938886345	-0.7793298207871376	0.4840299034938779	-0.3165578778862337	-0.8280910279780206	0.5930789236421856	0.9813781116507341	-1.019342188815904
0.12739401765259534	-0.642521609465196	-0.1991957514294294	1.0107218546122663	-0.5089153797358441	0.43247468231077624	0.05595631293167348	-1.2744711691330524	-0.45795865160530735	1.0648491184415054	-1.0381285953577417	0.45823642493258426	0.6307353723962937	-0.003985982464623277
-0.6823251147694264	-1.096578387004326	-1.0965717255697873	-1.431899366487777	-1.4338831904649791	0.2385685613607066	-0.18607187119361168	-0.8945869777644799	-0.817172783680184	-1.812198177303279	-1.4540423937349676	1.1416823272917727	0.3666181237206262	-0.6331498250897633
-0.9984424598744002	-2.1841683443323774	-2.080442947881079	-1.7251358609858694	-1.9410531633552564	-1.7861773583426137	1.7413844486506884	-0.23495830550581526	-0.05285032923528164	0.19662573579514955	0.1702349501202705	0.10466538048176181	0.028509752545302972	-2.0488953115379487
0.15508432279733675	-0.5318556569359567	0.6346191215256944	1.0905252153879346	0.8397594300381406	0.9502818767169336	-0.9394025845296948	-2.1043519143896345	-0.08107209163256769	0.23759952141704738	0.18489501083081133	0.18667442484762392	0.3880427579963883	0.6531469400985463
1.08436586941678	0.9829158734680815	2.4462683834388033	1.6995845901156672	1.8171078968610592	0.8274016191300717	-1.0299352086770044	-0.4332895779587126	0.8661160190421028	0.20842939038807903	0.8145627646834334	-1.2158703343203048	-1.4153448146094116	1.5259585831651914
1.9035456472674026	2.2529104428822957	2.0346586626287078	1.0682752365147057	0.9209459961776585	2.4943275488650873	-0.5565541263191347	0.2241515650129045	-0.2796747521613345	-2.098835569393484	-1.9975779076241984	0.20373916351255425	-0.3186696832390813	2.1821534405223693
0.42871921522266815	0.37100522857956775	0.026926061771386678	0.949725558529669	-0.12331671649946778	-0.8941488691760207	0.4274605295291958	1.4461086380500496	-1.4485452704724409	1.644577488086928	0.16589150842086295	-1.198761520544903	-2.1858082380405652	-0.05949830664234903
0.9865032891393053	1.7446747807184386	1.077093740042351	-0.19204553330353202	0.08538406508366736	0.7050279288710619	0.25822316387586397	1.4734118029540006	0.43757965689675565	-2.1732729915408444	-1.277806602110485	-0.3133815375231219	0.6399686921825611	0.7326339605095262
-0.03982637921628629	-1.3590593327087044	-0.13149262817301932	-0.8727349668693568	-0.5421049648442813	-0.3428941049227192	1.8469334082539837	-0.37267323358089194	1.7530639806690613	0.07442555255337421	0.992364622309228	1.1458315549223834	0.3969374950403147	-1.214842891568232
0.3223186933028327	0.95103846286212	0.9841991519449085	0.85473636087367	0.9320762969669538	1.7414030919587848	-0.6866931238029667	0.7432649821514358	0.44317752004143424	0.19252510010356047	0.6969130985554615	1.5788810806138274	-0.6471991247137295	0.6345192985140045
0.2874801343820123	1.2112382225561484	0.7922439825677082	0.6704128588413308	0.5114641925968666	-0.5986949924170846	-0.7382861761817961	0.7572298764050266	0.13849622187896998	-0.5531656856969619	-0.39692335102196274	-2.331318516089691	0.6059705791055638	0.6357061808920198
0.37097114208534554	-0.7611834960106431	-0.8463291014659315	-0.05154561907449895	-0.9355517442179018	-0.9346768941594237	1.3406603603473415	-0.031024728450047875	-0.7452995877653558	0.7156805191467719	-0.3608497287137036	-0.8275659371844817	-0.902532192382578	-0.5620622204640987
0.7701226193757013	1.0991075328570759	0.6985512171220779	0.005363382213117829	0.4131758029597217	1.7502729365506517	-0.08186208559585557	0.41806723495252907	-0.17268670034103317	-1.8235386784656147	-0.7109123721460674	1.4490829252690505	0.6395715845209774	0.720352874981363
0.1478431450732578	-1.3223268876668122	-1.1104777654579594	-1.0645232927046024	-0.9141791930625931	0.46360083026559384	2.0896154244035086	0.07258465511916712	-0.0066222948895880715	0.0959012971858751	0.730599970887917	2.5559046475240166	-0.74373086359973	-1.2171315080183664
-0.5671861993411644	0.17352931402602334	-0.43566440918423344	-0.03466764481886775	-1.3351632791122912	-1.60207929548293	0.20612929028808322	1.1471131719674672	-0.5039768565686428	-0.9309237157670239	-1.0183980031721127	-1.0267905959474144	1.9687755000533762	-0.9084936891651322
0.40849392890566394	2.127018875763172	2.620595544713689	3.2419568428456618	2.383475079792492	0.9216291271090923	-2.559145596837835	1.179259345623405	0.546435882042894	2.4238576686786306	1.3894886786206957	-1.3533484718270803	-1.648570160710168	1.7491773005311626
-2.28689050465253	-2.3581765944127944	-1.247270866299969	-2.2129873002973253	-1.935956106700221	-1.5705814083321652	-0.4687834578765927	-0.6243942829531075	1.3097369136916601	-0.7759067783068022	0.08822556047114098	0.5854995162107764	0.5462066080752991	-2.0927813462559897
2.6732970792183797	2.914665884819474	2.9257312760044107	3.130477310517091	3.418986980588853	2.6322606900433803	-0.5818502768659886	-0.23250391070515752	-0.14082628138081596	-0.3021914911995855	0.6246629338536024	-0.7389282841218845	0.6740519116575833	2.919357848911052
0.01322927654043532	-0.2373546502450718	-0.6107390325405382	-0.06133589860257033	0.2518013032498256	-0.6239301560375843	-0.4529216546751609	-0.5306634089485637	-1.4506691040687172	-0.6156851794774885	0.27451826233392573	-1.6454600048433217	-0.5691562906718216	0.1948746532584307
0.5490429587101353	-0.49946922862972276	0.07941250208639078	0.16228478111917505	-0.5342093913889598	-0.8705819049637732	1.4411317151288945	-0.30640683780181793	0.6618586671200278	0.4631647457522637	-0.3643070447905121	-1.2547435733883487	0.010498070672821049	-0.31772474008319623
-0.6516631311164459	-1.1110254660986942	-2.6235379879383567	-1.0410848955692853	-1.94511591720888	-0.8686810949647455	1.2451987184265525	0.6649398327980949	-1.9840118264540656	0.4348753439592177	-0.7266515827835913	0.6512432234912374	-0.29642474130213275	-1.4507044175171246
1.1301054247650157	0.9551777301144142	-0.06323151372797653	2.000692347213146	0.7342658210924335	1.0714889864334223	0.4337325831962703	0.13240803151761524	-1.5004635432616698	1.529074366569971	-0.2347809497992058	0.09170208436364302	0.262158655558161	0.8233011800922129
-1.255033219635821	-1.640862263019703	-2.3391647396701254	-1.2906550680279607	-0.992106642644789	-1.7127841116728812	0.49306125794051403	-0.05894408029840846	-1.2764595906343197	0.18823290245447213	1.0221593117548258	-0.5558733658221121	-0.14111944889827066	-1.5772719250610039
-1.2018234706121051	-1.0259816688356753	-1.7103539843524018	-0.5385592708929443	-1.9541487639756947	-1.9797082677939426	0.010010588533722428	0.15909842841487268	-1.0793172263171686	0.23526204811583157	-1.2904156136613958	-1.127228134372162	1.2371467876973279	-1.3688700834240644
-0.8546810975037107	-1.2772341827062903	-0.6928374443359181	-0.23517762129556669	-0.27424186013154483	-0.7257339371267528	0.2448168615788424	-0.5051500820930519	0.5474690788697384	0.818962620734598	1.1794210806329646	0.3487869218268315	0.6188537292788523	-1.0979148793062297
1.424704117962127	0.6650331584927707	0.28642707402695433	0.7947304868367244	-0.22105611874604658	1.5155731637669945	1.0809030965989304	-0.18552774643074454	-0.8025366134484878	-0.3030253289232003	-1.6623384977635043	0.9136719167368282	0.043934019330373976	0.7675630024851426
-0.11368773661684078	-1.4180072419872605	-0.45653720688529087	-0.30009250504090146	-0.434132896174645	-0.3441508599375583	0.36293220518115205	-1.9824586496797876	-0.5565059031970168	-0.9871044034078135	-0.20917100273208825	0.20599677103797354	1.3828884052141217	-0.5051097332222122
1.0272535219600665	0.6116630977416426	1.6979896192716857	1.4666606851181558	0.4525311626879008	2.04799243173214	0.6272412003049992	-0.1490096343128464	1.695608069398596	0.763599386830107	-0.3772719217229765	2.328433751599473	0.8844209886516179	0.5241846805990269
0.810818419252882	1.0917885593887509	0.23736489602423594	0.8692856300456923	0.21578572384017985	1.6993500531491978	0.17073446760044336	0.729669082209674	-0.7477806747730911	0.022356628716452276	-0.7304895514770605	1.3653916183747081	-0.1404927432264321	0.6820856587082329
0.6999860911877598	-1.0484543026337798	-0.531862827842142	-1.0705181214516986	-0.5110738992382975	-0.3122023909131296	1.607485541133639	-1.0135462171715788	-0.3921223750800464	-1.4171182524080315	-0.12414609290216486	-0.24287885238939372	-0.484218394302602	-0.34348289347031224
-1.4012589503067447	-2.0200367758304894	-0.20090245424724695	-2.229911825152649	-2.1414751708461215	-1.2489912976495252	-0.10042593028447194	-0.4495058470727007	1.6563788644377555	-1.309120750983524	-0.7500021735797616	0.3139690212871086	-1.2401199594811974	-1.5023092756906296
-0.6625976611806821	0.5818842393594617	0.2642791296033623	1.0015913928907354	0.8449655224316399	0.3279558398096787	-1.5739359225796288	0.5023322466900401	-0.028079702091183278	0.8685091310002389	0.940801049989796	-0.25528006489908	-0.003200057197108436	0.2811249027848593
-1.0117869141953162	-0.7712546613380354	-0.18257419485866183	-1.2758249061524616	-0.5303035013578905	-1.0290238073281068	-0.4089829065769984	-0.15892968307519126	0.705807086726534	-1.76698592589109	0.3485804820392814	-0.2613154237812529	1.2740749466244807	-0.9307118408178169
-0.5759082885473787	-0.6729764288478516	-1.0663470198685159	-1.0285237518015826	-0.012845841060685759	0.13553897689258576	0.05434209675951097	-0.1678052246620209	-0.7574413378122713	-1.2080848331683183	0.9532996630168381	1.1736384433338856	0.7281564909167165	-0.7179245922339823
1.9666397058077458	0.05748365905660143	0.7763945212772914	-0.3192315112748902	0.5415349995185519	0.24157768499761975	2.4878473904611544	-0.08525558900122443	0.35405911087851694	-1.1884160431787434	0.6537895360476297	-0.2959096105836934	-1.089531443999843	0.3265433012573047
0.799486510403465	2.0054946975743477	1.4804125836494655	1.1073946517185371	1.3562733524397563	0.6857013838486198	-0.24935372748817403	1.772846117869063	0.8914760071488768	-0.05737648020101701	0.6908101986742804	-0.7662074019581513	-0.0183625782559417	0.9454595425040981
4.323951776880655	3.5529529407684914	3.0707174447020114	2.3995238362007525	2.47138082298184	3.8236638205338322	1.482943537166283	0.29505509936686497	-0.5665342096297749	-1.9642684223514708	-1.5077555412560208	0.36641199015933584	-0.1508382645923015	3.406087534066833
0.37224836034444697	0.2245910632371287	0.4560763810916336	2.245323523478506	0.4461164536845019	-0.15651764627099796	0.4965763493321428	0.011909141345250287	-0.010391754496242855	2.100422825419446	0.62261383137228	-0.004221473548197622	1.714219616377945	-0.1253983448456105
0.5656923731034331	0.30980406234831026	0.7733114751752269	0.10490007448347949	0.31072246473486	0.3352751330022811	-0.11997508963641339	-0.07649206737381976	0.20362041375968049	-0.8370687491716401	-0.10397227396202575	-0.5342597657059229	-0.8142296681836408	0.5185452364093303
-0.19860752603987686	0.25112328150894153	-0.5036885058264144	-0.8444336407922095	0.8718456158759191	1.125740982391118	0.1818971620802925	0.8527311308587664	-0.36347008574775996	-1.4710483062630682	1.920505641984696	2.375465297714122	0.8529089303811951	-0.4310971830825573
0.514979803384141	1.1728910472296317	1.3538154691850477	0.6148067690720174	0.5995344268649151	-0.8811726417256123	-0.17645401491844773	0.7550057096645474	0.8994483807396525	-1.0102676626973388	-0.07601443927595215	-2.2919033407126777	1.3492903487923105	0.45002955167244124
0.9427166376327284	0.47919710802903437	0.02787509837053176	0.2791531936326267	-0.19120501482902116	0.037523960659202715	1.937739106574487	1.052978925137104	0.280018615326016	0.11152837889030928	-0.0020119707103636317	0.5064916645062236	1.0588120266608	-0.36435265238538805
-0.16560786908798739	0.2590413953062929	0.9353605634667457	-0.8916121621038526	0.39096848427085773	-0.1839838104720769	0.19313919202465812	0.9008110276501603	2.035066792719962	-1.3503568470627896	1.1206900722118673	-0.16360636121389513	0.021639732426638227	-0.28577316776913086
-0.5743832593818011	-0.6095212089239956	-0.10386023499548941	-0.7935079623734236	0.03395511813235068	0.31109346008037186	-1.32585314012016	-1.27303910870817	-0.49829370329199524	-1.917774477654967	-0.20087001527783	-0.1249389737004414	-0.17384616448712298	0.18907148919833097
1.3945525894276418	1.5902844733189152	1.4986169606629383	1.7324171656399134	2.7188894151078173	2.383594995723585	-0.8183747120256787	-0.6024067020095252	-0.7716820875025425	-0.9663734033075703	1.3390019103908102	0.9022127368620038	1.0472555099760683	1.7422773925294166
1.7190200575596895	1.1630755201453178	1.8431734578278673	1.0377279868800597	1.7033290655743711	0.8589763903869846	0.5690406787333335	-0.3575609625799845	0.7801735102339843	-0.8998346178461981	0.542861731830121	-1.1934053269815228	0.01287961449879543	1.3750361747935493
2.6771376542948038	2.4070615459696976	1.8480150114640332	3.3832665100515866	2.273666624335708	2.185105074529683	0.6258904398085549	0.14330876963370623	-0.7051258736408427	1.3855649443906148	-0.07180776456827145	-0.3483063210797709	0.5084414036347765	2.2193880034625186
1.6291502755670844	1.2317605793400928	1.203451105785136	1.8565104408683197	1.8591271574777382	1.087985178201762	0.21656788750852238	-0.2546777464091571	-0.4351460221931001	0.43909774313206795	0.7893467130352295	-0.9141841354247117	-0.30613737016531195	1.4457947012186494
0.440344280185164	-1.372551096342105	-0.5122187485390416	-0.47591514344861796	-1.558758353328313	-0.06379236122081294	1.685606834775313	-1.3730627168673735	0.1433444529829481	-0.2729402655649065	-1.6743334167105994	0.7070551776464593	0.5493986787713306	-0.6585932019759472
2.194044918982794	1.173980254149962	1.337421081064298	0.17573061135485246	2.0872353553527505	0.977134118655542	0.8507199429055627	-0.1274604783678805	-0.8794363479472234	-2.320975017649456	1.2767967229681803	-0.978292884525629	-1.3229458969782146	1.5150457205663332
-1.384866648109242	-1.69327680216221	-0.5899933788461628	-1.4227332694515273	-1.389715996937189	-1.985326197210186	-0.8753761528644113	-0.5000242497844866	-0.1644430919309748	-0.6716953823746815	-0.22335876050706055	-1.510447686131768	-1.681667628906773	-1.0569287265101635
-1.4245682766146084	-0.5791691695171606	-2.3686498631067634	-0.7669954802615409	-0.773001204861075	-1.6466755991132338	-0.41168616263134045	0.9934173976084341	-1.9440786484895913	0.34249259677748867	0.6705945152911797	-1.0612091326706343	0.16075868419949033	-1.207371344922119
-0.10922797147638352	0.6318082007465817	0.6059668020440541	0.7584083529259905	-0.04493398454551789	-0.038400349240930165	-1.1846287598605634	-0.058333002603548866	-0.11473493674322577	-0.44283422534005396	-1.1272820964058656	-0.9983421429526812	1.0385153748096634	0.45910492734677844
-0.5602250555960293	-0.7114771340228153	-0.0968428205860472	0.6888236971728802	-0.19099657264789283	-0.4873198750677259	-1.3380637847679653	-1.0965372136085902	-0.6055021458959428	0.8095438432458638	-0.263141956865334	-1.2271014405621714	-0.8601714465632258	0.11847948345498399
1.1437875801866544	0.6048114438161295	0.8153334083050865	1.29332552188406	-0.23019308004365657	-0.49512449077439485	1.5781185705571208	0.6659234748414821	1.0889946507491735	1.4614145514575454	-0.723985666242954	-1.3782505278179908	0.31725346864656706	0.14180666518192683
-1.057989594700277	-1.4026257562764122	-0.34640840579954546	0.2730394246015649	-0.8603426188882906	-1.3676774090919586	-0.17538364805199624	-1.0393612146744315	0.1026862149182572	0.05882398917925124	0.20517575764959242	-0.207178574934239	1.950842673623252	-1.1691775621964036
-0.2434646710325795	-0.989504969906688	0.24585134818681992	-0.04955788260711916	0.3446096658269155	0.38338920669161836	0.311406430667411	-0.9466263709551489	1.1855722314423642	0.2667803057240984	1.2788171547024636	1.134534460437383	0.32625943687497705	-0.4867810347085941
-0.18393201193251524	0.08773155083141965	-0.8214267805352553	0.15150171402292012	0.34324060099719783	-0.4275428178410885	0.043457658731089956	0.4674322454143647	-0.9647039557285455	0.19601169483674835	0.8991738116964145	-0.5293774417814463	0.4751615903215208	-0.28776011448150335
-0.2814255159570339	-1.0102922761110578	-1.0975966650757212	-0.4587197943823596	-0.9338659734946075	-0.17746569962663147	0.0817905566468977	-1.1404413391489097	-1.2275232815469317	-0.5637335533916428	-1.0124190478486803	-0.001657996175293126	0.2266433056046572	-0.3713561337426434
0.8742606180218253	2.1397031571672516	0.06598189037080648	1.6770582848500233	1.1342436600522865	0.279310833674971	0.2171407489840223	2.3414864358316727	-1.122573641534171	1.2369904950995876	0.6657199275889877	-1.100093251818848	-0.02304292186712954	0.739419880041674
0.6171343356401735	0.36682116632812867	0.34019018384195016	0.13579420196918957	-1.1252926471911957	0.2316616628573234	0.6700178280971683	0.13528972622236862	0.05836872980924755	-0.8775722133061342	-2.28385029559685	0.11893318397138754	1.0895829685535963	0.0677307368839882
-0.3528867140985743	-0.504105825735158	-0.40080317989120084	1.538324411027634	-0.4271224174576791	0.034772110964872135	-0.4920636245448711	-0.770809978634827	-0.5159663170927445	2.2594241692871435	-0.6373088560718904	-0.02020456629820101	0.45547759447717656	-0.1327153574496972
2.2286644503445427	2.2122444625347883	1.1059012210181933	0.7661986298483251	1.9724878721099044	2.0768780785533068	1.1430344343603878	1.9466877297601881	-1.2215668241817317	-1.0521198887715018	1.3620500335832932	1.1974785329385502	-1.55500546331215	1.3552329173411055
-0.8924316235538223	-0.08041020064716557	0.48708999221767313	0.5351577304140183	-0.25953528328835374	-0.4793715859785612	-1.4351640060930642	-0.147309790318861	0.858572986693282	0.4175745699867157	-0.4217625407974768	-0.7981030658276707	0.7642964874677011	-0.1448836239493892
-1.4767148786688014	-1.9645882318432264	-1.317146357169761	-1.5182756004523164	-1.5881839044692245	-1.8463847683713472	0.20853404872769368	-0.7429893390122863	0.252937457170424	-0.7110493464338417	-0.024896819977127	-0.26245003385211363	1.2067028971351375	-1.7601352078628822
0.0007227252299852882	1.730151666364824	1.0629582018886603	0.9337708056395584	0.7169001248933601	2.704780531183326	-1.8867454077316779	1.4203155032011021	-0.11052122061835708	-0.3105093779430158	-0.28926152550398426	2.553260237000649	-0.7274130719026741	1.0234449788246975
2.0305697950705532	1.2216516403020528	3.3586075710425125	2.5251445995171977	3.1789419407323143	2.3801520384255292	-0.8746478369910227	-1.7258423717025144	1.2963811153220823	0.017616782563329617	1.501463411173221	-0.299697114829639	-0.8667879106242155	2.4305146454484046
0.8707161071997792	0.14578766991931497	0.44900226449523345	-0.31779238586240977	0.4195778113392004	-0.3644547672632855	1.355683481461883	0.6732278764705826	0.5866997857042041	-0.5395653796057537	1.0876494471481117	-0.6860036664502621	-0.9232558607568521	-0.07349788381166415
-0.7838959947226375	-2.4880125949966105	-0.7917817118555832	-0.19698095745977662	-2.1154093666925338	0.4011155212616746	-0.2257776318315004	-2.4416273556859736	-0.40723022501989037	0.8944184969993187	-1.89412879870898	1.854988836291114	-1.1210993256759085	-0.7988163164498444
0.15044340755715896	0.8819330057167667	0.5762620158091417	0.6497792036377075	0.16110551913430665	-0.23082851198782628	0.7662898605427572	1.8751125824179005	1.3490046169122207	0.8870644608584421	0.7342069658873683	0.20321818278269402	1.047694209371356	-0.4526733856082448
-0.708408697463831	-0.037095866551667744	-1.4720653113467317	0.08325076258731878	0.8565699205155997	-0.2116152890080275	-1.7558123040564082	-0.684631639432193	-2.998911624975279	-0.9011397031558626	0.8186961662763619	-1.0326461173140187	0.6341369921160379	0.24685571868444042
1.3935036108237076	1.1986711701233046	2.508308257516223	2.4314175334141512	1.051358264762028	1.1311059588796644	-0.11376977620994048	-0.6903248031922301	1.0323281847794705	-0.013789877645299667	-0.669863743105522	-0.14248145709996224	1.7768032240911245	1.2575054072204177
-1.7880619108503046	-1.198243672151142	-1.3480955074664405	-2.0875812746596707	-2.7005479111640662	-0.5617047405416338	0.4721911849357044	1.4028755778486104	1.2268615700038243	-0.5073231941816839	-1.0846516584502812	2.4256468885399443	0.6696550823225276	-2.1739000353248135
1.0479056694321385	1.5085490346919004	1.7610819606523151	1.3050446453373128	2.1111828676783695	1.4053319288599606	-0.6681390803519323	0.8002271724473415	0.2502062003909175	-0.05790906758870032	1.6976674575483497	0.10598269013277543	-1.2784059002295696	1.2840939112694094
0.8215487895061906	1.7679567212412102	1.415366189440515	2.299534066446518	2.143082797198744	1.3193997010250382	-0.1983580715330095	1.1419772022174726	0.15220300744376244	0.7597714551285553	2.0058659909731302	1.008511443142638	1.7068015268956434	0.7414100945315978
0.41981952396160255	-0.32793958167744647	0.14618481752797058	0.12146539537713408	-0.6361383298058706	0.8493180846377891	0.06769636454961844	-1.1843760383803448	-0.3411452805857715	-0.7757217518718	-1.6976072527087605	0.5170807327026355	0.1984544435025359	0.3429951526502532
-0.3146717846466286	-0.03310128611868918	0.36063286018859486	0.875518023676418	0.45084152316059434	-0.7762114677099756	-0.05813429763855946	0.2888493075321554	0.901586532975752	1.1571180379549977	1.1681226565858462	-0.7235792121601614	1.1168136308526508	-0.42977359680851257
0.39480086332512987	0.4220520821491418	0.1221282817757077	-0.9509827115858375	0.31465879044648504	0.7413418117098733	0.544337594900281	0.5272751118873277	0.09103294119507714	-2.2142380256307925	0.3704634415235212	1.061677800027143	0.7431203615692875	-0.04293705729711231
-1.7913506362792557	-2.009724523638131	-2.7043409943799115	-2.2781589198517476	-1.5709002864964365	-2.6463791151246694	0.22082532060672347	0.5013859765101448	-1.4941150525890103	-0.437705711899389	1.151221914718109	-1.0795497653934543	-1.162353973613491	-2.0780853148215197
-2.0090082165956993	-1.6016532183751289	-1.4794498206350002	-0.5248715894724151	-1.1034273183868792	-2.0016073610395613	-1.3251056386786224	-0.6470288964688631	-0.4207860645994079	0.8133624415778268	0.18336925194779843	-1.6217143967978986	0.0730474346109654	-1.2280453674160041
-0.9898817534282418	-1.632132053201792	-0.2960084352084137	-0.2254818425504927	-0.6445322145835646	-0.7614689204519964	-0.1075499581418882	-1.282098470127929	0.9410495073485035	0.48317223907949614	0.41845496476036703	0.32903423760476064	1.0110520105993066	-1.0650833732448959
0.8829335307707908	0.14264414295358574	0.5680415007611124	-0.5363938712908473	-0.01809999737420606	-0.0111762665436968	1.0422674377786503	0.862119746026645	-0.5077579165900461	-0.9949505951290116	0.2081829399945964	0.07622619684019494	-2.046884327347378	0.03474916080707437
0.377230300929472	1.0233946050832596	1.1012846593211847	0.19592953649935885	0.9674876001366217	0.9619444457238491	-0.6919309330271546	0.4330241796082267	0.5366154919142937	-1.2802916693375832	0.33982396161668815	-0.026265266495764977	-0.07330300389185525	0.7782406980966946
0.5987652967730908	0.27423876926133267	-0.9028152300001013	0.1828418087915711	0.9399286305680434	1.229098879269618	0.47633592367976624	0.22084754871834444	-1.9715575791108935	-0.2965488433653251	1.3246065863684005	1.3583267672836548	-0.47053870977954493	0.23583798198623498
-0.9668016974887323	-0.5087890626358937	0.38016650459391593	-0.47443260110552626	-0.5526020500903132	-1.2446424138198806	-0.9763798569904544	-0.21893444636808632	1.3160496346181176	-0.5021627431304532	-0.2915106005828982	-1.7052626785449096	0.20029081897539905	-0.4174865586101218
0.33986094310409976	0.5600655466886821	0.5147942195981796	0.3909129761148268	-0.2769574792639873	-0.26733250695782906	0.4309936626801341	1.3395751666543325	0.6422103395569756	0.6111408722571483	-0.10162970276482076	-0.5502640696508374	-0.95455761172927	-0.052768030958063275
-1.0731857086727525	-0.9737890817798645	0.3173959605686491	0.8427377937236671	-0.1731665315685423	0.2456867228697326	-1.4870754888121507	-0.9310454048028673	0.8536565005103708	1.7037837457649379	0.3875096148757744	0.6177391467706923	-0.6626777265445716	-0.28262629358922975
0.5795279380245785	0.48729751771124485	-0.38165473382341514	0.3582157058088281	-0.2818670158285494	-0.07226044833278775	0.9855560485008119	1.0085448038528644	-0.5601282213515448	0.4479978273565988	-0.27463477716636664	-0.33817778812880084	-0.28182978834265926	-0.06146340693194188
-0.0718309266170924	-0.3143392885369261	1.2094521635512623	0.17299406366922337	0.2616736231905841	1.0790425840034854	-0.9463028993871168	-1.2253793869295306	1.2360510377053096	-0.7525052026788949	-0.2657765192536213	0.7045910700479171	-0.19617956486557506	0.46012425659390727
0.11166614546459142	0.5294708207149574	0.061002752920942704	0.4620022725598436	-0.10690794050111907	0.1294329309638697	-0.38640510601694933	0.323331362820663	-0.4643158803163231	-0.12251705923251908	-0.7373003633405065	-0.683395028306552	-0.02019360861210546	0.33951072474498073
1.172888670210732	0.2789874606144914	1.511417713004207	1.3058599233020867	1.7320368844999672	1.6550615856675026	0.29659827326306776	-1.0896355903426687	0.9019840356345635	0.2843738902319921	1.3318806879455163	0.8210535265778808	-0.16128086621108426	0.9650249880623094
1.2992043944926988	1.3489585505757673	2.9561058134191787	3.0164998872101783	3.5076072158174103	2.7110645232916206	-1.8944030045435403	-1.4003681597668558	0.8801799527375659	0.9797194904840802	2.17865164703914	0.38132604384011903	-0.7017037807645408	2.329520202588789
1.7756131464511868	1.0629422097612748	1.8772334593881892	2.07325722978959	1.5194286928595881	0.4268322818764714	1.3146232055070317	-0.09008287442146871	0.9395660424759064	0.462592291165832	0.8743812822586934	-0.6004119624453044	1.610184442983438	0.7949550458174686
-0.10292909758239138	1.0123084277937286	1.2376036433673239	-0.6773209840980954	-0.3230320586375222	1.3957036683775472	-0.8646796761212792	1.353673131683249	1.4051510039835087	-1.8461370293248194	-0.8840009074268973	1.5167650304519047	-0.6054602937090037	0.32119660752558005
-0.45329096831360655	-1.3019523399251964	-0.12165433012797891	-0.6345105632830141	0.09347816967381595	-0.39074796505489984	-0.4573306571632986	-1.9437582155666655	0.07502653322559616	-1.3100102984582807	0.41036917024039954	-0.3858128881224294	0.8084409223973089	-0.29738559506465895
-1.0576129384236912	-2.0086313616380806	0.8548166018056764	-0.1487253547551075	-0.9198288257612092	-1.4599935731406035	0.2574931802791637	-1.744726006391222	1.7695981235905167	-1.8950353072819008	0.7074280746548558	0.2732742849917515	2.5060576829377488	-1.4630072943908972
-0.29718845456738463	-1.432502178166439	-1.528941078884617	-1.1820684874837868	-1.218578703479716	-0.37747232953608856	0.6818931099489572	-0.9975709308462554	-1.3119392719692191	-0.931075864612815	-0.6432635354759612	0.3325278539970424	-0.34315509829331065	-0.7653286000000238
-0.5176707892156225	-1.485865756713071	-0.5334135682558587	-1.2859035375411858	-1.623151455454917	-0.13003202137441638	0.7394029101716988	-0.4154850087616331	0.6983060457267066	-0.497308573775215	-0.6711036900357412	1.3460365003712798	-0.7926282446322463	-1.078049102529642
-0.627083816614147	-0.27446425693608534	-1.0496052511735057	-1.110484041444199	-1.6545022504827323	-1.9610556127019447	1.2281450540975385	1.6636709939737442	0.2516581612048531	-0.5029814176323897	-0.5287695795281261	-0.815411289328473	1.2812384572712563	-1.528914544774583
0.9633757538095336	-0.17900926376666904	1.676499549176395	1.6374773484286234	0.5831939859047128	-0.2867026971389697	1.565852489088958	-0.5945754411862972	2.019316267381879	1.019026590650521	0.9504974892253276	-0.09937659587057834	1.7984101582361374	-0.18194603070211823
-0.7561784581315436	-0.444832770648048	0.9429412161661321	-0.1297379563196569	-0.33482480526353753	0.6211099621486138	-2.1149896737980827	-0.6773146550892971	0.03730390251649629	-0.7923439643440342	-0.7477811134801889	0.5753588986596246	-1.746110919178641	0.3107782062412585
1.9277349434377977	0.10223832163678809	0.2520746165615875	2.0308815688518256	0.83869230370224	0.9029253796550839	2.0952535087163087	-0.5985771787266605	-0.6581053969165374	2.2350894632336193	0.6178987590470572	0.2629600131644454	-0.5852493396421063	0.5784344968012056
1.1259948912099886	0.10553599948561454	2.2358473178950486	0.6065800538357462	1.3957400853230222	0.43047458843016895	0.4182898345481681	-1.4764763912963104	1.8259349968731573	-1.6320060750560843	0.8404861885662719	-0.46038389132812607	1.4971571729365276	0.6919903996760952
0.2784042124281494	0.43091066426557806	2.156685004598347	1.2270188600465608	0.7292061430874248	0.5638648246819017	-1.1293787087365676	-0.5744321225243962	2.053119973142672	0.38381937596477533	-0.08405414154652283	-0.8117068465380372	-0.4981059135495789	0.8751911204901316
1.2260628488866652	0.26689003769621145	0.40664752039910385	-0.6168084239878523	0.0007350459189933156	0.4406333956372598	0.8771642955361652	-0.3282031183705985	-0.4667484385285813	-2.194625423468476	-0.787995185808459	-0.5229957043022704	-0.6680853453358663	0.5974289777857439
0.5481676713572107	-0.5403401697736555	0.18765887244579274	0.06253687813097228	0.40899243228177934	0.9636437572040035	0.7745904010106868	-0.41263802114673803	0.00228404327182849	0.10862069621413882	1.0950700599635343	1.5752303656734739	-1.1264160039305877	-0.06747415629949516
0.05478935625066879	-0.6786830933681633	0.1604006742682725	0.316004847719726	-0.12052309904994879	0.10910077221842311	0.1298801971098971	-0.6923954993977742	0.3244182183528486	0.5696990899676707	0.2207210970073395	0.13458510494563317	-0.6810917343417111	-0.12702744686115666
-1.1262913246039257	-0.9541150598627287	-0.42711089923831713	-0.9133653014905778	-1.1802597811617324	-0.9928377136591685	-0.1888231115599268	0.08690758977356482	1.0328127816448864	-0.1931569937476069	-0.2887527216822774	-0.20358301348796587	0.28250235056881107	-1.0627600838406297
0.533411936589923	-0.27263664500574786	-0.09971102463159695	0.517457139796411	-0.6555708899766635	-0.4239705599941239	0.45351698729127304	-0.5368140103555058	-0.5637701239872813	0.3980622234809177	-1.1864427120048178	-1.263183464010975	-0.5933875995117563	0.1681292811099069
-0.6683228134415664	-1.4810669233135274	-0.27956066037391764	-1.1791454564109642	-0.35248383858205046	-1.2229234599041225	-0.8735843677771147	-1.5110754931438157	-0.5206364308932441	-1.5351595905963484	0.2545993972254149	-1.6034841995252491	-1.3127918049093044	-0.3118632664453771
-0.5454870098570815	-1.2865368845567722	0.4822297376864786	-1.1458106976988713	-0.7697579357774287	-0.16216504291880057	-0.47751663764762103	-0.7147591894143014	0.36205518906783357	-1.169495286639588	-0.18089203252258038	0.6332145984707964	-1.9214437791883272	-0.4733926150705259
0.9442841221507334	2.024402321654464	0.6544824241852428	2.511072544793005	-0.35467885672583344	-0.3459477648399907	-0.45496392025894505	1.2190578127312484	-1.116807080288606	1.3688075979758159	-2.669198715235082	-2.491522159729266	1.1387450130634722	1.065218631403021
-0.639754169938777	0.5354637598149479	-0.803871127484572	-0.09236335867351264	-0.6435671058683524	-1.1718350973271137	-0.30010562160891924	1.6310850708491493	-0.5182622197717489	0.20942460788334005	-0.3285103839039717	-1.358308366654972	0.4630211497596907	-0.5357915126464798
0.7549760623536614	0.4140181003750729	0.5537569245844087	0.5296331805862265	0.6116521436658813	0.468074187843025	0.3783661526340907	-0.22538684479035875	0.09043622478580157	-0.42351082980244575	0.1123894892081395	-0.24371687252061638	0.5349987473804173	0.4422504577732047
1.1359171331944837	-0.3469244876394945	1.4565354804772779	0.366411573824937	0.49297832915012746	0.6439379675337176	0.45974900226643994	-1.1883416388679917	0.5157312909318935	-0.5838234151202674	0.03185430386351698	-0.060501100629790354	-1.5384015922247036	0.6737608141262412
2.876641050022788	0.6445384914198141	3.381382758847653	0.3067552514143018	0.8027337721812922	0.6500316250340252	2.411421043587535	-0.03948694498441651	1.5189298488950653	-1.4762914197133066	-0.43558019613127774	-0.6026009170655474	-2.54285572374057	1.176801803158578
0.6349899303404009	0.28390090379711463	-0.8557405220306102	-0.7814823435084727	-1.786263917697795	-1.8468816076834333	2.314247944990233	1.960608190593777	-0.11103143047622752	-0.16919173252911046	-1.4925900720162573	-2.025996275900674	-0.3756207706943621	-0.817339856420279
2.0899491883419055	2.613074451495339	1.2366664891319092	0.9487166902264121	1.8706945188425168	2.8186095581456585	0.28626023242658627	1.1580578770720096	-1.1288597074700621	-1.9492845544373605	-0.07924143824440266	1.174615499216481	0.021760581079867485	1.91388760903616
-1.2831171786897573	-0.8435970430252034	-0.9681171060425928	-0.8854308351637102	-1.5107232938680313	-1.8503100958009724	0.16566006109472167	0.8473723153342212	0.7148307023812854	0.3532810466329537	-0.24900332504096045	-0.8747855719089261	0.658191414975214	-1.483658715220779
0.297590133073199	-0.15233060630516382	0.004136157834218834	1.1546721381037945	0.26453467722332574	-0.27483829968709395	-0.6745782753514299	-1.424704682121667	-1.1511567875287971	0.42003096483315755	-0.7299256803595295	-1.9486514990516306	0.03990203552036479	0.6945117958637633
-1.8933920156521356	-0.8593313802573546	-0.24914285851877552	0.11839946809138058	0.7058544089896226	-1.033053865809735	-2.592360222071491	-0.8786477345047042	0.20268054799251864	0.4051271260796156	1.7309835062700138	-1.4030860180617715	0.2613417480973551	-0.38441108917400296
2.89628426058131	3.4604163611646075	2.9747645400017046	2.7399074919361857	3.2682041451870663	3.4276967194979466	-0.5204802412968632	1.3161013467683276	-1.018861752418708	-0.5114798219611585	0.7607785522314761	0.737858360013141	-1.6969593058922579	3.010147414282063
-1.3235893129113212	-1.9399452839936133	-1.2410035001785276	-1.3212464491601204	-1.0459569894939018	-0.9235449014949733	-0.46255245713893417	-0.8838431686900128	-0.47168672540312484	-0.3267015489236869	0.5394617198516727	0.29290186291439824	-1.0837422736085454	-1.1928909280578965
0.6262559697948382	1.3009791064161538	0.46045934471239636	0.5524201722785201	0.7592743861829875	1.843424627995065	-0.637252733206319	0.7673536398294135	-0.8580509338049709	-0.844134825289305	-0.1408746151718666	1.2192177672497355	-0.4610488605603597	0.9327766946305777
0.79979533870009	-0.14273718739919056	-0.7805852432353794	-0.9115489367007561	0.3626392751422503	0.42489531030012784	1.4241928560771984	0.34136528061739513	-1.2452940965832362	-1.3656680470839035	1.150826788127131	0.7841458968475489	-0.849347194913507	-0.17768691678692622
-0.20440129300666432	-1.2551411950658815	1.0495620395800198	-0.5325600456843436	-0.37775406667929323	-0.5583426705378877	0.8108465944921323	-0.4738023230218174	2.880678075671699	0.3126390914222013	0.960176198593464	0.187907880862961	-0.8076983509773795	-0.8093201310573153
-0.16767220905079483	1.1132338427754458	0.8522305426992508	1.7934244866954592	1.0798993791379266	0.9183601451443477	-1.5299447183635553	0.3079399678465319	-0.7780271756495829	-0.3214426443826371	0.6085351576001382	0.7784675945110222	1.9842118885480498	0.5316274843579167
-0.7647053488272968	0.53449155643176	0.21163786513870947	0.36935887148306334	-1.2372646813207175	-1.2294997038294078	-0.41787216201978145	2.3311008685381394	1.0871990181700215	1.591686141783595	-0.6808024873038296	-1.1242291448877024	-1.0386478137114745	-0.6564394019488285
1.0117421467587795	0.7309002971367318	0.6086755644735591	1.1275047908688913	0.33527757649435846	0.8774102195371006	0.38669551524755297	0.238033128506581	-0.237202922099107	0.5259269224364951	-0.4295756177592929	0.017653224763414323	-0.5317870364087737	0.694437827314538
-0.3825864115914822	-0.09090935430340188	-0.02150601884908887	-0.09023151896776323	-1.01684953809275	-1.517886719231348	-0.15718917248903097	0.28962099537891156	0.4871156534655689	-0.10798878795185061	-1.2436303044294366	-2.180679924824295	0.5673253519232752	-0.37814702191540384
0.5567329499447313	0.4117064387177816	-1.5326086906440028	1.2259538127404113	0.2959377490734541	0.6871614825897955	0.633908569384783	0.49091589607135794	-2.8085959402631167	1.5109316465354277	0.2977676898503579	0.5694490951901462	-0.15342165727384735	0.1478412325297363
-1.0521156062200783	0.17333935911900494	0.4548812386850828	0.47599551645675947	-0.8139328147388805	-0.30593162757185227	-1.7523734981252084	0.13554849775175756	0.4781551179961543	-0.14416984536148306	-1.3993004373342792	-0.32322001341584167	1.2936558051808096	-0.16672090056821154
0.4385572120335588	-0.38043132235418675	-0.3775742489668925	0.9900860281219237	0.17846071406832195	-0.5072602180429908	1.0400909890213126	-0.47344298446138544	-0.5788126696037963	1.0540643804748286	0.5611057212348393	-0.36556845436439256	1.261836217545283	-0.34873277518641216
-1.1491633494833278	-1.3637148031458004	-0.3768744992933989	0.1381966261101717	-0.5433780103099725	0.30900527379087883	-0.8402691532588522	-1.0647669493074639	0.4956181967229617	1.0982708286933607	0.3019530908667561	1.3272855590901937	-0.2092574153089488	-0.6830031504995323
-0.6305105175648689	-0.47415943151555207	-0.7194332838758888	0.5021192439786587	0.10289879790404916	-0.6715353394609072	-0.3990459823657454	-0.26635632428248834	-0.7319615516496968	0.6925136489335978	0.7741746128501138	-0.34915355703522516	1.1484183991065815	-0.5440293167673754
-0.9775519618690365	-1.7278170387962348	-1.8643623740308781	-0.6095050650545322	-0.4951966023739588	-2.0195072992378567	-0.2489425886590216	-1.2566430029381708	-1.6680081692654998	0.2509627118262585	0.7943221885968659	-2.182165003864781	-0.39519205917432626	-0.8947928251984671
1.9834532994516865	1.3190563235887547	1.6921580734271824	2.6311315633077994	2.793175825860599	1.551576444192239	0.6584622798810125	-0.44889293239554906	0.17714327193486978	1.4045385366342835	2.007973020217524	-0.39041133324397814	0.01276275162824157	1.5858395327004358
1.3178952789195484	1.285009759891306	1.3081022293081728	1.5165470032686674	0.880547258541934	1.228128210489514	0.5522491119170293	0.47937898429661835	0.5952375933914703	0.5065843962114024	-0.19201386446552476	0.19543842365813596	0.36625950575918326	0.9241304681614984
1.1033115019753792	0.10684260245049551	-0.07544059126310448	0.43579620061938806	0.8925267209450968	0.177480564415672	1.186693824166657	-0.23381485649566278	-0.7188431980181105	-0.04133941561290746	1.072366043705136	-0.5545698497711435	-0.3908810560334881	0.3253077275545908
1.1768004857204475	-0.32799531724144515	0.5638674418328378	1.1395196921126882	-0.16865672150929	-0.017437799865217207	0.614744498916585	-1.5019194374530662	-0.3841500343801949	0.550932466681714	-1.252298247523897	-1.4682289814215066	-0.6644765288114659	0.7060516509926877
-2.7016738386552412	-1.396269935646738	-3.439574874989051	-3.424772936944408	-2.4290331402395147	-1.7816203942329194	-1.1332840894949185	1.137816845833358	-2.324386550980416	-2.5798382852169643	-0.5836355749737068	0.11650363326661259	-0.14814002632899895	-2.0493320378809528
1.3470552256794972	0.8838887886729155	0.8599741743095375	1.8533077483041285	0.6531136951646604	0.7653176025502862	0.2515054406300592	-0.23236883223193114	-0.5059818239474985	1.0176596526455637	-0.6228933072023504	-0.8848111421860014	-0.4753286129965698	1.1183758106113881
-0.6103659647125829	-0.1960203412763109	0.16260588314834246	-0.2402040357011793	-0.6102247374976981	-1.8636393143905972	-0.2244347132241196	0.34059952213263245	0.8871615818671403	-0.3918863552161165	-0.2735525040303693	-2.20103286345795	1.1351731597916772	-0.6274146865142258
1.9296847898781084	1.5407928253880527	1.8508179110038592	2.4484516222781854	2.328286980095636	3.367370789753666	-0.1593643209450165	-0.8249300721436295	-0.23152004411689595	0.3302096430571952	0.4901130516489149	2.0269274176507013	0.35894914392733335	1.9639610398887637
0.2891381462219088	0.5762066652031502	1.1333512350792474	0.18064629100737706	0.2764899262407177	1.18099688975242	-0.4163905796012287	0.06191836671929023	0.999914706405391	-0.9308249066495359	-0.4376081606539905	0.7464145936997604	0.029113781978933495	0.5332328887757894
0.9116103894571481	0.815697060983692	1.0465676409050246	1.0572883483743225	1.6056954645953732	1.6185809541581966	-0.465675003208805	-0.7593856198316093	-0.4461474409116098	-1.049428306237361	0.6427493578732985	0.8461673647802759	1.1816438680474326	1.034999659273171
1.4554482485999354	2.0613842960954694	0.24791049379345131	1.2615234825207216	1.1450945834133603	0.6743886963029839	0.2530496655245792	1.8781483628703308	-1.9169685734529012	0.06686872386493888	0.2809464250477634	-0.9514662589309301	-1.1024923704840552	1.1549937524700817
0.5605315589644737	1.1378268497071864	0.648771341768272	0.40749205512663966	-0.342199094347043	1.3535573973637092	-0.21756186475467457	0.7056093436602426	-0.027540057702275297	-0.9096584762069558	-1.7512608750508198	0.9717494714946928	0.5645806812675623	0.6015451072575283
0.04895870980464356	-0.12108509713917813	0.594857742517691	0.7167270057246058	-0.14294447674820407	-0.7520727711870283	0.5121229065409718	-0.10937997659307529	0.24077427655876937	-0.9016561838139063	0.30075323096682155	-0.25145815899804996	2.167108706362249	-0.4888788524557828
-0.20980409092893437	-0.06491162505852069	0.521342783137241	0.860124799685221	-0.2325234138704329	1.0833968784771852	-0.6432394696373408	-0.37383402500304924	0.5885557610623494	0.8342657914754323	-0.6531912144944507	1.19287437617643	-0.042312347990171244	0.1678512595413431
0.09473991005325763	-0.2992875179991661	0.42711595015873216	-0.22208284842747222	0.4163130664742678	0.09113191381217585	0.03590452823409789	0.007872217976789511	0.41630513179369827	-0.34778519503315697	1.1253545559923868	0.1396864415774118	-1.1299443546755714	-0.07802197785012552
-1.3503717907720947	-1.2531678018882153	-1.2755117690463136	-0.8712265553518368	-1.3087003436257805	-1.2192914403386204	-0.006169411503931312	0.15014379867775193	0.16550961359439573	0.4465091676900883	0.05800952234150635	-0.054860479999520394	0.19638392753416575	-1.3825308666016998
2.004253956927924	0.10152390055678129	0.9638642533956921	1.1470081293021324	0.1504101143760861	0.6657521973177694	2.12000416106482	-0.862382681065129	0.4436053154894509	0.5329494234605652	-0.7824339201445607	-0.340994598545696	-0.30233270812725477	0.6794200508213096
-0.36254365082982853	-0.44355449573964556	-0.1673021722092277	0.5559835791347608	-0.9330038365653353	-0.24954210919024644	-0.27898347280283536	-0.4210930301945672	0.0966568921522656	0.9027211599235214	-1.236246212801526	-0.3494229801307918	0.22069398393233458	-0.23503747440937217
0.5564120975715087	1.0961984886353033	1.115653254693861	3.076673580332667	1.1425129088183419	0.622816102828557	-0.4077094128311226	0.19274304764129913	-0.4357874858829022	1.7093295770846428	0.6308049682948375	0.2055104760521808	1.994277561521082	0.5816971477463075
1.4540766136354164	1.3729798101568822	-0.08266960337195517	0.0796620640889606	0.4015668566564088	0.7806077850269093	1.6735160143964039	2.1678871715333656	-1.0623269730625866	-0.472367166823817	0.4733472249834417	0.6616603790632282	-1.131684824389707	0.2985844721148044
0.10977074550481036	-1.967473883266965	0.06323887131489558	0.09148406382220992	-1.588062146732064	-0.1785616704669295	1.3321379282247339	-2.1456961969011212	1.3136035374615265	0.9309450615871055	-1.511176179039726	0.634816308147611	0.33979834638381745	-0.7480158344030556
2.495479174891896	1.4882368381586994	1.8278536484840293	1.8502755544527785	1.9114732892864443	0.8097447850346892	1.6972837766477342	0.018544268345386684	0.5858022288573871	0.28860650663505105	0.7239383563804473	-1.4443723521003666	0.0037035461635384617	1.4763695679187598
1.274461184849215	1.6794648912687	1.9743106493104121	2.1690326675658413	1.203954815375266	1.1872073230063758	0.1949052041380072	1.5327837556663466	1.1440688660889855	1.8483063932677302	0.6509233103212172	0.19156606958396435	-1.20010983731659	0.9998166053322103
-1.7639056184677946	-2.7319211218406574	0.013750564344472194	-0.901826420527893	-0.9144881055259391	-0.6014460790719736	-1.2622055495871463	-2.372222354797656	1.6531776762523396	0.2464996149212129	0.6205104777011091	0.6729144918317339	-0.8791875643927705	-1.1327501960835098
-0.0441127833073407	-0.2784446575722007	1.0143185305124531	0.9702099935905917	-0.5056361265681837	-1.1643375575351664	-0.9144318588853698	-1.3058355634759555	0.8713694061488866	0.44100822216081526	-1.6844662721791654	-3.0903823529558636	0.07314987226341034	0.49042670606069055
-0.21128741121648048	0.3900115303546505	0.02602617947272004	0.7422899214794471	0.9182736664167158	0.8323920738335318	-0.6627587043220593	0.2806657316731269	-0.25827028984636957	0.42420399173506934	1.1810212339054567	1.0054418703228274	0.7165209231202312	0.07830790672672812
-2.321856813327559	-1.3150165822100026	-1.246597853442386	-1.693414179372423	-2.12417136615008	-0.7943087160103484	-1.3937996633361625	0.9048336101532672	0.23451117092418067	-0.20644260344607235	-0.5158226589929856	1.2543421799578884	-1.1134004343390211	-1.6352366614341587
-1.490659642927994	-0.8152220558156562	-1.5096180336939633	0.39762279463006744	-0.30720598190172466	-0.924041784063089	-0.936634432212076	0.1890605565207118	-0.963528947433545	1.87710048743466	1.0357541795978786	-0.3207979073025022	0.014419293555403128	-0.9315422484391639
0.7941206739833881	0.6764835047772417	0.18153917949702825	1.3226430681084487	-0.18830642561586575	1.4191428026785018	0.6212673669667221	0.21414736982044552	-0.9173599474801616	0.19740465140275723	-1.0332921315799404	1.982696073945564	1.5815730791309266	0.2316804670587891
1.22970987509332	0.6898202372348156	1.135426503392116	1.489228361059843	1.0787179439413186	0.9777544788491095	0.34239927244029106	-0.052622819975949434	0.13671809012609287	0.8477333488822794	0.5588735196443348	-0.07860420763769989	-0.8820306076496188	0.897800050750309
-0.3252950704077405	-0.334755485257287	-0.33583816998107624	0.0248487445859112	-0.37674185373817315	-0.5460875639033658	0.21101273304883386	0.1051898929097666	0.1264559180804184	0.1721432832582525	0.07736455308828062	-0.1391931340599759	0.9251923104538682	-0.5829078830939206
0.5915710083003353	0.05662222292503294	-0.9383992316791838	-1.4364420196993188	-0.8457907359791722	-0.5100522324150147	1.8448618309818046	0.9316468518085613	-0.6464108102950347	-1.921525440570179	-0.5687201019041815	-0.1842774907527789	0.4047859606481052	-0.5833230802897249
-0.7275798619095808	-1.764634087916082	-0.9322798245633934	-1.077050647516409	-2.8942930268232603	-0.563181264012141	0.8287843110980816	0.21539396657770382	-0.7193360027166811	0.5951694052346755	-2.1239525630748344	1.6815080911548337	-2.1862541251055525	-1.4566196428415938
0.9700875918278651	0.6466474775131502	-0.3462515412757776	1.2137051346467813	1.8029778231170661	-0.26418203185997824	0.5747163462398046	-0.17475019466971187	-2.133859952596791	-0.3191853116074894	1.9452591835504471	-1.164166247350713	1.578347893695072	0.43582801557596285
-1.8086192294519385	-1.3604375717579305	-0.9590975873302364	-1.1034436676326194	-0.5543968359042892	-0.6222186612270443	-2.00993747778658	-0.7502811952473198	-0.649064204822018	-0.7569901570767509	0.5545415936326021	-0.026939569330955815	-0.8975152775059614	-0.7307657991083462
-0.43631319826225784	0.07491528805597247	-0.9493243435064658	-0.4100928547315315	-2.071438944525764	0.015381653587455246	0.1414561799385562	1.3340446077653472	-0.671559960435749	0.14714079583613454	-2.2533527253280545	0.7641369382418841	-0.5703343154319104	-0.6114446135168536
-0.5606884315190426	0.12220057272394136	-0.6047062269224649	-0.25856741293683927	-0.03962929964061379	0.15932331771238328	-1.2198703392655807	-0.18493580865456175	-1.3983139742574118	-1.3955137852700232	-0.40095147645395696	0.03358946118651445	1.005569479474897	0.03204816202169899
-2.202605894519149	-1.149634350270361	-1.2918949337145866	-2.276436439699409	-2.6033362536866633	-2.6070676668553063	-0.4847329946620877	1.301112137664875	1.047655022591282	-0.9105851798169096	-1.1217300881616594	-1.476534464658356	-0.04687149130271034	-1.9209273346087439
1.7884842735880708	2.439765068038609	3.4871265219131895	3.211335916478438	2.9096906293066613	3.3771402773798394	-1.4643485240632688	-0.5971287903195888	0.8161837024632151	-0.4510017554836774	0.3919750006665093	1.5193145928104153	1.6166332392618856	2.474715694377985
-0.8967399844591692	-0.9950147875090682	-0.7422404793772892	-0.5719817448441169	-1.3650250961502095	0.9881191163708716	-0.7849164431312907	-0.9516117061005368	-0.4907008358469703	-0.583208688758051	-1.5681501038391714	2.06939739304924	0.13786890509347985	-0.4516215448674421
1.5197492166388802	1.0475892186322295	0.5346547167902859	0.14395526695212457	0.6119274418539741	0.8929310571227995	0.671913111491359	0.6568773297371667	-1.3543103678270316	-1.4052207422383487	-0.2154115418627373	-0.12432494716181075	-1.4284425279180286	0.9391513263735353
-1.353610585909059	-1.1425536034820631	0.12662040068837843	-1.2186826875413588	-1.8256478805381642	-0.18150364987390355	-1.0871410961644987	-0.6630512114165855	1.4109764767808626	-1.1252593055023752	-1.8016183905338439	0.5703038069667662	-0.11138118736175075	-0.7224466391597617
2.066002395382542	2.4042253750148737	2.2983839996397553	1.9443797260946565	2.4103460632354876	0.9175766905915235	0.8589395718800945	1.2537769299579888	0.9089167070924796	-0.3668912260875461	1.3937746683117724	-0.8343665972575414	1.3691224261983677	1.3781347318004067
0.20901015706532394	0.7155040695495564	0.5880972944091338	1.1211419770195046	0.4974588379542154	0.9821715526220159	-0.7249097639601363	-0.0875935021953584	-0.5917506520503828	-0.47889024721414386	-0.26403031249338166	0.8738311990709594	1.5608664260230696	0.4558868856621574
0.7124949434736899	-0.21166333131243062	-0.5235333252879225	0.018436002371907463	-2.152783117598987	-1.0699384465557786	1.6363737315800921	0.060548709813761745	-0.37632406529535384	0.053086625283524286	-3.1662359844204158	-1.4780236347658808	0.5356139782934639	-0.35511535285938045
-1.1666685002144885	-1.5233057146149172	-1.0855972134527403	-0.8070543631227693	-0.527911176125412	-0.5247253408086083	-0.5341361171806346	-0.8494426235513749	-0.34335095998362186	-0.01936630940689603	0.8042216625820513	0.36296925261310514	-0.4593057464164516	-0.9217789912008019
-0.3772507603653432	-0.1315336662634019	0.2315229860064199	0.8423069756129172	-1.635933298655993	0.10601255875375588	-0.5966370449709435	-0.2554001291090379	0.4062573293140673	0.8991702438594051	-2.736831136175266	0.1654661295524839	0.783391753725816	-0.13497193954314238
0.4357788839648327	-0.328033682754028	0.14426651793449247	0.2383658818662308	-0.08272672871495815	1.4055321556490568	0.47373150349959575	-0.8947820642413344	-0.09445373602008703	-0.5007150851986093	-0.43916852070304985	2.1226057384329406	0.9588202466967432	0.017071506451423985
2.098523225869536	0.8615730367197245	1.9797017635772836	1.6484854907567406	1.5168090802467642	1.0593332149141919	0.6331576851563402	-0.6797534775355919	0.08994996209792543	0.088097978559033	0.2797969953853427	-0.8733621599176072	-1.3792374292215563	1.5452726090853908
-0.30985743995767	-1.9564471147582374	-0.6328557146550825	0.15472791043661716	-0.35397479084577455	-0.9855661452847357	0.23564261420166993	-2.5449349642121506	-0.2561932278782468	0.5813016417721807	0.134550392703082	-1.0318875277020303	0.5416147992192933	-0.5378090960748055
-0.5658492497545744	-1.471958988953275	-1.179973276856586	-0.4864045571630421	-0.7943100617091736	-0.6936216864071901	0.19660000774588238	-0.824072345171843	-0.8635529012834555	0.3922984312017865	0.2721891918703252	-0.030350811254356444	-0.852172410907086	-0.8070810996687519
-0.7055948515828997	-1.1795382737287965	0.16708512058391306	-1.4995161263146848	-1.1967190851511196	-0.4381182512372716	-0.6062662452713796	-0.6279921223011844	0.4702142428508735	-1.7153312973682198	-0.8005643310244857	0.0842973663730526	-1.4205462441991272	-0.5186337515082603
0.09293212439703094	1.1534491796557287	0.3714292729821405	0.7020262842143562	0.6835622350312641	0.09380757572341553	-0.1679902904145631	1.4092345242442228	-0.13002313216709657	-0.312545848155925	0.7870410334797157	0.10534852179561288	1.4786079071139866	0.012186883686397707
1.727116443826807	2.2224749250821665	3.478555936687815	2.4425461133497874	1.781226564877125	1.6049690082426926	-0.10888226537588641	1.877941230224102	1.4560606023909048	1.4469964872082224	0.6287868657940586	0.30484943742802406	-2.292140208071191	1.5541382285619434
0.9476994167876258	0.35037127745827795	1.0803794124830781	-0.6508533014956517	0.9364441726170316	1.1225907765556336	0.9747535182140752	-0.044360178221068386	1.2537568871001594	-2.0811889959871737	0.9366416884108623	1.0804576465805287	0.42457136379121035	0.2920731116326769
-0.19274084905364886	0.34250293793488756	1.7585883888000717	0.9308787387735271	2.0646564678529016	-0.2822392830290461	-2.046521109283746	-0.053408614842699674	0.04156117756519253	0.1704446467855853	2.3769060178905654	-1.629097405730344	-2.1543394427055187	0.8054159953816111
0.9959754237218501	1.57075582020693	2.1854817379302633	1.3090932924817826	0.5584580190281658	1.0586141764809258	0.7092155878261371	1.4506954442028313	2.1492954606424903	-0.11378006164521051	-0.033544405295932674	1.1455741840986073	1.6080746993310915	0.3787236138190129
-0.7293810800599121	-1.3108136885042618	-1.4344893290059555	-1.0015360871030599	-1.0460263866630701	-0.23116059976861358	0.20020921526634983	-0.3563395239720795	-0.9626099727283032	-0.24046833445349983	0.06603637641261517	0.9542893437181548	-0.7043392976068675	-0.9561421145996406
0.19848885624446957	0.6570932332909925	0.2251866163322918	-0.3825138926572852	0.3399845250123047	-0.14050999717267332	0.33849625680979967	1.248520892902946	0.43436637004383116	-0.8256702812143637	0.7193320369938045	-0.48204532915470255	-0.2300208790054169	-0.0460151266496918
-0.7501438233631548	-0.6860707045273977	-1.1980887533909526	-0.5206365459205873	-0.6468533784656804	-0.8722507035543228	0.3266875073831673	0.3716608358139938	-0.4173181248078602	0.19598030886637258	0.4587900785550708	0.060992805694132186	0.7384253290818493	-1.0567522718321638
-0.324594669715037	-1.3684274923929254	0.20022592814857368	1.622404006682977	-0.12737012609802667	-0.24021729668873965	-0.17998623433699065	-2.168888208045361	-0.003989293425186686	1.4580288370787406	0.16054677774250922	0.3636918315429283	1.7643458224896273	-0.41996373206363435
-1.3702033618204172	-0.7943162147630214	-0.8712168310693222	0.26840459958011476	-1.0381315554173898	-0.8379632160188009	-1.265083589138655	0.2202760249778998	-0.4993827954099416	1.55140111819063	-0.22792321667686746	-0.3612683729691437	-0.9228398995080294	-0.7419138498481553
0.15374227201314472	-0.6422774866413951	-0.266629314138182	-0.6607626283080582	-1.1096038121907899	-1.6796745322551476	2.1807595574570087	0.7163976653797538	1.2612406064328672	-0.023167118183315513	0.027404346100294665	-0.7316785559136075	1.2026464540270057	-1.3126453766746484
0.47576778133427033	1.079087353705983	1.401212384556872	0.7537786141626217	0.8776948849694726	0.9959888833598503	-1.0152142535956457	0.14403319539822695	0.5800559220274003	-0.7405964662593294	-0.19241908200309477	-0.39909091140969644	-0.24334176148453	1.041335788763953
1.5341347237475171	1.0280546452108017	0.5018944725182863	0.9952831901607938	0.1540385533933339	0.5312676467783777	2.3165462893427664	1.1699154753658456	-0.38587822309574465	-0.7071014441719905	0.08254450293580672	1.1550380989640203	2.012144249707082	-0.07632348995012199
0.6501925576071793	-0.02513235101796707	1.7174212876859676	1.3146163627561072	0.5892731764693566	1.1567156029983816	-0.967741174843409	-1.4487037949925747	0.6176049498216651	0.292480676318289	-0.5062578325387065	0.0011945661719595594	-1.1624806642716041	1.0765860588318985
2.099262366496362	2.180496165318869	2.870300000131632	1.8368644147764488	0.41462143219030523	1.4418713432794499	0.733004245119913	0.8627102862950068	2.064952773389666	-0.0501997006233222	-2.0799954576706803	-0.6298674437174349	0.196204488545606	1.6236290958327437
-0.6548605477965724	-1.2413310208533774	-0.1362908609409298	-0.8223465765827231	-0.14066716249846511	-0.17885215903228335	0.4778824238396934	-0.5775418897032216	1.30714463135855	-0.3749157005812584	1.2895842653155392	1.2554592905899469	0.8480534964296762	-1.0644165863173796
0.20304330797804987	0.6099978569300661	-0.004780277139580291	0.9430976479500826	0.20938817990450012	-0.672010779097896	-0.17115051200006198	0.3961245872040496	-0.6465697862567443	0.34778801513026125	-0.21044162352322895	-1.5554568955952681	1.0515364448829738	0.16201581563104164
-1.7608078355570589	-1.4367244907987373	-0.9008878398960732	-0.3385356060456093	-0.8593792594225231	-0.23527910611766045	-1.3094457886094824	-0.5305849981891926	0.18285756449705254	0.9442402214812649	0.42843198512946135	1.0338984361073733	-0.3881754142367291	-1.040738409037876
0.6891660574141001	-0.27540883632312785	-1.6005016464445274	-0.4142485295214727	-1.321710622808207	-0.5491367987492898	2.4806772865849473	0.823105688402245	-1.3097059655497603	0.16938191569042815	-0.9056863679905541	0.3190336816560687	0.6515615757671364	-0.899584564517902
0.5078749436778627	-0.22145200931394074	1.4111374321377714	0.08325915766695885	0.8788667903896902	0.29303303483421805	0.22465608775140192	0.03342283181291004	0.7863526004905385	-0.1649659604204351	1.5127470856290897	0.36350331095778277	-1.980757525681556	0.15464579673462445
-2.4051760709925922	-2.1979852264634845	-2.987041752195234	-1.8114119218229	-1.189644087267282	-2.0351218521287384	-0.3929749998773654	-0.05462588962961806	-1.312772099743691	0.24774746716532292	1.6265220470243196	-0.035699343126859046	0.21865323587524646	-2.2089403398607628
-2.276812810259612	-1.1572211892300222	-1.461469868566431	-0.39621794679812417	-1.1803782380712489	-1.3753669914177313	-2.099616694088326	-0.4041362522407628	-1.084619741267024	0.001597130614377825	-0.3106593048007802	-0.37250197567628	1.377614420116681	-1.1902623219089006
2.2486130393113157	1.9675926422552785	0.7253730790418635	1.9018662886637459	0.5347535813786135	1.706095571018545	2.335332646269903	1.9086840292882001	-0.18421023629708497	1.465147773664093	-0.4793953256423522	1.1190127875852807	-0.06354678660141523	0.8350915820026413
-0.945729444700085	-0.3921663147503623	-0.6710890376969126	1.112736515952243	-0.977068015362358	-0.9927971486255285	-0.20847062696570445	0.7050287200103762	0.30303865019835213	2.8683063317811284	-0.26891807596091793	-0.5347040435776974	0.2522973663779074	-0.8656430200321695
2.3242537492394817	2.139575581288601	1.3195963621332023	1.5251932367916636	0.6206677074341862	2.1253204107421952	1.1872534702774704	1.6335819267822007	-0.8413789212607247	0.06306179411232607	-1.033573079301826	1.0865481861845057	-1.3907634564777747	1.4375791165148357
-1.583915963383403	-1.133192851075827	-0.683743574445833	-0.6883807838458206	-0.1498794862016497	-1.5270523862717178	-0.6889080008641983	0.03824361871093804	0.8690000505836969	0.410609370220302	1.6814590035361514	-0.7781031843600987	0.42945152353386035	-1.2420293270091618
-1.4499962825420907	-0.972810946527578	-1.6809875752091115	-0.19348218014406016	-0.9964018964105045	-1.137337529586454	-0.40263295308548985	0.3088922233941093	-0.8376297579353957	1.0948301017382962	0.30667497616079326	0.1189360754869081	0.885594087844779	-1.3352650981329994
-0.4753259787980205	-1.1183197655382362	-0.6103503098022673	-0.9141189069259207	-1.7877732999513376	-0.8569186441342448	0.8653699109929412	-0.09671163213733583	0.6831894042619003	-0.09431361245728331	-1.212744555809189	-0.046494833262397034	-0.17092784223203597	-1.0261072178094275
0.11751603026950608	-0.6635587292912631	-0.3118871574488776	0.7591430144919143	0.45340740735948226	-0.9299312155027869	-0.08444182761273002	-0.8426383266812784	-0.8823276527791554	1.0811943509239372	0.9722387963946973	-1.79767940550127	-0.9585697917842527	0.03373822507435439
-2.165594875363395	-1.5353663058441542	-2.4090980028081503	-1.3582314650943754	-0.47508551086153483	-1.4686851405148473	-0.6612936116308675	0.38680482554780515	-1.0338014109596387	0.3461272965011116	2.1540393871336736	0.20761449978210486	0.12163479982647464	-1.7917761611381322
-0.5397112358702016	-1.2473530325370301	-2.2343913638660355	-1.7396534081100614	-0.6656471118736123	-0.8328425184596442	0.7527962740533907	-0.44013176530726167	-2.0135764218217935	-1.612082917003334	0.5310658644040632	0.03771264121097864	0.3125371692879639	-1.045781407210266
-0.09532040455817206	-0.641978013147526	1.056292315453582	0.2565201428731339	0.3300768223615582	0.013418066364056996	-0.3347582441369773	-1.4079666096328847	1.2740425185628912	-0.7310728055044362	0.332724499124864	0.05073899834510978	1.3338610546237375	-0.06397025829254269
-0.4559152197211621	0.4351169081251397	-0.15161813355952794	0.600201082690322	-0.5370490635940975	0.5640285027363965	-0.8708307208122931	0.5442038755129969	-0.3793903398967618	0.3461406110790302	-1.0490133207333998	0.7907080844854412	0.7951396920204697	-0.050433355586752375
1.3443018031461058	1.2181663934185387	1.8120710370403903	0.9455314881088359	2.6175454678913392	3.3503967423464442	-1.7620528309499501	-1.7804529270256384	-0.9245878541793293	-2.5824317182443766	0.5502390557226633	1.3530850351657022	-0.3074205840640495	2.3479222664467314
-0.43420756099318725	0.08148404718251134	-0.9203164213087747	-0.4243689826107169	-0.8369484442324273	-0.8534874264701566	-0.3314814183500766	0.9591714720674556	-1.139494160991791	-0.2895789991910251	-0.593432098430064	-1.091910654913913	-0.7397558456088479	-0.34606766693619234
0.8578314295306558	2.0055798347906544	0.7230326226066193	0.7580957304735446	1.8335170620677057	1.2829322521687467	-0.52130062244159	1.6961372343380179	-0.694694023986677	-0.752487223592804	1.4023072918675956	0.03168932335205529	-0.5048670131186055	1.088870896811565
0.3494317792348584	0.2521329510026523	-1.0957621380986284	0.3459928702704653	-0.15475270498417415	0.1495650796330391	0.30212882744701586	0.11839693467137688	-2.0478275802979944	-0.0897866623593501	-0.5561098087010959	-0.2243381867234415	0.4040932775989601	0.1002761346800342
1.227695644485334	2.1456872597239998	0.7432247851578435	0.6767072132085012	1.0227723268921327	1.82250460866655	0.5037225041356413	2.0278935159587146	-0.2564921714624121	-0.7607708935595612	0.1568029171263745	1.2286727056737392	0.19859547210999312	0.8892320557267726
-0.39912573075103885	-1.0960564220702425	-0.7800182145746131	1.4652796910220225	-1.4099895179220368	0.3015841615069972	0.26344561038583214	-1.0973864812909662	-0.8364951825211605	2.1499422146633074	-1.4457410002677795	1.7240768315408126	1.5234828484975846	-0.7423211029951797
1.3176003553778879	1.451819706895952	0.7036934297259216	0.7412592015380206	0.6589417437665341	1.3419891795711583	1.0686064213291726	1.2161251738075627	0.014885506986823331	-0.4586398898117027	-0.07396255014974056	1.0884277855678097	0.8362850199043466	0.554887598630545
0.3401123791799491	-0.23745959673596234	-0.42143787082547035	-0.25843432634159513	-0.007142237044680033	-0.9973798276010125	0.8578136450780467	-0.11075574638709941	-0.36384982334458243	-0.48625647802639554	0.27355686760761483	-1.6369051567507407	0.20101695629198488	-0.21120954016209967
-1.2498248754584336	-1.483932920498212	-1.727139061499698	-0.34403838425280286	-0.9728257476956645	-1.1414490189304194	0.1809176613074718	-0.21215118872784133	-0.577965113003933	1.3510394628537639	0.6398383646509231	0.07429887547192632	0.13749335479077748	-1.3841408782196627
0.8739442270177445	0.6596920055316277	0.45226244059392207	1.2905548672891913	1.2616848021840732	-0.19536948574122714	0.1035875961772009	-0.27101714927678394	-0.5399197614790321	0.422623838136605	0.7348824884318981	-1.8880208317469547	0.3601428874950715	0.7502737175986838
-0.8169068747602019	-0.12025382078881733	-1.3377711430909414	0.7903771493108555	-0.09712311638399196	0.23933801116469117	-0.8310370834866231	0.30174529302240133	-1.6444057281990414	1.4426858734362182	0.3460214637163751	0.7608156535807552	0.4705644406591591	-0.39541388473408995
0.9471768093664545	0.26250233498524633	0.23505988404449318	-0.6188359827855799	-1.747654923218592	0.6211855263699441	2.277421376457862	1.0429181443636006	1.0142617422338926	-0.9690145731441289	-2.2623960466511326	1.7609717732836456	0.9458216590581464	-0.5524128834445433
-1.1713315561988185	-1.084216852060524	0.11744644253591197	-0.8197919800096471	-0.8330675872884643	-1.935028403899785	-0.5944230315006446	-0.5138033136725206	1.550157575295178	-0.5316677752066582	-0.07173436855632484	-1.9213686868602233	0.7577475627025104	-0.9274843763975138
0.29512918527670773	0.5633678001158953	1.678940216329253	1.225624148855093	0.8768375941323518	0.3987689548733584	-1.857982711259599	-0.3821182989346712	-0.5075995559001905	0.012500797891144	-0.218926999144305	-1.1841297252622422	-1.9908444054102106	1.19080766055874
1.357394223516174	1.6868865989300397	2.1831569404549254	2.065827310972106	2.258682071401882	0.952992591738993	-0.8201154666745254	-0.30613679486600004	0.6039662752566878	-0.06474751597412971	0.6551162736749712	-1.6390803287780142	0.5322877260946806	1.7641111306307036
1.1880406670733041	0.32448115510949993	2.6178668470720545	0.5945679282354311	1.090460905994318	1.3184558628089507	0.09504443607633457	-1.3796044012094555	2.5256512826628166	-1.3200590181963965	-0.09462796796633567	0.16813405671089485	0.5340794394900884	1.0454279079371556
0.09021128471656213	0.03651050049844201	1.342130386243964	1.4608460952900886	-0.1971011517725275	0.616166801820667	0.09968233878176999	-0.3321972431971022	0.979799348202174	-0.19577269751351895	-0.2651777935877394	1.5548508692264873	2.1858557632638034	-0.20134230623605737
0.3687010169776337	0.8191570913030213	-0.8116404744608201	0.5346436664407798	-0.1862325328711749	-0.012091214322709598	0.27053650406437535	1.0094636378903856	-1.6398112502653333	0.18639497446225242	-0.664827724395777	-0.5984291137971657	0.29062751936333725	0.15535340469612247
0.16807090796398397	0.8361532913841851	1.085617434438844	0.19570556574369133	-1.0618533363843465	0.11282514512723527	-0.3363112706348772	1.296957408496018	1.1319499518437315	-0.20826319619023562	-1.9067463102163191	-0.41661003801554497	-0.9115038381917899	0.24027961392493236
1.7174985795413285	-0.04232916031786971	2.585244825795783	0.6724333409395291	1.0307073000185047	1.238630130945683	0.358248299292973	-1.7611005450021373	1.344440349307073	-1.1488101834960884	-0.14575334877702315	-0.14975886912732578	-1.517733195355777	1.3178778057545681
-0.7367087754252357	-1.990555174118228	1.1049503419489142	-0.6271103088463528	-1.3749387313080956	0.11386891934287646	-1.1572659749653182	-2.1797399794579158	0.8480175945576479	-0.6416218567674379	-1.5548348224055215	0.7968933420273494	-2.07764521575197	-0.2671821432930846
0.7344598490409481	0.4622932854147134	1.758643139601586	1.8921557726479075	0.7907824385415578	2.0426374951273347	-1.0868455755455333	-1.1711541495830797	0.6520936594875338	0.825445312905944	-0.6368719604908027	0.9843214619729965	-0.623390334533159	1.289663842071193
-0.759729406897687	-1.000168316435797	-0.2474449744990046	-0.5347019566097958	-1.5562048597274403	-1.812343612474744	0.34101417173966053	-0.11140658139603886	1.2174201493895558	0.2379583050977484	-1.0221729171709755	-1.5058156383306927	0.6647316524751036	-1.0662706980931944
0.5171352421969808	0.8693238677205752	1.3312352154498979	2.264419200923118	0.40437353411979826	0.9308455681936205	-1.0325510547798926	-0.48406158675343103	0.3679060414556026	1.444094530530888	-1.2493514260522813	-0.477048888004452	0.5604471175451095	1.047671396263612
0.9732244358841593	1.3667678190061952	0.815666344030628	0.17076082208529025	-0.6291368645454591	-0.014221782645823633	0.8733232595918656	1.5613921966932285	0.6258211593334554	-0.7656770113468095	-1.7651220735941662	-1.0894673302057802	-0.04882213621671965	0.43969692823360207
1.0793497879365992	0.6692835155218924	0.047920509617250584	0.78459301782138	0.3253311962100728	1.5893459984842702	0.6499476171500931	-0.17115422422356644	-1.2879856669839282	-0.6877098481096052	-0.6545291708797163	1.6431870902173147	1.2026231555804836	0.5314514189399355
-0.18074811227875065	0.6356470080900682	-0.031520541003510066	1.3083145500901976	0.47319638727188545	0.43034380751639967	-0.6764087431146452	0.6687994592238281	-0.36876495583480706	1.4354492415412254	0.40014625590996195	0.12398852130240058	0.33612352301805487	0.16714262795216037
-1.0832671784782435	-1.133173925586211	-1.1863773428120545	-2.223505774381925	-0.03833193721752037	-0.998401555376827	-0.529606697920413	-0.1585349486496557	-0.7133661619073653	-2.3892673887757065	1.6402476439944196	-0.4312723990883159	-0.7839301202339293	-0.8812669323496318
-0.9460030098951273	-1.0502745522093355	-1.3304207326273387	0.3831368110768447	0.08994678390504884	0.5631568830359001	-0.6269332675791509	-0.8467301393840184	-1.2352034854487561	1.1289691278184242	1.0667015440329528	1.7783280486863449	0.6211987462979576	-0.666476217838516
0.1696819340064124	-1.0874467588043524	-0.17287590765590605	-1.3737400387431773	0.37782149322341807	-0.20229750407865965	0.48174888361694435	-1.6436133967655764	-0.03604637687843177	-2.501041416979661	0.8048655954752549	-0.3003067708003684	0.4876227595645112	-0.19880327265790879
1.5416178327488863	0.8260900260517247	1.523525739111306	2.214231054318339	1.5972175111015765	0.3443875771378213	0.5180798508322209	-0.12698327777507246	0.40206691109446696	1.7376562298087936	1.1103923958410087	-1.441369781661949	-0.966297377304238	1.0955394681776158
0.19967083458973808	-0.06508234718443283	1.2567303878202407	-0.5966748197530994	0.19042296807936077	-0.2884185769828623	0.4201515768085916	-0.022588597145735544	2.2097320770868873	-1.2435424894545044	0.40330487531499637	-0.6941092007740767	0.09738150523665881	-0.07100548994432326
1.1393421824036045	0.908699293296913	-0.41492019982061656	1.2254847941628337	-0.23601394423579836	1.3397311542866077	0.5445633027935628	0.14302606778134652	-1.9866083510225967	0.3138338841133716	-1.7623436645132697	0.6675375309476411	0.35575787430787975	0.7517320777665292
1.230948261501499	2.08485162893954	0.7340540254313914	1.8332216711732028	-0.16890388120726563	1.1913907263518864	0.3344771636350397	1.6820854715807418	-0.5227007037142772	0.7739701067315757	-2.043242908265484	0.24597900190300595	0.8322205718258774	0.9091562316259196
-0.52597131110385	-1.1623120864061949	-1.7885106918746203	-0.7073201501812701	-0.8763696678879352	-3.403564341413414	1.611597778965257	0.3421638415011176	-1.0003889882490475	0.02055405656180545	1.009009427301988	-2.8696389161693454	1.570824664409803	-1.681775324188826
0.40423567746565037	-0.5549583593675229	0.07754039112522271	0.1706734877723992	-0.6478295775748746	-0.8904663220920377	1.6670684984450268	0.2335033414967961	1.1772896962923047	1.099028000292175	0.07771858367751178	-0.7350473839211746	-0.26232190580961406	-0.6425959831036777
-0.27221702748222676	0.30330759211787317	-0.39456188691082045	1.4419065493990946	0.20561223800992123	0.3335360365340875	0.33902225595016605	1.1965664491400192	0.03468871155929612	2.5235997774997334	1.0860145482648729	1.397892624214809	0.9962719190108388	-0.613886661168306
-0.5681144901413028	0.09586394341224447	0.09471028529247538	-1.088550713445375	-0.6486259442488533	-0.7041023495319848	-0.5727259001998121	0.7098956637690429	0.5881813125577064	-1.6094409062739785	-0.5321437256919106	-1.0372172370336454	-0.28062459802081813	-0.2739485352450176
0.8743594045755116	0.06747301790707225	0.8834957898230817	0.789581958228897	-0.20075626453152026	-0.09378737524652109	1.7132134589876276	0.35977735728679344	1.7814839231669277	1.2190795563564514	-0.08645628625450094	-0.15067735827001036	0.24506047395579278	-0.19740549125616239
-0.010219562214446976	-0.4934950078278945	-0.08655255860932551	-0.861760684650845	-0.0408100627596925	0.9372211806881259	-0.4622962878674497	-0.9140697948206474	-0.5518075598340602	-1.9099584068739663	-0.1710632266144015	0.9961479515789321	-0.5944978488480839	0.17384643883411072
0.42297095764906795	0.08265802439664827	1.4773278357334476	0.13308239291965562	1.4690854048775708	1.4747607740245208	-0.5630704386404435	-1.223383005713745	1.1186143987608623	-1.6815531702879758	1.1320599729724596	1.2160872200769788	0.9442486277527198	0.6278381022743512
1.0343142103659906	1.992252744697718	1.2090993388988338	0.4400355913361944	0.3014146923857085	-0.5848205187352191	0.6901408033794614	2.0806939689888266	0.4865081867788761	-1.568585863506126	-0.5517423885164843	-1.7001714234233953	1.556783004043607	0.43247976249570064
-0.5475351637525565	-0.6521072025465052	-0.33008795059966867	-1.387850771800463	-0.4729660841536595	-0.8593085237203412	0.7232049817264397	1.0363830436827806	1.050544439107356	-0.6153156925031089	1.302249952172073	0.18787034437111141	-0.8481884413762258	-1.1042993404809285
-0.7180855327746163	0.1523249949451122	-0.8146975374377001	-0.06972699219576983	-1.4607405680106134	-0.1874001661055144	-0.4943747138680969	0.9562992227196837	-0.6528013896630449	0.25286888681031683	-1.7321433550974459	0.05939188637312038	0.007872805837633287	-0.42302909985422465
-0.2715196226565957	0.11545743979495701	-0.46477798261800385	1.3548840541193505	-0.11033778593652614	0.22325813993799204	-0.30750422482594975	0.3354968353040894	-0.598301737880869	2.065686965570431	-0.04074965879932677	0.2214086595546667	0.11241954707432521	-0.10832457080236167
-0.7389775690966606	-1.4161466854367457	-1.7756230436457812	-0.1202428773593206	-0.8605939419536155	-0.7753525386157297	0.9149835317951411	-0.3026268212468157	-0.876818465475924	1.3281725876397645	0.6645717176312759	0.8692288360447677	0.9185607980235941	-1.4182827522933752
2.2592290705932547	0.7277789948599864	-0.621266109709607	-1.063342774984831	-0.10764706606134256	0.8991786175881471	3.335785178548029	0.7126673642338115	-1.4823582044260821	-2.747614553052659	-0.6521865123694303	1.0326224632088534	0.7997518692714252	0.14022820246541445
0.4380542134801416	0.49208271133554493	0.5962731453941981	0.6993970626638856	1.0357478784740721	-0.04135152661364594	0.5766722526080036	0.33201513162328633	-0.3209457752683024	-1.4730366400522545	1.6769704976104864	0.34343687895965214	2.1522211991643347	-0.13757060747129385
-1.1840398802557641	-1.790885536081573	-1.3312409682773407	-1.923731177912452	0.13779110366316538	-1.3354280390555173	0.3349418410321009	-0.736241422466229	0.09645199163415583	-1.4038468788516474	2.4987512051876704	0.014425689033439425	0.7239254266938121	-1.493925767940598
0.46259705927572664	0.7122226259161721	0.2706611567672311	-0.2805658096003627	0.32707868796057693	-0.031088701159508014	-0.6113032782645753	-0.28976823565292387	-1.0107052210731289	-2.491121352035732	-0.8857588922136876	-1.404171051376786	0.9527732440371333	0.6955289185004998
0.7532245835146011	-0.9997871422152175	-1.039473265190282	0.046693537436039434	-0.8477581240192017	-0.09856246319567952	2.0969385328824757	-0.3716293629024561	-0.9020721341207654	0.9593859034786342	-0.14399073831469528	0.6332673027694854	-0.78175570947806	-0.6204583825781319
-3.3494357625150277	-2.210787414504391	-1.633305450966547	-2.261347204784354	-1.8500078165403084	-1.9257405169492652	-1.9183676657589588	-0.02102104482916692	0.9572319993522739	-0.4390415381246879	0.5802851591864304	0.1377484479099301	0.049832603196432596	-2.208141308246178
-0.36045230424838826	-0.1695171344805786	-0.25248952660525503	0.7114430710747789	-1.3388944375433092	0.610154083327183	-0.6171414746566022	-0.4062334353730978	-0.5548120677812027	0.47169305731600053	-2.2976325801092883	1.0649304231898842	1.0299754113172916	-0.13177215552017826
-0.46618602183095026	-1.1137527166699865	-0.7598579994884462	-0.6977771532501875	-0.5827908287868157	0.03679527490250345	0.242608699693076	-0.882179141428599	-0.213605280127256	-0.6010829276574156	0.015576902602804761	0.9693363989501187	0.617268930257221	-0.7078990178642713
-1.0430974253746284	-0.4863567142472471	-0.821665894139959	-0.4502743299376178	-1.1975423718409435	-0.9190481777894918	-0.3141303251097478	0.7564311259790127	0.10569686076411329	0.47539488282910525	-0.429509700802842	-0.36465837865399053	-0.22502199703259926	-0.8952109904281348
1.2467907685520554	3.4606486952067836	2.129566695898798	2.8112755740275768	1.6325233152404752	1.5687938411325557	-1.1642220593949593	2.3163820880296884	-0.20200418030918701	0.15233471950509728	-0.5397387183852435	-0.31213250824871513	1.5722634044285473	1.756366761503261
-0.17475615857243088	2.892444851117879	2.556921658423903	3.6288512836710054	0.6633392155192803	0.18605192127546855	-1.9965665991583788	2.6538363176966393	0.5784175676587955	-0.1353667481463745	-0.309772190625466	-0.6599565573986457	2.6905798973430874	0.7620270810312779
-0.8232983785392144	-0.5403267141168703	-0.9243687527307195	-1.8131169264719385	0.9226384125455493	-1.164746409920889	-1.0058453269225283	-0.5343799953106093	-1.1645255306586844	-2.989189228840934	1.9038968258786777	-1.8980165339985156	0.030717129041578098	-0.22584214273882028
0.2456909899109071	0.3281783000193965	0.9107111277160911	0.4634251643288484	-0.6774614202795189	1.3527718168139202	-0.10645270113036104	0.32824507236293904	1.0546275135255838	0.18589144641401403	-1.35434702460486	1.5781528421309423	-0.49172416275673075	0.22957608915297922
-0.9716653736584965	0.013663250921170378	0.36501501210135845	-0.24560140374637252	-1.6586999273819543	-0.37463361588720195	-1.060785857855669	0.899545647271004	1.215212304054942	0.09464552249818496	-1.895856555260997	-0.2117934467255045	-0.5294458876255351	-0.420174959916325
0.45112629373643276	1.189385937818267	-0.23055980779713137	0.5835313896431589	-0.38517447568874086	0.07570922238696998	-0.4119675479967884	1.2543743177442266	-1.5487011011197926	-0.16262756501670086	-1.3925728175233951	-1.0955221441118819	-0.7487984339015908	0.5865210339520491
-0.8268398080404662	-1.2015932223809673	-0.17913589293034238	-0.4770894951614113	-0.37790674523510215	0.12440603267681039	-0.6813841210077958	-1.3088411599277843	0.4346592184859591	-0.4379432177248281	0.06411228323807047	0.6166055925427774	0.1369772568944278	-0.44368397780318225
0.8429111061764007	-0.06479399362064553	0.5832100165333922	1.188248495933061	0.16654158012694337	0.8419861504642242	0.8058814594934725	-0.8659172672912719	0.07478848524331673	0.417186929692174	-0.36395016374379613	1.0008555800485923	1.3172532001567343	0.19130572672277066
-0.17098770558525123	-0.32706927784709205	-0.7283682414443109	-0.21165180852580529	-0.7039743425032172	0.44687562981533147	-0.16502271388333245	0.19584274954687145	-1.2582960789260171	-0.0926067978471265	-0.5045624047413778	0.9673827439250442	-1.1142867364358078	-0.22171758028805333
-0.7827586778486944	-1.1597037680734499	0.2800645198577726	0.007923542988485799	0.8060947719684598	-1.0346785561913645	-0.059274135705028354	-0.7726650364157143	1.6584598242381137	0.6562761723651666	2.5418412977902256	-0.474882190263999	0.8942928577778559	-0.8749633177795925
0.2925882400658357	-1.2972687892636512	0.05144742362038479	-0.5096930703356374	-1.3104770073749763	0.15763789664107986	1.6637149253900432	-0.3688670668289493	1.1020376157255696	0.46468593225320104	-0.46166988674312803	1.5378792269452473	-1.1065077082779975	-0.8546470075106821
1.8171154738944855	2.7555893528317883	1.5609425730223194	2.4953190137660206	1.383740117885345	2.879161117744581	0.4125486695525585	1.9763986290280047	-0.00156286226756281	1.2089968994960627	-0.31001292463469615	1.8629765323542737	0.04103314407317205	1.561543546600351
-0.18668069341743485	-0.2664834191489578	-0.0038336505632064477	-0.4964664942980043	-0.84455503909313	-0.00042312559939858274	-0.6741788424013211	-0.1364033321655734	-0.5973741170563347	-1.0239491303505086	-1.1927123671593054	-0.2141117307437717	-1.2164385213578262	0.05864628442195149
0.37236626175389764	0.059422960210469666	0.06045485669081674	2.060882775301124	-0.07720564985366829	0.0022174297626287864	-0.4214958463404528	-1.2019599250957969	-1.6887505792678346	0.7006936041425865	-1.1502727338369807	-0.6151354175200903	1.809782976266621	0.4186423200146235
1.6000141550492843	1.1603364506568006	2.8180505297867477	4.253988832166672	2.0389877726155285	1.8944746371941106	-1.0889111819110455	-1.8769721796775332	0.9570219050738236	2.844118659073122	-0.3946345742776649	-0.6797919271005319	0.6912802692272987	2.1482637046178605
-0.43296258324984105	-1.2701579728530208	-1.4052379857259227	-0.428195906475885	-1.080177236487178	-1.7321805090061901	1.0113401065561265	-0.21193568068481297	-0.5534242415386892	0.8465576073049904	0.10356042203203675	-1.394203698064185	-0.2739932933799353	-1.088197905766146
-1.7538451880062331	-0.6405714492435933	-1.1993638935022597	-0.2249052190279952	-1.0550860147243895	-2.312919775463733	-1.0627571026928861	1.0594915697051352	-0.08145420422246902	1.3912210735317354	0.36402656786494847	-2.1755236768977997	-0.4374833867805235	-1.1887697137105697
1.5426793022561278	1.2636913687734306	1.250420969232778	2.239449655655809	0.7161319495666811	2.433105517111607	-0.2424466755785506	-0.6044626689791469	-0.6885581519699819	0.684407385235625	-1.5172900457005287	0.9620808395170032	-0.1602533235578922	1.658419634872497
-0.9309169473836424	-1.431399466732263	0.17014650170645768	-0.3708972194622222	-1.3432454524965223	-1.2178103686538213	-1.0282558469790624	-1.1935692059872485	0.5815737175171088	0.07064125234003885	-1.1386248629257811	-1.3586449334798567	-1.2123962951608285	-0.47277868410774815
-0.9130864090490405	-2.00043447607347	-1.4649923658022153	-0.9830367562976129	-0.9550892861908922	0.10783333864750877	0.22085470481746466	-1.622017405650811	-0.6463019938217381	-0.30754506848518826	0.12676059413133464	1.761955994053416	0.49198028248286296	-1.125620089179556
0.22995926832322866	0.9615746217908141	1.4815067175972123	2.8129802891786047	1.3908362644209258	0.9486599642051248	-1.0678642342990354	-0.11413319823817293	0.23627177125497928	1.4841551336880938	0.8937566027532496	0.5670251118094214	1.84106135972689	0.6618422687883398
-0.5528067734612522	-0.5737491544513635	1.2649216806455619	0.6353405142353	1.1518447517454535	0.7007466518195258	-1.5749542950718787	-1.4238856870464671	1.511903442353358	0.24454061301189334	1.4506479834244617	0.2824194307844427	-0.29748779757758764	0.3400798172920343
0.7820802819447978	0.15902287274091728	0.3745714185541716	0.5665726617271087	0.4597677109654671	0.5575144770983449	1.1604419543563957	0.11932286926612926	0.5168803957082901	0.462180405229599	0.6206933311738246	0.4972235035421753	0.1324810892759546	0.06093293332604881
-0.2060315093414222	-0.930952363440332	-0.22813362308853483	0.013739165733368669	0.5440629686968962	0.6145665721845226	-0.10257849130830649	-1.311770642972099	-0.11612675464838311	-0.07168877330082993	1.146615724056005	0.9581676079258975	0.07909379098445375	-0.15970873585396347
0.639232745644752	1.6006073573274158	0.4749581929116652	0.1744546515175418	1.225978236422804	1.3493439944181156	0.33317008969985645	1.8864002930769985	0.08666236591580125	-0.910790464947777	1.2766057685302166	1.4161563856223336	0.6448031747056656	0.3398065465400834
-1.1691479475377364	-0.8624508850926043	-0.23808139699960873	-0.09823560316875346	-0.09169065736700119	0.1445006625170297	-1.6718141727903943	-1.267061630193256	-0.2348474224135967	-0.5804962475430793	0.07423653648526675	0.5795771701504832	1.024599673204244	-0.3071338416174994
-0.12254615115731841	-0.4739044615518503	-0.09604083929197016	0.7269485183102653	0.47048670870698733	1.0429748414839939	-0.23952571941025816	-0.43519442919928397	-0.17205545900609823	1.1736447881591903	1.1230331087427428	1.6093685516935006	-0.6618524866435684	-0.08041730670356621
-1.3672707335696006	-1.2328762069409427	-1.0939554879759807	-1.4704001716467698	-1.8903509850907323	0.37485793836101333	-1.123182549131493	-0.34120355117850654	-0.7636151969389704	-1.1903549317777284	-1.4879031490296923	1.8256091124872988	-0.9872251114428515	-0.8307090539452685
2.13541266287295	2.0893295810616306	1.3298036910454187	3.220281969112367	1.6188433742374329	2.4679472667049662	0.07949095604854603	0.0005173052738222857	-1.2305542272646395	1.549671350937193	-0.783534124194138	0.34003013136939153	0.11844378194776074	2.065330441507785
-1.5803196232914172	-1.3458058782389486	-1.0547761014068069	-0.4247172770238958	-1.0715071522753186	-0.9641635144773836	-0.7799961232073057	-0.37919266532244617	0.10079008468452173	0.8225844741439526	0.07797169133809234	-0.08141012570275472	-0.014976343281713447	-1.1152950103891384
1.4560944645543072	-0.34870348184885236	1.770163700047757	1.4557180579693194	1.1815529625970884	1.933460596849934	0.18065737327190382	-2.1871047248656317	0.5162377644604214	0.3305706970720608	0.28353727510061577	1.0969031867372268	-1.1535744438956739	1.1942742418496615
-0.4622199620411935	-1.4401870292078023	-0.5737494848050861	-0.8242786579766668	-2.385695759606758	0.1288344832947984	0.16631723039010587	-1.014219387083062	-0.028385945504915636	-0.39954059875138787	-2.615126922096009	1.1043796140143682	-0.774632259625945	-0.6767289450327763
2.2090242278917134	0.6566128918769103	1.0988823023776084	0.8127119168763604	1.5289986875228838	0.1091477845924681	2.4814932272725487	-0.05918481329900267	0.6524992468879001	-0.1331788211366864	1.3947714466014312	-1.3278556681462022	-0.07122226142087869	0.7063682321404876
0.1320156590296287	-1.1468493438616105	0.3492203531615656	-0.5727713858894609	-0.24065652789418443	-1.397967567918757	0.6725120002217533	-1.426186917978606	1.0498680707691372	-0.8031287975034196	0.08412761758771031	-2.1942095637087813	-0.04971221459291878	-0.2811947501558632
1.924880981776802	2.0358999297923077	1.131160169257606	1.5626427375370118	1.0773562885956092	1.0602155838963745	0.8076946512733564	1.7711926769767066	-0.9110295421030237	0.42284080288170006	0.023405696801532726	-0.37842921335015783	-1.4424128949751343	1.2616669026013108
-1.0164618529043308	-1.0514565082930083	-1.1393638872519218	-0.9552261392337689	-1.0104522834276668	0.2686130275630625	-0.10371374630083595	-0.20736689807256506	-0.27501905922566755	-0.45877410745866276	-0.12629447886863032	1.9259343742507518	0.6158429482736839	-1.050204959104206
1.1544402205965834	-0.3802502004641497	2.0171284362436417	-0.051269630169777924	1.1260831033397454	0.2992400309573127	0.6796314628481537	-2.0278218655669376	1.8547119185694843	-2.241138651522928	0.5871504629726391	-0.5722940738690159	1.2676534577071177	0.5829122273345891
2.16227905406883	2.0010746816504366	2.203338275592403	3.0753723419428893	3.455768281907611	3.7304589631354377	-0.9822994812071353	-1.129517937964061	-0.8678819132874166	0.32197882689576185	1.2945896790329519	1.362060420419778	-0.1902245255566476	2.716830349540203
-1.6110575254451402	0.8733255988951578	-0.8216250300050352	-0.4295712934460135	-0.18890355058195268	-0.674903162786979	-1.8732914590391712	2.0936598768357313	-0.9143643673782555	-0.956862713945874	0.4598200717827514	-0.08064938540822926	1.3940467482973111	-0.6616796768657432
0.7468950297749402	0.6390684224286242	0.48027659533804046	1.1352355216879388	0.939944514254264	1.1313048111201107	0.17692143193824109	-0.0023545274774314016	-0.26722527652648265	0.49125723363710133	0.4991056255498549	0.4844886294429406	-0.0006526856956179977	0.6406116760542065
0.8824395749474325	0.513465838115105	2.235344009818002	1.4138999755194197	1.4091023558009943	1.338243358718917	-0.543261334387292	-1.281379380834581	1.5429115043981618	-0.43011617228348864	0.28496932417314313	0.3224363310633302	1.1217058812784844	1.0579522903601568
-0.923854020488947	-0.6494476226529101	0.07958882998624883	0.7091753490954005	-1.8262207708054634	-0.3940800609979077	-0.12977748347324017	0.10486234870267427	0.9714119196581581	1.1999802878122101	-1.6429306132151842	1.0990025368146674	1.6382150720884623	-1.0400080462922072
0.8768264257141877	1.2148192990537672	0.3502619976608179	1.7866397592313779	1.1518477197399908	1.0127926930376072	-0.47761528689250715	0.058989911279227446	-1.299265839675318	0.6382045274971151	-0.040766706720443795	-0.4252375011713343	0.45549442845115623	1.0883264665959995
1.3892358003622949	-0.3991213712318702	1.152987631207827	-0.43626105834169226	0.580770596444133	1.1231585272153375	1.8322563898340145	-1.1565361484076508	1.4908448536456722	-1.5620468047125793	0.47736832384733874	1.1361836388948876	0.23846222827568955	0.24710787215758243
-0.8442495415448276	-0.784604990958894	-0.7478601622595119	-2.3838641019119478	-0.9910436584542333	-1.8730719061876668	0.5145324711199123	0.9981880783771471	0.7009890124994591	-2.05812115611983	0.6391022812267555	-1.298112529811986	-0.651226016527586	-1.253272634679665
-0.8765855056073665	-0.5936562160530918	-0.7394851460942329	-1.151892787640485	-1.052441689151372	-0.6002624316625071	-0.23932237963323783	0.6494494383145798	-0.0009376814412080796	-0.682047379277368	-0.13484606127193607	0.14860732000019808	-0.7132669570468231	-0.840672487632475
-0.7250476732549265	-0.5974549771742914	-0.046961940080129216	-1.3227647285868462	-0.05132686231430261	-0.7776779603786836	0.4681656740552721	0.5585060220756651	1.4324762959866535	-1.2964932741786397	1.541436006109896	0.48427172767824356	1.1168908847906944	-1.1559367673778294
0.6084536093607283	-1.44681404738074	-0.8640885480350381	-0.4596681227007974	0.2869338604610592	0.04133368566847079	1.7556149417547056	-1.4175447027866104	-0.6401976049445582	-0.130399849768328	1.4681851466679376	0.6199448869537986	-0.4119134844941999	-0.5139045288099339
0.18478474905984937	0.5432646384582838	2.1573758240095353	0.057568916962876915	0.3606179055078744	1.113740932580224	-0.572901635559978	0.43867897034020253	2.726274270866216	-0.7709188128448518	0.11508917344109876	0.9003235964942099	-0.707381475002088	0.4215335512545799
-0.20127136887924363	-0.263285387857865	1.6012713068077886	0.33257121858776656	0.01188373139597465	-0.7651815279050903	-0.940771287357876	-0.14245678376131435	1.4225193898500097	0.22073481266182468	0.07680350949380604	-1.5026943276645965	-1.7085866413827406	0.16390601067547178
-0.7346317399219798	-1.051604903419513	0.4983269115394524	-0.2407608657885747	0.15086267463593128	-0.01908835984674956	-0.8360174240037159	-1.0809829781558773	1.2739696736611221	-0.09418443319338791	0.9175381457577071	0.18659756809726563	-0.4668511360824009	-0.3096448893095065
-1.0276423276980995	-0.9773665982722288	-0.6558681459436699	-0.7756169580177584	-0.24475683546896376	-1.473003208216605	-0.22021650789834665	0.6221471237238281	0.03776013853180248	0.4094877004289731	1.7049324083436528	-0.7272371066693731	-1.4001718914926804	-1.0706204942079895
1.1236542139131485	0.23443968382009797	1.1640749220254976	-0.18087432353064392	0.8491215875226754	0.7880112726196705	1.2488164681815863	-0.2679512901392077	1.3645023951310842	-1.3494483160431467	0.7646079954440796	0.5430052496303073	0.5285505729561079	0.289500343312401
1.92381991630349	2.0599862212622897	1.4875141193551693	1.4289530945955997	1.91773141491783	1.2391402646082792	0.7473101552021183	0.715589779695281	-0.72611512204198	-1.7674397869213216	0.7574629283825163	0.028983164926280315	1.8087223524018303	1.2688878829647552
1.2517853678029471	1.7934992974609862	1.718034012193671	2.640767861927894	2.2435542200651923	1.3113449957262922	-1.0691495279803995	0.17370176453389877	-0.24989830140956787	1.2074040675064894	0.9137057450978046	-1.100420029932152	-0.5693333303950754	1.8031449048196622
1.240452534661284	0.420830234197644	1.5743825603840227	1.5338870118452668	1.2262819155326086	0.2614322913132725	0.2959808399647469	-0.825860501164598	0.9114175383866069	0.6727091520006413	0.5130910240287566	-1.5314155567411214	-0.39773465583004003	0.9958934660624107
-0.6919338628499958	0.4662864249941915	1.0573359741650248	0.25280918327252894	-0.23888670154097713	0.14540958329925127	-1.6028329539857669	0.22555328198518393	1.2112417605102237	-0.7019612314088154	-0.8971708296822657	-0.1571263670050852	0.9981789942169857	0.13131865695968395
2.6205918728980815	1.1631731982067048	2.0519383772128617	2.068402757909082	3.010237708933173	1.9769047236529782	0.7845942077433841	-0.9106044607248671	-0.48430634337099393	0.06220323215486544	2.043609638206505	-0.07737076529819255	-1.3479533389588505	1.9791265424333953
0.31097544752675604	0.5155904941713207	1.331339733940088	-0.37441528643256206	0.7502434676092473	-1.0048685185904174	0.09022980754299598	1.189641914784859	1.429499035952971	-0.8425121728869752	1.4426068563553718	-1.8677777661978934	-1.3997828389948945	0.08176191309938424
1.2403824594416673	0.5161529186436513	0.6935639163666347	0.27304726667816825	0.9337687305745889	0.04182912594274857	1.5279387876891535	0.29420034730657585	0.6725507100360998	-0.48474535870465857	0.9954139046740372	-0.6439801913844123	0.45523505359832567	0.24858569954004076
0.0861664684518525	1.497888309364213	-0.2650469189972971	0.9311226034142719	-0.09634761610552578	0.9471972632791653	-0.4831019387189213	1.8671707529567263	-1.033335847263848	0.5862815904912951	-0.789766956068929	0.6621937176842457	0.13007614451866947	0.35157062868644334
1.6793944931833984	1.8185291628135838	0.6025311868741985	1.2836236073075844	1.8408551914202067	0.752034393587546	-0.06947324549293842	0.14893875798137451	-1.8061777916447768	-1.0939502810842943	0.18782723350382582	-1.8418113089022206	0.3119580653643224	1.6667742949518944
0.08724050176566606	-0.19716832725517885	-0.14416185075001398	-0.1371220895551436	-0.9908245545673888	0.3348267124669849	0.4474500174791345	-0.044080115121282716	0.12107492013071816	-0.3017964150042094	-1.3642627393363023	0.6506653801625826	0.36011691749957214	-0.24274364168232362
1.2200922651704935	1.0543814250385555	1.0315097847131944	1.8291851975104054	1.0546413380341935	2.068065015433735	-0.21448212199947675	-0.17368004365438308	-0.4803136704377083	0.74514766984155	-0.1812838983118181	1.0519537450315226	-0.5273960671149028	1.264068664654166
0.9856285600427398	-0.6384968960590635	0.5493090255104521	-1.1195839968774153	0.3034036291134607	-0.20237271308690646	1.3713016916589396	-0.612015178192465	0.339120978132174	-1.9444296141914699	0.8391215663881451	-0.4079314373576189	-1.3263682922328839	-0.006014130697007697
0.8953459903192266	0.6829708872372695	1.9467610541656302	1.0683216323087612	0.8887470950111092	1.3470392985902286	-0.2839613788690419	0.4773407261281682	0.26074125328474274	0.35324146665470524	0.36344658183399686	1.0477823998208027	-2.1867730185432634	0.8339210552690213
-0.29952570165656484	-1.5171966271458177	-0.1358476659110272	0.07616760063867464	-0.9614495246246368	0.1915301540043044	0.02813929866762388	-2.0153918545468614	0.3593255433741063	0.28790636393905245	-1.087344562446154	0.622506921093072	0.3194657583419426	-0.37185466608608947
0.3009218857398465	1.0609434783967875	-0.3543117196737221	0.8584841640340029	0.8693888987186442	-0.1375410114473455	0.09565787864619676	1.2637128752876619	-1.0878926127170943	0.36587046364465164	0.9940033773520991	-0.5939527295311797	0.9780590692181452	0.10710393938056151
1.0571440948782191	0.9877154802611854	0.4110988020228436	0.5303194371374781	0.40088240925689667	-0.2960843757769502	1.0402741384239214	0.8712259998466869	-0.016913751366919805	-0.32142865082152866	-0.08998018668006261	-1.3025817828467026	0.6770193843880127	0.32957600347557076
-0.10117787879759291	-0.8016093042998982	-0.6052365941941642	-0.009897794876644661	0.07861603376618309	-0.8265237832947323	0.273795029007575	-0.5948493822452007	-0.513878014666562	0.35654982661965107	0.8655583391430884	-1.0946017705765958	-0.49445937463164075	-0.3458078000264496
-1.0477140396642963	-0.968018951953425	-2.8200672453199624	-1.163075634916122	-2.404689989080457	-1.8316274961271082	1.045211317674491	1.07640235815794	-2.0090482728137955	0.1807769061267257	-1.2658025745270756	-0.2121081467785593	0.9960951784511924	-1.8130794025384276
0.49678180214161016	-0.9213636376272307	1.3413707825180685	1.3196786974896677	-0.37028077326074615	-0.2897241078969789	0.5078626691973597	-0.6791721978802099	0.5106094357037407	2.2475747541139017	-0.29412377827668434	-0.17342327716504893	-2.3274241280668604	-0.0483754932857328
-1.3365071114597618	-2.2417894982053896	-0.7129959424238006	-0.6261469065505846	-2.282703916453395	-1.288138393261799	0.48491757552745995	-1.1102461371571564	1.467216837131841	1.0616643695078278	-1.1392969825056494	0.5731397430843558	0.9019687252025388	-1.7560355609516038
1.4117611058934347	0.9759038545092571	1.2149874720150682	0.9135440028501123	1.3082878736339176	1.8440655782349895	0.7189425964099516	0.16258908693313764	0.44641441983396707	-0.28585723757825054	0.7154647424207664	1.1981030774661643	-0.2706763839813485	0.9324856791456443
-0.07633332319952205	-0.03808344382789535	0.09427224970356568	-1.241153710468371	0.03038238301060961	1.0943528064545167	-0.30385330625816176	0.031058654495081234	0.03716935949042475	-2.336026575371897	0.1403137526890002	1.4692065381210018	-0.4452229116305183	0.03232594580115958
1.8560843094378936	1.4393694589914416	1.3473049960213959	3.674023783936126	1.1399853549176364	1.92331834083528	0.8533152771358562	-0.14327402875736003	-0.9706033817373577	1.76939017819782	-0.27527122367966667	1.4732713502391748	2.0072046125492595	1.1238929537360058
0.2517947975553122	-1.32135660904669	-0.9879180086608379	-0.46108624790150576	-0.3397949424073136	-0.2658708890658502	0.5628339726347743	-1.2891548019416588	-1.8843533006565696	-0.4103538210889869	0.20178800871975713	-0.05343610074202777	-1.4242631052104053	-0.26301110683961354
-0.875618837778265	0.40278675639606965	-0.9604521748548854	-0.48160576284414247	-1.240488647324569	0.21301188294989262	-0.8663940765730695	1.259375517197787	-0.9631645799708931	-0.5537852575986099	-1.4790850584997082	0.6757363117140377	0.18152608387614422	-0.3891437706978314
0.20297756060331573	-0.017143055380249617	-0.5881427461589375	-0.18937886498175088	0.7292966423923464	-0.47247685827531205	0.4177738758375739	0.028842629587553948	-0.8422357286343107	-0.6236954354366246	1.2766848402743012	-0.899439599380182	0.40924416948672054	-0.1162974670301261
2.740313491046627	2.7580876176439575	2.0197131664058436	2.464882817490344	2.4558337563747377	2.4709603040579364	0.5673231817511308	0.8698030979967154	-0.5771999078550608	0.018799394195821533	0.36109374182786635	-0.05855728234104722	-0.44822822219377106	2.3258514032846827
-0.5759533652498832	-1.771475179964014	0.7105319309732868	-0.7669778013314922	-0.9875075574860255	-0.5659738873336676	-0.7226973214695767	-1.8090291007060584	0.7703658019463486	-0.7674851478575496	-0.7455552125381748	-0.3236379688527185	-1.7185244751251412	-0.3423528245153507
-0.6134089904383355	-1.9637557408380473	0.5883299561792292	-0.33984267945309454	-2.112953741345149	-1.335786590843328	0.6245306148457178	-0.3245836966525502	0.770819923286745	1.4848415482498052	-1.2794775734137858	0.13797972438224354	-2.618367782232958	-1.2453319663999256
-0.7211185586479255	0.537863710377154	0.37722269149844495	-1.1509581219960925	-0.6944048402709235	-0.38554659464820645	-1.0724223377412267	1.139294081756445	0.8020503807378703	-2.013676770230113	-0.9147951805694122	-0.7868884972474828	-0.17714548559536197	-0.1102836415576405
0.3718428467031173	1.2243631418036651	1.2912106261971068	2.1143538536655697	0.6512317594695023	-0.0543803767826091	-0.36552285682620367	0.798607720816998	0.4302504952972823	0.8658236768228538	0.11866417163482855	-0.6570723035313837	1.799734241499529	0.3852516610135605
0.2711496271859093	-0.15730189148017232	1.357553526838384	1.0732410554131506	0.10826156863347047	0.8003303066525095	-0.33279438861064636	-0.8690264472577391	1.534303611619655	0.8363089770339005	-0.4276849897728487	0.3124362673346872	-0.28376457878664085	0.4208668926317993
1.9168058586819532	1.47700930335321	-0.43337828725121386	1.1087166463121603	0.783104832741033	0.9833357761669689	2.134267988012994	1.332674456556318	-1.7951400128617256	0.24952222941703725	0.20227325655138378	0.5360355433205329	0.7854916027346714	0.520306308872485
-1.529672665008256	-2.7486972913333063	1.053917173372381	-1.8182121619045604	-0.9304820149048394	-0.6729296982923566	-1.0715289622494355	-2.092054909820474	2.3260125323559655	-1.2390426738402545	0.5973632737820893	0.840920475426593	-1.9512996546728265	-1.1032044145064566
0.5549478398439742	-0.38596106196680136	1.571568038536929	1.355444744408776	1.8838042185310977	0.3677282947633945	-0.44904919433580825	-2.0316213302381034	1.303853122465841	0.5179281477415197	1.7531884006940717	-0.9837688695796559	0.3233021097839047	0.7683513142192797
1.276816974180182	2.692946873084687	2.1961858827408958	1.79503264898619	1.1984344746757953	2.1273173729942383	-0.47081087727654436	1.8657917759893214	1.1193173624936223	0.0010633615048048933	-0.6208344879848129	0.7610841012493742	0.4250447548990652	1.488462856511281
2.158509570755582	1.4269242599526948	2.022233794439418	1.1387621805045183	-0.3301859145128826	0.9825646402189786	1.7509048996938112	0.9020833903143488	1.5552811080129756	0.034967903677882016	-2.039771734220689	-0.31725200212429616	-0.6255907423827435	1.0107923742406342
0.7423787758236775	0.1093711711290668	0.25992756019334373	3.0164713031786867	1.5558572072045864	-0.1937862105083185	0.15142685339810852	-1.2874932114938125	-2.112906503966608	0.797307290575884	1.6781545112951834	-0.7665325037398494	2.3652136131660018	0.4088243753921539
0.02988645149307062	-0.11389782729493624	-0.7352625505640721	0.6854148572955054	0.15620141572578505	-0.4476346653233071	-0.4832632640898674	-0.1700819290326964	-1.8494575092262524	0.7109755311577872	0.23070222541770352	-1.2384761382769185	-0.9769235336451878	0.18353603685371916
2.8735090214209826	1.557645246556167	2.626612796745209	2.876991235628659	2.5039629407167134	2.970977525414942	0.4016384752859701	-1.3713918276416102	-0.0015018134983776933	0.42549401749717425	0.18570868166176904	0.49371076816592896	-0.7186745703901074	2.5242152572191547
-1.013267570923385	-2.4424595482088467	-2.3452692918334153	-3.209519264863041	-1.5534024679490583	-1.7673382931830308	1.5189195129208792	-0.8700784241611679	-0.6510142087509012	-2.4904844761314164	0.6122683773932189	0.002898154531236379	0.21936030992328132	-1.9642845556968023
0.6836173529385432	1.5561583320748158	2.0145068450938832	0.9349101301740098	0.6931230011557898	0.8241247324047665	-0.6663989831132412	0.6603222693581324	1.3683460639994032	-1.0418164677948374	-0.6997236434940666	-0.314937040832743	1.1462748495582398	0.9307100005482883
-0.4279825980269632	-0.2366613252273179	-1.0041153085757444	1.1150251107480493	-0.6641736587909307	0.7538671932797656	-0.6494163050744614	-0.2701753708953669	-1.582981241240449	1.647916678695548	-0.9827399876969821	1.017940507517913	-0.09257716315524099	-0.05604067005904954
0.013312680512345854	-1.041525995212361	-0.022282919640527837	1.2619973015649992	-0.6066767315986852	-0.40026382296549956	-0.39658140577758266	-2.0905034191987153	-0.42782855973247774	1.41380381032568	-1.3658076981724538	-1.3862811889715114	-0.09849043389218297	0.23247414308530467
0.37099325403536004	-0.02671181250859178	0.5513172235709641	0.947118852687322	0.37570979817424854	1.2642028039462805	-0.5059486828232366	-1.1641832139110395	-0.20312506081118237	0.12552659229821633	-0.4934805478715794	0.6517082023346308	-0.006922795993835547	0.6731826750367991
-2.754153560043867	-1.9918415115564272	-2.338580939426293	-1.9246955336093658	-3.2632851850998628	-1.7029851804217149	-0.6777425236641329	0.556600723515259	0.0614776274747093	0.2762952991848129	-1.5538083574520758	0.9325753225557036	0.540891915733046	-2.4339803288121917
1.7950787519274543	1.3215049090378324	1.2606800099576054	2.244958237166207	0.6652877328778535	0.9970781983973821	1.0649536668113033	-0.030389594394042704	-0.8237482618334173	-0.3419056960265493	-0.7485704477502978	0.25021592273651994	2.0251070476910757	0.9347172561360427
1.3571167945193365	-0.03477511243186232	1.9358966468752192	0.48033571204186987	-0.05504512396425926	0.11616414463102848	1.7248689971755453	-0.6512604229847898	2.70333564305366	-0.23029660542535116	-0.6665339216010945	-0.42189885483927503	0.6989235994548136	0.21619642146804882
1.0089326271357584	0.18362932772123602	0.49799034140198895	0.04433342883556979	0.28351412097547	0.46588153259052645	0.5169221963452693	-0.28857659774733035	-0.44260964512181206	-0.9790763659500236	-0.17668803672652167	-0.3321739767375899	-1.0112591473758594	0.5590271158448061
-0.3725807101620455	-0.4570356701289794	-1.048699963002349	-0.9584683643617423	-0.1277670930994772	-0.14902270806704454	0.27042547967758845	0.12408598361059496	-0.8098337476420042	-1.0516904216483651	0.6732738453869236	0.375156166837086	0.19432414326455477	-0.5703520889482473
2.4919717949689404	1.761317537818652	1.9128698888569722	1.6719802241801163	2.189723326222258	1.5883798900129955	1.0558007618495031	-0.17130499719815478	0.1447527373390438	-0.6654409613245268	0.5436324991796552	-0.6967162391043427	0.25589233608916556	1.8129220689197119
1.7686041534692105	1.4963592713069533	2.1258238718160305	3.239685273176966	0.5799663249747515	-0.22865344433829837	1.711924379247121	0.9309195961309228	1.1891598308706401	1.7674394593429577	-0.17433030619402407	-1.0637749893769506	2.1194450587550766	0.5139185018773844
-1.6241520563041445	-1.061470056713469	-0.5546788745860473	-0.02399984756912434	-0.7055112786823088	-0.822459471733209	-1.381463732417658	-0.652985542735777	-0.1088326941637333	-0.0066650535855322934	0.13130610611888482	0.2704856242132276	1.5730784523607662	-0.9842944215441559
2.4452094093406673	1.368456476573229	1.3555658063700207	2.4093424805616444	1.41037671090049	0.2248531471781936	1.336988463125882	-0.5281503120194221	-0.49604909772630984	0.7319952846992482	-0.43086291406115634	-2.400448341365906	0.7987356793297756	1.525599527918927
-1.0171104739200394	-0.23449857990300016	-0.18046340127853103	-0.0205531995885819	0.24804428262879397	-0.6838876259157518	-0.6739796873824313	0.4327152611024754	0.2624209120087419	-0.22266888722360506	1.4092680704496174	0.17041799618433812	1.515410724979575	-0.7972098815604004
1.0959091518824713	2.0789144948856446	1.8735560280088575	1.9161478346370848	0.09503540627326967	1.3302386709322744	-0.49290148809489176	1.7240158176739016	0.6863630221592594	0.990734001283239	-1.6397663506987568	-0.03864300611456486	-1.0284521752936826	1.2501954393400403
1.0732755728773875	1.1533628805583096	2.829668107302539	0.8712564919004933	0.6795977391936638	1.5552610264962279	-0.6287078466001905	0.6834158262448062	0.8866578410239083	-0.5965456835170444	-0.6423473975788796	0.8058182659278972	-2.3322782506992215	1.2097690349512702
-1.7339987389679958	-2.1224005020376215	-1.4799134841906159	-2.010844858368154	-2.0001878533380606	-1.973619440637087	0.86160997045326	0.5736235393825275	1.3207939282321066	0.37586505686951216	0.7652346851940054	0.345764517343709	-0.6049542627123946	-2.3455837731246594
1.43048761174067	0.4223257193194664	-0.3722096526255667	1.1239371759135637	0.9847065884437918	1.515946307756771	0.5919092399456176	-0.5295341701955764	-2.509365881848113	0.18619005428390098	0.35660816516511984	0.7803305157739642	-0.9888983428133853	0.9378258899994892
0.2940892371176176	0.44707406925786775	-0.3355336813962876	-0.6303199777238173	0.6592093350561576	1.1994536075092157	-0.2943091811858361	0.45971277172220093	-1.3876497993313341	-1.7657463929924762	0.7779549554024547	1.208674958430957	-0.8707840675649205	0.3454032197375313
0.22383922877992432	0.07176143063642182	0.446329548857291	0.8916014374292556	0.9099216219009572	-0.806737687262812	-0.006654357124173903	0.6337620220802107	-0.25955724162274624	1.3749065575221084	1.797759643807664	-1.3540996474191525	-1.6915287774093262	0.029809972870160708
-0.5262426579069173	-0.5789598372072907	0.8260827930915684	-1.1783318481248393	-0.4889815352282438	-1.643005125737477	-0.4347395575403168	0.2509704679317658	1.4318316849669923	-1.304926839003944	0.2537283100965094	-2.0458887233093295	-1.432001423495494	-0.44314183326725126
0.7271700891142941	2.982911372164712	2.2317693553953144	1.0223244038672	2.0412379230534765	1.8531212798211139	-1.244617265911985	2.4683903084602545	1.2945703813589589	-1.2138141055634495	0.9122668605641386	0.523682167950129	0.6254977986137522	1.3767776273658092
-0.49364612139449426	0.25765130843207185	-0.39893243613481233	-1.1103698920323262	-0.2313426182409633	0.5057919032298392	-0.5195816815878174	0.8311685202327906	-0.32203311120315137	-1.785920095630809	0.015979071298049673	0.8642367955517726	-0.15321219482906567	-0.21040736474178942
0.002660186044273316	-0.9522005598900442	-1.2756629556178103	-0.8676166440267967	-2.7120508061160224	0.49615802899573935	1.5409555131538177	0.4526538032097555	-0.6367925348093822	0.16227109040695906	-2.516702629497	2.3609613292945895	-0.8787773697804085	-1.0480373678598156
0.9850674479672545	1.1589454965912789	1.848966000931541	2.023413246493639	1.0969941945859263	0.2553437437551672	0.22179577678323686	0.380770779840741	1.4668241979591057	1.141399048505667	0.35954627570177444	-0.868618306671431	1.1647873850685013	0.6975255516731341
-1.0984079609181003	-1.0133362807860917	-1.0871626533449854	-0.3321668746445225	-0.6938435315428425	-0.6688907390503412	-0.2559871592485263	-0.12078225962595635	-0.18812377426083454	0.6731104396408991	0.41223447323088097	0.19812558451894688	0.21208910908031733	-0.9832847468265813
0.9874024916245803	0.20811244221351688	1.6152760152162382	1.0889036042794855	0.6814754092859446	1.0974821173894904	-0.01042012554286518	-1.3093794249768793	1.0454462792083183	-0.17487427970732616	-0.5204397157905577	-0.15044084414015027	0.02953134806024141	0.9878338275875961
-0.26022968513058187	-0.1437531798347661	-0.7693439018018298	-1.4101062259141597	-0.43285246331604277	-0.41534145203727313	1.1511771602320384	1.2899431266433494	0.31833854347291446	-1.2558775916100775	0.8260840832949703	0.8113000506842177	0.691989946809686	-1.0561170451827129
0.14144956736519285	-1.2695435636264607	0.3239821254961681	0.5826043389183987	-0.3561386985721314	0.645672528307655	0.26603755266216056	-1.241045127099058	0.05009932270482042	1.2494113554445823	0.08650828450993643	1.4273827812054922	-1.5842732777161226	-0.20806183182380147
0.36411013693045935	0.5963202544082661	0.7424630268707474	0.5075617264522091	-0.26145280196388787	-0.4416223036166329	0.3937087372620933	1.6955049328038463	0.3538337252933743	0.9097958000559646	0.015487816922192726	-0.5582544215018894	-1.7373483154939962	-0.07351304217524247
1.7642248546083936	1.1833509906434616	0.8541910451390746	0.9901192929624119	-0.5071767759003648	0.8868300523176369	1.6204570591817071	1.1297056144540203	0.07606680455170693	0.3859037196897882	-1.7183762319497564	0.1340033376975755	-0.8285769462793656	0.6712430112269226
1.290814891353451	1.3589861271991137	1.268915216018452	2.771592781812865	1.4879549026799865	1.9128228381878942	-0.09757509897918151	0.09419129803997957	-0.1009703626404454	2.112873332830876	0.3090419079811431	0.6461435649727364	-0.12058877377694008	1.326589103130514
0.6469006992537597	0.5537028657007481	1.2597167397431006	1.0760917419608327	0.45827848304034857	0.6967882242549334	-0.5963130211455575	-0.8274896892420104	0.3953284096656897	-0.44638341727392733	-0.9553956440474469	-0.5349356689451326	0.8340884216620842	0.8833789949135374
0.7832566024718447	-0.5544942641295093	0.6354557405816185	1.2274933917555066	1.4679006363550438	1.4936667789243931	-0.18348655629844454	-2.4198392880247215	-0.3802795248679873	0.20849784179473693	0.9513718173290461	0.7398798438634859	0.21527077058117733	0.8543551545690881
1.2426444523096642	0.5339209739227371	1.395625878194322	1.676796262931288	-0.19257906139869102	1.036592391176025	1.0524651373341016	0.6731900038456662	0.8693406256755543	2.005544445864435	-0.7028325172735148	0.987403576911668	-1.4925041169012072	0.42850779499557884
-0.4815554375152833	-1.8129398977660058	-1.7270164998030688	-2.481646659742494	-0.8901052550915317	-1.2674198716446943	1.6307188460279813	-0.2878500626904852	-0.3929473298997896	-1.7708712447325714	1.2434530110013056	0.16259903340358714	-0.49745114739650176	-1.5407396306724144
-0.1320104779890929	-0.6009570908048665	-0.665183429113242	-0.849883713341016	-0.876768327440383	-0.5419628172496391	0.3064645517272562	-0.43297922377491566	-0.5627928113377682	-1.1818625029054826	-0.8926793080065231	-0.6886985890253531	-0.0641888612394607	-0.3283317842920249
2.2455133978617505	1.7715475483221872	1.6404114049965295	1.8250842903245224	0.47899719081770153	1.2986591676715333	1.795432241934417	1.1677370476017799	0.8412081849569848	0.9134660991718261	-0.9874596790350644	-0.028603141970685336	-0.2575657537838521	1.1224184705178897
0.8070286753013436	0.9565191229670137	-0.721351380905456	-0.4825875040793238	-0.12521108607492565	1.0875994552238417	1.3508160568231873	1.7106927909632201	-1.153307433899918	-1.0258530811685453	-0.09247707446237668	1.543193343800211	-0.1727913162542053	-0.03533828836007729
0.23510257676228496	-1.3489496152176819	-0.5416456493028037	-1.3203333720861705	-2.1977117373502724	0.201169418141259	1.251237739379582	-0.737180381485471	-0.24582849692462855	-1.1845632563764288	-2.2363058384801984	1.3261180045945706	-1.1770403024053604	-0.671233325845327
0.3689758018587143	-0.19075064231215405	-0.13565552338422648	0.12502176075606936	-0.6519321201260004	0.15819959595790767	0.45451644853194906	-0.5612601936760256	-0.4342184801736647	-0.5452420966869197	-1.2934835014017194	0.10123467322916316	0.879934802476103	-0.029981486601759325
1.0262742488921748	-0.07724303346875333	-0.003207330662239105	-0.46398605839266066	-0.1336288114268718	0.2766162470522958	1.2267336353308902	-0.24925020583542778	-0.4547782285236445	-1.2785919945866164	-0.3557305794444047	-0.13633222416470234	-0.6120982789741297	0.19472674582732927
0.2776246599794467	1.2845518288969102	0.9204460771052461	0.21203177531124	1.0510776300400566	-0.2870015715468923	0.09138076950614879	1.9362854029168486	1.2176991265375223	-0.19531692686637192	1.5461314556455485	-1.0930019134186473	-0.2650033138357362	0.17578124991394833
0.2105858490210913	-0.6239003579143716	-0.4236974454085807	0.050334046820575684	-1.1804125275809787	0.33904869179432895	0.6895451565043733	-0.7256658127244968	-0.31016143086001186	0.028449511923248266	-1.6487208834360856	0.7209684371011602	0.43290740029258035	-0.2750823503381896
-1.0123459841342506	-2.30828980659741	-0.7878031913907615	-1.6378801976921404	-1.69187029193156	-0.6565346768946445	-0.6379956530797862	-2.3243413337031718	-0.2887124150037148	-1.6273581698139115	-1.3267198903706	-0.07226311621489895	-0.8211912503248241	-0.7494467563105423
-0.7134290147705621	-1.0829836288502366	0.2986638619173489	-0.7539442213819256	0.23925245500494496	-0.6539354711943945	-0.3207198390273017	-1.09312742500734	1.077388395478594	-1.3382152755451922	1.2237677153025026	-0.031149742149059776	1.3041703752191605	-0.6879412488896647
-0.6469866559833102	-0.42441393440489056	0.5307998447139248	-1.096487087779404	-0.4765780176462983	-0.26164822806681737	-0.8607289365924761	0.16876373331317485	0.8907612652716934	-1.4497047615460847	-0.005633275300922084	-0.08054137425062653	-1.1911760108630094	-0.2874369722201936
1.0341563685754285	1.3112556635383255	1.063397691822308	1.8716617865550638	1.3020293047578766	1.1549184282102345	-0.5197830130137456	-0.23571833066736983	-0.8445584022164035	-0.20220665475550062	-0.10872419791543209	-0.07633406026312768	1.4150029268078947	1.1696860765771684
-0.017046136733238182	0.8532628322378543	0.28369322257862173	1.9216705512352477	0.2776966915675699	-0.9813984954118857	-0.43353927165781225	0.662056471123444	-1.2136482170157614	0.05695265719598648	0.1882661668125898	-1.4419738591851692	2.2404786744230605	0.007933214679175758
-3.1479304196220577	-1.7786816055684276	-2.238616808970261	-1.5869999606277585	-2.525917706447612	-2.55905671007711	-1.5255355554426837	0.7456558916005768	0.04597946460169938	0.7176465548414589	-0.4985505999467328	-0.78290426829478	0.2778440548005324	-2.2816439514888804
-1.9647423110002862	-1.4696173371349932	-1.6759931388392983	-0.5017275651390813	-2.5093399139629256	-2.051277207427758	-0.3401865581908167	0.47311569017416255	0.19801242936434027	1.737276206904438	-1.2583836279717115	-0.7183793557642184	0.2915994867858025	-1.8118066485966513
-0.12896646935524037	0.7255060010185246	1.1633135672717818	0.931618180877155	1.0485003685344947	0.4321949537372914	-1.3626621987456364	0.3552269886753983	0.8444817253534407	0.3317800247195944	0.88726657554865	-0.5902777173828576	-0.4855321512929749	0.6094762380718806
0.3078393066935984	-0.5167239253832682	-1.1950814655133732	0.5859877478292198	-0.04310456387526265	0.2506489332333243	0.21771673042882794	-1.1616856728578686	-2.241843822665356	0.3367028692224492	-0.3719640262038986	-0.14837190534577965	0.18585552882163203	0.1431163725671266
0.26410176620136044	0.13377041284247382	0.13534663174797867	1.6976934662961698	1.0990157635987823	0.6180062033560126	-0.8033810378420168	-1.1541215540819563	-1.2222021203883067	0.7611119695908011	0.5397099647839353	-0.08083429140139943	1.1797961410942075	0.590284117072806
-0.13231248102948512	-1.0748299932437337	-0.19335754628033816	-0.0747610873585968	-0.6653286512861254	-0.5504044356088025	0.5276179714417423	-1.1480157170892982	0.31607589464553354	-0.06261032513579554	-0.4103613667797525	-0.11159546630636737	1.0148663900590937	-0.5889938410019736
-0.34731242909279314	0.04342947664881268	0.28194391109363715	0.7669641427370502	-0.46433339313797745	-0.25528883508468386	-0.39441792670894876	0.17456391927107293	0.608346512078168	0.8721240829367265	-0.635793080480596	-0.24482845023639896	0.8757983419373176	-0.23646854330129463
-0.6184552018797131	-0.5480164174276625	-0.9554879682879187	-0.02257566965224811	-1.4485523186445137	0.9317207082814263	-0.60016500324155	0.3628635662032462	-1.6841695511173664	0.6415348017268618	-1.3335917445022212	2.3054931157466796	-1.5865621480465317	-0.44842212754030386
-0.8959606227265976	-1.3372582103066275	0.4318449582419659	-0.49437323865427674	-0.48851086868384735	0.08563060268353728	-0.5421231478324473	-0.75278876768765	1.6055674720154343	0.21222746772476322	0.6201365919706385	1.1099890295995076	-0.9214243291972015	-0.7013000838545972
3.035745415735091	2.2560861417378075	2.5950455245450055	2.671687862648241	2.4210832164515232	2.018774934178402	1.7519494924391266	0.2633777771386616	0.5962295896299781	-0.006772728734764089	0.6975569644349062	0.32614562185263346	1.4727494418204725	1.803509587090516
0.006432276630548774	1.1307623687228294	0.1316064654419832	-0.7128579433915947	-0.2717995726959514	0.5651701366430446	0.003933233093241816	1.8765401870918617	0.23860448300830758	-1.5308878678469802	-0.46102244575424034	0.6319343053114781	0.09008830725822044	-0.013179404983931645
1.4135406585117254	1.881534133766012	1.9607167110101364	1.60999547575066	1.252029496308197	2.182187074987003	-0.34589006236218695	0.7440416459593489	0.616177106097217	-0.0793088331891323	-0.3126058382949233	0.7834255395866523	-0.5146460002419648	1.5380383462387959
0.22953356816826934	0.25413765106119796	-0.1063138349466955	-0.18534193841516203	-0.1421799219192002	1.4594040741900538	0.15817229003130254	0.5687349102907591	-0.3697053224657681	-0.5503085325004554	-0.10502363467426967	2.0990156263442805	-0.6238608758338882	0.03766888005352016
1.0175726768426128	0.0934548853491875	1.0284379739771659	0.23167179831130863	0.8686331210398146	-0.6697133823646464	0.8409065610651388	-0.3203289069805307	0.8870765931127728	-0.47927906037933615	0.9572768397212227	-2.0731567459171862	-0.6413583761728748	0.41392390477208085
-1.2797581294988394	-0.3776260000319912	-0.16606422698757456	-0.19172515126334444	-0.8969954190548115	0.7018558795151874	-1.3501867640015857	0.059037566462860624	0.4269700280475774	-0.17725149232366694	-0.7608158441180449	1.9819598845561783	0.9516763005382649	-0.6033838000173606
-0.6660016914011826	-1.5439336758443296	-1.1790327671214393	-1.3635774211507616	-1.565073427172976	-1.1830517719551532	1.4897106468656862	0.08277021710550087	0.6597377604735731	0.04882773445585075	0.04750175799662262	0.3234184428398358	-0.08617566779100724	-1.5763606725494286
-0.5432806135075842	-0.1800788324509571	-0.8942414357522214	0.5290396801892374	0.2575926354819225	-0.1605819083779023	-0.5610838863098063	0.31046635336894135	-1.0887904514768287	1.131403753526628	1.0353434594883382	-0.10461005226435746	-0.4364600354692072	-0.2790666373784805
0.0901217523142609	1.4206473369634687	1.6413459055323218	1.355135553282535	-0.46012394724882855	-0.11053188747531462	-1.189259074113232	0.7387197750447987	0.48832443633229466	-1.064872507408316	-2.055209118856103	-1.0393690529560295	1.9507511361297558	0.5872652447106383
0.5851450213430092	0.7353004505954464	0.4001356007091498	-0.39673933702306585	0.6660678450186698	0.7281736822888947	-0.07145759295859876	0.16648207095089126	-0.32252188620897076	-2.0698620792798623	0.05254420644158127	-0.0651127677408355	0.297052661884658	0.57600067564798
0.4221051982011065	-0.3981425202293477	0.15191547937163313	0.5005150651555992	0.10648699106688296	0.9602826234993972	0.08834936379243458	-0.5968944883252005	-0.6052210299227962	0.3912320445232281	0.14623337170264047	1.1455607849292535	-1.2393302224700435	0.2078602172597813
2.0454321098608217	1.3941526598863714	3.5246619771790604	2.7601903070673437	2.9323855274388326	1.675110902399408	-0.06742411996774082	-1.1624246684353912	2.452336310112549	0.7687974245021526	1.402254562708837	-0.9302016405469574	0.25862135384498747	2.0398831901786085
1.8471087534838468	1.9830255664170497	1.4188942101146484	1.8890693213737322	0.20346854851995183	-0.4447872098734008	2.4212723875901285	2.3629258214305238	0.8249478304752836	0.5542757838348669	-0.27198385250120777	-0.9232854889787154	1.9294324717711269	0.1793835792045101
0.394352567115882	0.8861942554059636	1.0408846156489069	0.3120587902380577	0.48298068797584104	-0.8734039724033678	-0.14444354992212183	1.5578124381506644	0.33408140750266924	-0.01760660039847816	0.6620200275149865	-1.8984990519210097	-1.6667129235684874	0.2848493772292625
0.8594011888498161	1.3361366908385834	0.002417713525095344	2.104883878287087	1.8286226267842018	1.9363302524905368	-0.8600085409637503	-0.0852402783661127	-2.229160173036297	0.8344258894550993	0.7387229677211455	0.7346030119814696	0.38526204881072096	1.3102284480961068
0.3253138176129726	-0.37736459905510245	0.778692183743635	0.9960937962062325	0.25183958857418137	1.155150453895933	-0.5681276837630691	-1.6212052858912709	0.23262548903378458	0.32920841235408344	-0.5728809985661908	0.5437604768463007	-0.18468356867864236	0.6322952862153886
-0.4999297758803254	-0.12833039295396736	-0.9797188480194838	0.25288121296590194	-0.008976561068799516	-0.12321255077640408	0.16878463826532836	0.6938232131509285	-0.7097623054074346	0.7831677917877439	0.938478014636297	0.8260067490886145	0.9514579497001981	-0.7349159107845641
-0.5783014086088589	-0.6541503795759178	-1.391742573557878	-0.4352965445946346	0.11919506728428408	-0.6305222887485838	-0.35150120152879366	-0.32670669161940363	-1.6548223004777463	-0.3041012951548277	0.9614444107714767	-0.6908971858692665	-0.23917917764587185	-0.4102905290751013
-1.5651374142344692	-0.3883453328579921	-1.6497592970878938	-1.4672310410128633	-1.217252768371986	-0.670419425850952	-0.3419206287708894	1.6145681841013273	-0.4385766684992848	-0.5226507402737387	0.23337956395091078	0.8765184549887626	0.18005510372514413	-1.3930972640638173
0.8945422812162831	1.9343685168265627	1.0370614277095334	0.9268497976936961	1.1375794689305103	1.7099621923364128	-0.4585271434083243	1.2677808558853525	-0.1715250153410196	-0.7530156220200329	-0.05965214577909716	0.6396667297521803	0.21472439975706062	1.1307551233439392
2.3748055949950215	2.5190874523835385	2.691168997894931	2.671445252424752	1.1378181847974056	2.829006504548444	0.4695877147851715	0.7177239532256172	1.0006379574019926	0.6382982043591979	-1.5843915779668305	0.8971003032971445	-0.0115327115911913	2.0907596227664063
0.8907937449911019	1.3380790467546642	0.4872401822736581	1.0425128856458397	0.5199642046932429	0.33974003523464047	-0.02324509777795575	0.6768155762227787	-0.6624415374974955	-0.22777822954708762	-0.6739355823269123	-1.0535410406238246	0.6165204649655692	0.808685608027883
-1.034255424947192	-0.6122405089720595	-0.5957415021837096	0.40546760273684834	-1.051070753106237	-0.5036914191735054	-0.8788125956049873	0.4778061816510044	-0.3525129691130118	1.6781544606924519	-0.3387735365555364	0.138405191350343	-1.1803132107538161	-0.662861575811899
0.35526352462934274	-0.6711630227300638	0.5189941222701512	-0.7323146727647323	-0.9035833448184301	-0.7444156889732225	1.4376599835263164	-0.11062443507521012	1.7648514028502147	-0.5560653076325363	-0.4989410552354775	-0.6409792382913179	-0.25786424326841106	-0.5532155130312556
0.8717532768334397	-0.6556618356270347	0.20846700353293518	0.49445822362055736	-0.0017411169327297138	0.5867349355420783	0.9555776510116383	-1.6017224054769337	-0.09320932676246081	-0.0333992439722408	-0.510538130149419	0.24517194438525539	0.287620717450051	0.24784746416911527
-1.469040806676998	-0.45898008439704246	-0.9399470813267654	-0.5663925215870967	-1.9273234148511058	-1.1164804857467565	-0.6539757290634114	0.714842858588424	-0.8181339441873424	-1.4005174235669706	-1.3383170219722962	0.46442449440369116	2.0633602987407236	-1.3005578592982416
-1.3648629646753376	-0.9458677477751136	-1.3704910168601572	-2.8657849416334518	-1.2757906903623446	-1.0695941706315495	0.308510784478711	0.9848380486111526	0.3576793042026065	-2.580388392245282	0.4387239318144095	0.608919583663302	0.4085675779582474	-1.6184840925334547
0.13813375564749833	0.6486358479756535	2.426698500575742	1.2327053963873822	0.17452102745992126	-0.17433145281127482	-0.167147924024583	0.6766409648406946	3.6972731844382025	1.3080670671086068	-0.11296051521775838	-0.9469490591208556	0.2199703511984506	0.19865719883154662
-0.6291146809789193	-0.9328429511011709	-0.7766484576355213	-1.3624825597454242	-0.48085027612318304	-0.9631814902831729	-0.22444852437140672	0.19542274657312284	-1.1668000489185395	-1.1652711435460705	0.6885818599972863	-0.37912923537388665	-1.7622203371473864	-0.6976525316155672
-1.9777873657979212	-2.4698143424003556	-2.393216698103183	-2.0656167250340696	-1.578711582091518	-2.084471401368604	0.12949660529195042	-0.13143322984091002	-0.6599488121194513	0.0884805825195108	1.3024923451436343	-0.0020628794774388754	-0.9894747289972692	-2.193059458696356
-1.5462569345483868	-1.6206976258610588	-2.1978446174831436	-1.9306317378736126	-1.6244251240200542	-1.6353664637466219	1.0147714450824068	0.8631524033590052	-0.015871191415127692	-0.028770814522954866	0.8624109964875906	0.6950163279494483	0.46345104362676	-2.2312792766018137
1.3323692239844176	2.339861142532862	2.2980609008663895	0.38321931635860473	0.2556133377565061	1.3100542728664375	-0.14972195896604307	2.3436734440534024	0.9986831444182549	-1.496681271757758	-1.303489311496025	0.10373764817170981	-1.5189030909315786	1.2374376942871361
1.861100342375225	1.0285909488232117	1.5847257917748414	1.669856951252874	1.2194633519442477	2.0713877923920854	1.0783080072384783	0.030836604351502858	0.6598387412121987	0.7211881757344826	0.3388649482160857	1.2982861143787976	-0.5694240525516813	1.1239737967226462
1.5529694390616195	0.35555552441169735	0.8623764407362825	2.4278610962713802	1.7484466718849228	1.3074672941529744	0.5201689737409926	-1.497966856895465	-0.5724444874184034	1.589729830424026	0.8274038435900117	-0.07900280045260169	0.4131813776212681	1.1716993630247228
-0.39734910371113175	-0.20692532563596208	0.30690218905142364	0.6162946878649362	0.4730416065961195	0.12293550431444139	-0.5254270076220812	-0.26755970028731635	0.6557236330655476	0.6589554195734013	0.8860902015851135	0.2727176528911139	0.7220080480035279	-0.19079111506427787
-1.3291476437093166	-1.5532648094552033	-0.5915617313475794	-2.2886439020602074	-2.151426567361177	-1.6060804227061136	-0.031013314439106116	0.48816973138840525	0.5771377991794747	-1.362023318214149	-0.7407498261529827	-0.12354669691626749	-1.6889749169793862	-1.508371664892369
-0.5798610365017125	-0.0406668105528869	-0.4253184144418001	-0.9959571156142362	-1.3006341714058423	0.4363184894923545	0.4191030272471889	1.3009895685915396	0.7358962632865118	-0.6477412118472116	-0.7965561086552042	1.9002251124633198	0.35160223562830406	-0.8915809988334714
-0.4920130271905032	0.8085593430933491	-0.2502423773481661	0.01071097009750964	-0.0373716577627512	-0.22349216631641217	-0.29890959424133373	1.8567798521515495	0.16101306193519613	0.17800576756975123	0.44827119600858906	-0.08522466539776832	0.29193325964612993	-0.3638952201268067
-1.1670532447722717	-1.4971447346262268	-0.38431128115675317	-0.48136084042552746	-1.456217859270112	-1.926575654489704	0.032399501205345044	-0.8064035987834421	0.43409606922494975	-0.7995188719103727	-0.3993938284568692	-0.7509113390760234	1.9466057732921547	-1.4026237300145925
1.3703461884437793	1.3934176392103654	0.9766110401226584	0.3844462467995874	1.3980781041863182	1.6418140886058903	0.8803049767717558	0.8601069477134635	0.2332287846868871	-1.2648786609016878	0.8877399996714537	1.2612189335648125	0.7158737910011177	0.7341787123820638
-1.2071589706140324	-1.0761396673144648	-1.5121752534564754	-1.850637522465234	-0.732518836395326	-0.5480819633749634	-0.378388437000875	0.00933221648187694	-0.8314206262444461	-1.6259154281110508	0.5809504954672831	0.4783015671392943	-0.26946773647042255	-1.0278454499095064
-2.4713921935757384	-1.7634206597451385	-1.4937057536458171	-0.8958192055708221	-1.254515615368176	-2.145682439353931	-1.6468964132699353	-0.14897258856357767	0.03081420102475009	0.9242737148701734	0.691084315670942	-1.2502095428104862	-0.5291813065401179	-1.5682008452989684
1.7031228461386718	0.945637700340171	0.771508978223787	0.16166777488579043	1.5325144065240095	0.18630441963664957	1.295432083020032	-0.013637985448316294	-0.22579102098460785	-1.7348898885373765	0.9778386924151772	-1.3407796951855724	0.6257596756792629	0.8286685564733083
-0.15444888307940602	-0.8311766562864248	-0.12783849730765356	-0.24698761652618872	-1.26277775543744	-0.616411006048518	-0.1580575545949513	-1.3691612346516666	-0.16224289057257105	-0.9067622108592255	-2.0518317427884503	-0.9290788547513971	0.8820153958370912	-0.1860829946628431
-3.033279647607672	-1.088281673362618	-2.711534957469669	-1.2757464825499902	-2.4420668211531273	-1.8523100182363406	-1.8479266184932555	1.386731339976535	-1.26162899830318	0.7323249482789236	-0.868993034413818	-0.1389152034635262	0.21926062922366965	-1.964172603193273
0.49383908074029115	0.18098427249432714	1.1763749837927664	2.7454676930474173	0.8966403097397071	1.8502673764458244	-1.4668181106107843	-2.0225784565284766	-0.28046900579959605	1.8630733545752634	-0.8218892125905909	0.6461207807260774	0.5250040857772181	1.2895305292559693
0.7142736220206622	-0.5997337367546431	0.4093119166073491	0.06892366539991385	-1.0223121611127302	0.23399335723117393	0.9648461299854464	-0.616717710151636	0.30696174791745695	0.022577877293237448	-1.3885859427174914	0.2553789265052286	-1.0887699306704803	-0.01194912452956553
1.9062906558509782	3.6640305891848763	2.766861051787043	1.963961819816395	2.1259561926514907	3.4532820925653773	-1.667493951139624	1.2441048587470651	-0.17389998110836627	-1.947879430056736	-1.316664163073836	0.7032469738512993	0.36521560707141176	2.844524552522355
0.5828121965450804	0.5598136386644066	0.47625504858468637	0.4104568093676769	-0.04226485810536251	0.8884054772579772	-0.06559393431272276	0.024919370326630746	-0.1954191010671316	-0.5637251677383542	-0.9790037917932628	0.17860395509298144	-0.20229798788170092	0.5853216140447683
-0.4676619766045168	0.46160489519741854	0.6547773048741148	1.3051748362895026	1.2198129047067696	0.9885624890145135	-2.037171399426248	-0.35839177397088867	-0.11840083487444049	0.7077253970930931	0.9048162319123197	0.12539796069643475	-0.20419402943658702	0.7174787654672691
0.4654949135696817	0.9879944216347296	0.9665550609577221	0.28252431916219783	1.0855802190436865	1.2407200965513636	-0.4766758316400554	0.7546730827646934	0.3937092053979957	-0.8051217187676349	0.9051114466360004	0.6997456672197474	-0.6071110281787712	0.6566127776116678
-0.6724293672218169	1.1118607567659367	1.011052823981158	0.6887894322573199	-0.40009079125680513	-1.6198967994358562	-0.9704017502802021	1.676450076215532	0.7189908401396093	-1.094478057927953	-0.42206526061356553	-1.9969663662250776	2.118127944355413	-0.31763487783446515
0.353605056191141	0.14842886584786907	0.7532057545583246	1.6489056185038908	0.25799734434195604	-0.18152263697855153	-0.2244615281821929	-0.5667563364294546	0.4556727638635679	1.6003550420272585	-0.3841369832149961	-1.4345075020308364	0.045470416063805016	0.47938858449278077
1.2692614242857876	1.3625566278203483	2.072209313084591	1.7918164348084822	0.8925772421017386	1.9523705882831024	-0.006279885878889769	0.1462938668920519	1.3687542099957029	0.5250573390428268	-0.6368585355655039	0.8452374392794739	0.13822327740682075	1.247135652203753
0.4008100031122658	0.1219540796030523	-0.25668265079081987	1.617274857057346	0.0986362051779257	-0.6730335178191521	1.0269543472236102	0.3020540681186893	-0.822603648165973	1.3512104230854451	0.5449937866477959	-0.3369401023375457	1.8155947312469087	-0.42239730751754306
-1.1699080452412156	-1.2110087006623305	-0.6763553070512177	-0.4794588990254445	-0.3402896389313813	-0.0600259725365655	-1.2420227520440672	-1.3334837142055052	-0.36127923640338194	-0.4812821666661584	0.12174927781674487	0.4197218740677466	0.41843079840285813	-0.4946046318195992
1.7354735516162183	2.0365800040850943	1.694129816087278	1.7995764918641666	1.8164823692483136	1.2279969022106743	-0.6038835172127459	0.6081823686301069	-0.9573590474331546	-0.31062169219240754	0.12958710471672916	-1.2619366407547956	-1.2984363508894894	1.931357853084928
1.494827254071667	-0.1934424242695637	1.1130149193842918	2.110389600858872	-0.3266726413322117	0.618231543534054	1.879838623942212	-1.2205035643952742	0.35183860310250964	0.9520472476502365	-1.1080725341307416	0.8973761630465179	1.937101324115988	0.15143944954440314
2.055839633414214	2.0260922595631476	2.3758530086301364	1.7400522708513404	1.8480661076827485	1.5222809761181257	-0.07411568696598857	-0.12888121121473683	0.504715557089233	-0.9451520897467243	-0.42522922229807014	-1.233783539991575	0.18692901695776268	2.0660351829004373
-0.17904432551661195	-0.5281990922093756	0.07697572108848638	-0.8012233343827468	-0.3101641717137976	-0.6987998740405985	0.20661546440282172	-0.16434705458649884	0.6923414809146549	-0.9699894882409729	0.19687114187503738	-0.876294142739239	-0.340124074161578	-0.3615660446251607
0.9896250817852972	2.7394926127321786	1.9252978204519433	1.892223241118109	1.8361723500816907	2.374477878714613	-2.391756279585579	1.0574109137681373	-0.904584947003997	-0.7976416793100795	-0.4918632660995962	-0.060683995225247554	-0.9370155256347188	2.29244916959824
-2.301633340936903	-1.8668974695824867	-0.641510667055626	-0.7714618768646329	-1.8646721594496918	-1.9813524297648506	-1.6070853594345778	-0.8838626898888932	1.1863656192765435	0.6070665484680627	-0.8801102250696777	-1.375782051594445	0.092263461119814	-1.3550325478731136
-1.8075592298997345	-2.4769386348273863	-2.0413019418501563	-2.8053952508148567	-2.1175412363310535	-1.9834605510238468	-0.15670290005846615	-0.7348511432194167	-0.6228593975336264	-1.727133640221377	-0.1808898941019905	-0.42272648080021025	-0.9464467594172894	-1.8467385970122785
-0.4075653150404409	-1.0535042310458496	-0.08475765489651947	-0.13019215348440671	-0.9522452959765116	-1.584183608099067	-0.04995960970738551	-0.3755676378501432	0.1391110245316068	0.6184117713026307	-0.34061868702258075	-1.7832709403596279	-1.3840639303381934	-0.551350862268125
0.03634707911928792	-0.8596766726504603	-0.8345935210394834	-0.06127410246207149	-0.8149181542082823	-1.0378852585630507	1.2546531701095134	-0.21479539019317717	-0.185495964639195	0.7823263540627174	-0.14020049615814	-0.8569934266690177	-0.03620656597335537	-0.723558125339883
-0.21783825142078644	-1.1545713047064545	-0.7373519540542172	-0.23868480344042692	0.6522685655510762	-0.3978934042089855	0.8286831078966787	-0.386317692769827	0.003035103290554038	0.7600823998545809	2.614382017412478	0.4025437700225853	-0.580758236184228	-0.8066290418077127
0.7624134549193531	-0.3798219815760582	-0.6028208588755835	0.9895883160931269	-0.25250184980037205	0.5412417757538817	1.111888989395003	-0.3000607596510691	-1.201835619152527	1.5552243345991428	-0.12151915928123216	0.7311763854709934	-0.8565877015536989	-0.028467985474676966
0.6350337875064611	-0.7367280025064467	0.23977967148358467	1.1756449638513624	0.5974633780611609	-0.06663362648519458	1.2852899879380677	-0.230404361510361	0.24442059906555888	2.4015540910279904	1.8478642936884768	0.3629905840436583	-1.4256332694005878	-0.31335873172011247
2.8071739147035126	1.5326947653092704	2.1462528768313867	2.0350105006842467	2.182281956758962	2.0531190020516323	0.7843645969369125	-1.3558779235584304	-0.25806703073558307	-0.8742016490764826	-0.27098578431874776	-0.6876731726392828	0.3439298902991362	2.2774355413845013
-0.9288879346188594	-1.0477608252408803	-0.9938711762980202	0.8334406321345533	-0.8252749115468068	-0.1884365785065799	-0.5791403123837728	-1.043259821426866	-1.4711249777911928	0.6016564514937649	-0.37927219922951527	1.092751316311805	1.842774632545343	-0.7903598588938293
1.6352406595621936	0.638004906291276	0.9123595706975831	1.871313744407669	0.21329944454354965	1.8966936595321853	0.5493051513250322	-1.1481097788232402	-0.6079004138470405	0.5168617513174686	-1.8476197542246489	0.8406989269173883	0.533841204218174	1.2201025327415853
-0.6338113338461562	-0.5011248607271394	0.5988579646198227	-0.18447541979083282	-0.49968531123802573	0.6690773797082618	-1.145819849805526	-0.9282587799054036	0.9484450891198744	-0.737999739531917	-0.925657360399777	0.7439750908723268	0.15387499417265965	0.025055408381570853
1.5475437798323781	2.6067374136976973	1.72550339602961	2.9958732778179638	0.4864279190367077	1.446668590191668	0.3980002703940601	1.9216616545326148	0.03289570331365743	1.2684129524677041	-1.3650739662563436	0.6169773737416208	1.7288725586147795	1.1079659092551726
0.054014367022276466	0.7536768643333573	1.1556403761202645	1.2982503064907727	0.07582956680286623	0.08407621360344475	-1.143332360284266	0.12889468670851414	0.7346043379094864	0.6988681695720524	-1.0011016131681616	-1.3710095779244675	-0.16534848412814376	0.7094097491338777
1.3389893118612863	0.31071042096614643	1.5872140513315751	0.5886933783672846	0.04659623172891669	1.346657355035993	0.11773092004002768	-0.9925171449769126	0.38741017197072003	-1.002155476043747	-1.4985173281625679	0.21699736680851184	-1.078840144214811	1.1219887367952561
0.8171951333361527	0.16177967717637537	0.5260975775193433	1.023841066520113	1.0028819995861888	0.9719394954602385	0.44523067968899677	-0.23296141557859168	-0.02843544799192304	0.8036857435355693	1.1496892113786163	0.6281440761248094	-0.7074815108128295	0.4430528286860963
0.10028687559980953	0.7930591084100593	0.3620515929517226	1.7817819960980248	1.291729433313785	1.856176096295405	-1.3705551296611864	-0.30580656929513034	-1.000757280741988	0.8102593323373627	0.5673104848888028	1.5732046894616023	0.9240454657803681	0.7917339568310638
-0.17049147961331507	1.0437003679753771	0.5857767835315748	0.6730248310846159	-0.1684855057793615	1.36316106750877	-0.7123024479202212	1.3106177943907134	0.5684748570333381	0.3587085273208769	-0.7096746968605028	1.5330790219761137	0.06778374642649719	0.24377294205564964
-1.0252238035985402	-0.5905309451755791	0.04129558478271034	0.839050880995011	-0.9420159819251646	0.024352746369543737	-1.2501414605989316	-0.3512653825830944	0.5833893617222482	1.6862780629632954	-0.9382618312953214	0.2603566615992143	-0.27792571423974616	-0.3241865727777732
-0.7106895946107881	-0.3756154696996935	0.0012300959738880402	0.6083902583573867	-0.44579332969079344	-0.08412455273190345	-1.0543816735848364	0.260996380550629	-0.2267252069211393	1.352973745981718	0.006766793590602982	0.2235086143038833	-1.3966793589806403	-0.2528774262339429
-0.6718777746878256	-0.5461668362678489	-1.0718362535961645	-0.09361700783096794	-0.35835112010532416	-0.6319934674667562	-0.03434673095917749	0.16112149054522973	-0.6425692845206625	0.5631083840482402	0.4759436237322283	-0.19206279465602383	0.3190988154928252	-0.7066594936935519
0.250484422804672	0.6164918415761134	0.8993883826453413	1.1908595809805833	0.59491646466457	0.9641580765959388	-1.1808826786080524	0.4387857188752697	-1.0037611082311981	0.6992462230096285	0.06344693733715179	0.4916729473488493	-1.9478813669509278	0.7427966836411372
-1.9970873971912158	-0.18879552557228652	-1.758046361267356	-0.06464105770945161	-0.7344824674358833	-1.9297941420930012	-2.235244939010953	0.7614851360020174	-1.777581910535449	0.6113107498899044	-0.14551761967886348	-2.334273718782768	0.35526934969726953	-0.7167404771129509
-0.23733864701225774	-0.35028484203107835	-0.17730447639680685	0.43691398907440027	-0.8043219596472057	-0.04240965878473413	0.06913644731207086	-0.19631504173848363	0.13609348332080817	0.6222233158041911	-0.9209198561090125	0.3760914269384775	0.8430397250953338	-0.40110376200705494
0.1369008925330422	-1.4988594859177933	0.42864433810631125	-0.03507483091424847	-0.7484958663345384	-1.091482820083126	0.5812594151128126	-1.99100936520161	1.120410837251712	0.10614930417908561	-0.7412061370333235	-1.7167942321448562	-0.24381349326330223	-0.25549116814416684
-0.6219574256651051	-0.346571848290062	-0.024505260795560313	-0.6221717608654144	-0.33729112685909873	0.20183973557199197	-0.3140792172500735	0.5282567839030984	0.7078661967921825	-0.3216893893872049	0.5288161890531338	0.9603051435664917	-0.6495671789005006	-0.5336124828518208
0.6016522025800956	0.93333404344993	-0.6987982086436835	0.32747022754208277	0.412847894708427	0.607030606312051	0.33360287889522516	1.0152996976524868	-1.7860328493620636	-0.3341947699986319	0.1473632307597045	0.0774705559816205	-0.20237908608925945	0.36463004207628985
0.23749748943495458	-0.8676832254808364	0.18320906499853673	0.5295524362118804	0.572212630099415	0.11453701300711171	0.38385859446479415	-1.4592443661941594	0.3181157859991805	0.5349149314251959	0.9406159398728738	-0.12607513997190153	0.0848120957724728	-0.009099024918835364
0.7160291713086566	0.6990588117868707	-0.6854394025767439	1.5326837726912512	0.824169303098776	0.7117649567596891	0.9218603841407824	0.7896205700701533	-1.5212447219126677	1.6004590926871018	1.0525281756850788	0.9701801373726268	1.0100047099100062	0.023285527762777508
-0.525917301866843	-0.6928484388065694	-0.6872241809929749	-0.22479564556599793	-0.7089556935871759	0.7650316280953917	-0.2917292215377174	-0.43322051629096603	-0.5110362279984771	0.006338167106481483	-0.46061864299148025	1.5991911771215948	-0.21524011645775756	-0.38986810574043834
0.2336139288630841	-0.9020504192671266	0.875562522723009	0.9770597058415531	-0.3882571264946192	-1.129444212435298	0.6466194677187524	-0.5476027828828208	1.44929931982277	2.0663248023842096	0.20279337733849848	-1.4487463009808892	-1.2740795928689066	-0.31867283096365273
-0.028822408938255245	-0.20824725146703693	0.28708356467345075	0.045461804079143686	0.8286657841913384	-0.014723261549559608	-0.38177990021118496	-0.2647839338640312	0.15524304250993137	-0.24265675986847732	1.443933322115309	-0.4318163318191354	-0.7110215322530605	0.09282741530199391
-0.176170030790953	0.28334816068247143	-0.6196655980661374	-1.2047093376169546	-0.8760772708468649	0.0769865766747525	0.42566649944649204	1.1909228946615773	-0.29483671634668285	-1.6231515102995306	-0.7414398523480721	0.5348129011675687	0.06158234606515224	-0.44352204532750533
-0.5066281513089289	0.30590724010474735	0.5018067996787755	-0.06068548535415991	0.1057213807640005	-0.5050335401749613	-0.7102643139366959	1.5883123691454515	0.23092958940806926	0.3215206515563874	0.9782490135239112	-0.2875438682059231	-1.8025303770161833	-0.28657410597928684
-1.1564450735938352	-1.0915021347552996	0.522451370272589	-1.092759533833682	-2.4231719826826907	-1.6924313889128604	-0.14053654796603648	1.1494593914636164	1.2351983656963132	0.3354162411672415	-1.610198666597402	-0.40018456975666933	-2.3394630834792256	-1.3132851529376242
0.1502439848115158	0.22129931394840377	0.3477560500460461	0.9648387295908367	-0.4174268012902166	1.0687181010657878	-0.17445195375326547	0.45478226811443256	0.10129264250073113	1.2597099831527685	-0.6478786023060089	1.3603934198982457	-0.893826587969004	0.12719527067354505
-0.7392563336040197	-0.684344616633837	-0.7465000053010862	-0.4272628537905425	-2.0517002972866125	-1.146948314406609	1.0040264859602477	1.0936331219398812	1.0229316986017	1.1866380759291484	-1.1852170964553346	0.02834200720421173	0.1109918681077505	-1.3627228634193158
1.999581055333487	0.8503295885018718	2.4506066891482825	1.700063752390131	2.633929582880943	2.5675488098226684	-0.19425207951097148	-2.0867746454757934	0.5684079199647575	-1.0040820487285145	0.8858897031602925	0.43057799713243794	-0.034638014838453704	2.1093219787550384
-0.994596192473809	0.05793563649593059	-0.3065351589509553	1.2227404308019119	-0.2037381348072272	-1.0984731800381575	-0.49606627727351765	1.0299477425534198	0.0536437397424231	1.764806889717846	0.8168650267168044	-0.3112359208949114	1.6647137121192317	-0.8929757514599677
-0.8100781583716573	-0.20919543722548023	-0.747842186255944	-0.8216426441240362	-1.070587004061072	-1.0681445736474906	-0.15223625046606756	0.6683963017821597	-0.4347440824065534	-1.2693155514723624	-0.6204261500199909	-0.33283713380296653	1.430691897146322	-0.8963715977240404
0.2998528923081248	1.1870312723647016	0.44288359198590943	1.5421096961486702	-0.12795106399176434	0.08978200229552923	0.12537403157257757	1.3676745758038606	-0.2720900554251214	0.6961695598360657	-0.5865094504570875	0.15090346552091463	1.7035595090368336	0.025714625075018673
1.15445366593528	-0.2296388541139679	0.0336506048384303	0.4869104576484711	0.7065863398537509	0.5808570755155326	0.8450382948327716	-1.2119283181155263	-0.9643855837581671	-0.37529943947247846	0.3447148121939351	-0.30300239737297346	-0.4076448048052239	0.5790470977163926
-0.4008804824653025	-0.8114947107912285	-1.1212890274789924	1.181097044233534	-0.34408120226292627	-0.06205371928598741	-0.032839472361966694	-0.7175137361036061	-1.2197361698318372	2.269807773607516	0.06151359562978311	0.2133022544880416	0.044263543540925473	-0.3898391778372499
0.32787979635856634	-0.8608838071593304	0.2854045656926754	0.05894926844187648	-0.3863494476563647	-0.6137856006797313	0.7430806053088826	-0.15283177279301452	-0.44483429827538234	0.6339352828619512	0.21637852585381762	-0.2736004848449954	-2.118673221443854	-0.3454500991947509
0.7059991186482665	0.8487902064871726	-0.0769208569797819	0.4713311843206613	-0.23526764772891645	1.6623016715067205	0.592050357233937	0.7405353096001644	-0.7782664193146632	-0.4191943512188683	-1.0245349352052537	2.202145641407718	0.9217225028495759	0.22012452015715872
-0.16117979884832997	-1.8867590878126106	-0.888436808059049	-0.6808325695349284	-0.8242248204547346	0.16614467620913442	0.31206206408026116	-1.6583908958247804	-1.5495600730828119	-0.2807165956352104	-0.13005927229722844	1.2393431423701418	-1.717006750224704	-0.5483232002728017
-0.27784089655664973	-0.19095531165018859	0.3987259153420028	1.7656612339040714	0.6362108868649945	-0.16778675922217057	-1.135418648273437	-0.948319349294305	0.0116221849937544	1.978697639606949	0.4302761253810774	-1.263823548610033	-0.0644302721300296	0.39092235235240025
1.4782882655760319	2.350149864752827	2.1875228941744624	1.2714640628877545	1.0817762037851906	2.078264505692004	-0.6483444475016115	0.7974557570733996	0.5843838571644658	-1.342725356336382	-1.3158760596710823	0.09404483331551214	0.2241724327863883	1.8268419239515097
-1.2613275807003554	-2.143648504232531	-1.4659514316270137	-1.5712564352382243	-0.8257199413710061	-1.4575020401300551	0.8438297097715599	-0.18310692928077016	0.497580543353545	0.3610363558872062	1.9894257316300363	0.4651641059362956	-0.7634963178120632	-1.8810850831016563
0.518822495533297	-0.6379509325791903	2.1012760230997554	0.8090155193289954	-0.10274958135851414	0.11445756160381088	-0.4589672385099489	-1.3756627224723643	1.2698048598504428	0.33810143595833286	-0.824681460794507	-0.6482900290506848	-1.9514754804864571	0.5777417970015196
2.1813814199513852	2.1227342782318472	1.6731969222280292	2.071286674510952	1.1163096606388514	1.2053938625673095	0.602227570134772	0.4984805795331075	-0.19702568868834952	0.07212207843540853	-1.178437123481075	-1.2896613561796573	0.20195298249222238	1.7832553340135382
1.4459709800209364	1.503302637591286	1.2574303584983009	0.6085686102348602	1.4490746299300772	2.8755976722274332	-0.3703119389153896	0.03196043431267978	-0.6337370546680255	-1.829272013447107	-0.0656441667951294	1.858404383917867	-0.5088265814683859	1.5858916932973552
-0.23561814963663646	-0.21769944188452617	0.7223449677998366	1.1089569790505047	0.43138542299520666	0.7222922342358655	-0.7792900402598789	-0.8072211490612756	0.8281932266424283	0.9626418669265774	0.29395247512294115	0.7431521889196384	0.7097115192608697	0.12469094370006523
-1.1223453543518063	-1.8698849993549866	-1.6253352636088387	0.3925510244226983	-0.9637597443017177	-0.9841500231437412	-0.44464791169268497	-1.6924843740731694	-1.2518231505962925	1.742749277105527	-0.18219820611722903	-0.5102764247744724	0.11171529994074113	-0.8767374348992333
0.7980475617310934	-0.38000064768943514	-0.20935934597193379	-1.3641871629791813	0.03796352951540116	0.024284640619267342	1.13918942455159	-0.3839962865779887	-0.5429844280441598	-2.433006240002001	0.2891875400423892	-0.20482570689310894	-0.7570485006498436	0.0018068243873268035
-0.12063763548199356	-1.432760555863939	0.47196426558847077	0.42491590745090146	-0.07378547717916739	0.529377520077294	-0.15470317847518789	-1.953571821488402	0.8571238622552949	0.750553828767787	0.2958812993826321	0.8335539820728284	-0.6582474070901073	-0.12896798155287612
1.184354179284878	0.8589604061627549	1.6899797350529866	0.3247891508383148	0.5312031023570203	1.2826245797036933	0.9272271868012285	0.6797673835000483	1.823083762591494	-0.5777374314439307	0.1271449115905575	0.9288729021927992	-0.4874955732441644	0.5485990907115589
0.0860904254251601	0.04695094859351051	0.6247319203883293	1.030734859052499	1.3443280321744222	0.403575697670604	-0.9451147490314118	-0.24273130010030686	-0.42439675468140947	0.8431683672859791	1.7759653776184734	-0.17176273571718825	-1.4193491664409061	0.47645956194187583
0.1589987810763005	0.34007267413393166	0.504710012469889	0.5988337383141031	0.06926280402155438	1.0200671934150682	-1.0448326221883737	-0.5086755372008226	-0.40942651057897744	-0.4320898319743639	-0.9630658934328186	0.1883033485606756	-0.38059049041779425	0.721396094537984
-0.6646455078417588	-0.6420399517373752	0.8764077891115354	0.4521119497555507	-0.5809259369501918	0.9756179397577218	-1.584476652278902	-1.0488679306737805	0.9408510296407748	0.3453379530759923	-0.9820701130578026	1.1423961063132855	-0.8686057954359564	0.16100196575408446
-0.32718235636904697	-0.9420654378601878	1.353275898367722	-0.36486550581185084	-0.3023301138861816	-1.7138915952998253	-0.6771133246586869	-0.763954941586673	1.399330385582587	-0.45383551275109224	0.03160305461178383	-2.574501858256657	-1.7884166359366838	-0.12600914572084726
1.6723459932198188	3.211984948839496	0.5095009698651097	0.9707586861532016	0.7966565371108726	1.8989353747485824	0.3153038671821748	3.206021356730275	-1.576233756789443	-0.9037887982289207	-0.8282100464589617	0.5514891221261634	-0.5413190892743796	1.3966359526562069
0.38809906932922994	0.8303690178151873	1.1317315151131826	1.4151214880777792	0.5944685192343269	0.3352340485890356	-0.7026307094593768	-0.14292748762915705	0.16470509767054822	-0.06695678525382213	-0.3942337804006382	-0.5494077724772151	1.413189318044654	0.6334876467837508
-1.196262882936007	0.1534620265145643	-0.6472932547410701	-0.8417351766710901	-1.0792450233571542	-0.621467300104626	-0.8802178317419874	1.2974741752945111	0.01469974290868412	-0.8394466066857474	-0.7287261959701102	0.044647561273699184	0.8074847815409882	-0.78651943497034
-0.03199767047154678	-0.564430699702057	-0.8196058323151021	-1.3633414952741596	-1.2004304767885345	-0.008558274150666567	1.1650329271833786	0.31702632765623556	-0.12944182530309997	-1.3484119426132772	-0.7429852605659734	0.8907667797153721	-0.05993642122367885	-0.7426592120510626
0.4174567579909363	2.1257553845155313	1.4911691082527265	2.0281946957063486	2.4277729297958404	1.4400860443705883	-1.2646464644588633	1.5075192856003037	0.49724201856716943	0.8577987661037149	2.041407173693592	0.41556599406015904	0.828481993091524	1.055547414537044
-0.3193332012472987	-1.5373139537690608	-1.3229647324810816	-2.287051786502456	-1.8856668630295212	-1.3840308879091903	2.1565216706496217	0.12606199648160732	0.5007266293458205	-1.4573537248972368	-0.4545167885531487	0.06714565112009466	0.05530661366818726	-1.6240124743916624
-1.3236116559359297	-1.7518180761435755	-0.3781425865691207	-0.6054579311593355	-1.143333631044177	0.1291782627113064	-1.2053362773732952	-1.920365923703368	0.3971560983481505	-0.3445797885928176	-0.906180801358231	0.9136624562545493	0.09280056272420945	-0.618158634466397
-1.1002216950200898	2.4560625793528548	0.9737531957141783	1.1528626885246296	0.6069005345329295	0.0635157315860928	-3.4911555541573702	2.429320317025668	0.014779979738331474	-0.08418179646239195	-0.6520768913493281	-1.8128504509694747	0.21351423478883366	0.9557675421796872
-0.28867047872989837	-1.874464728629619	-0.06471571828504874	-1.2091168883268715	-0.7511582009738329	0.06704748820396433	0.8370583630061486	-1.6607475181218094	1.261592618320229	-0.893290571103207	0.2107629149568009	1.1740914341019555	-0.2291945161592589	-0.8321773145246815
-2.0983463333008174	-1.7130585308925141	-1.4990354559178551	-1.0576415447134675	-1.778191032082582	-0.8354739196262474	-0.8240217864125494	0.38029596015810263	0.07474824322769444	1.0176279857651636	0.2195733884508822	1.329738224481751	-0.995579662092434	-1.7421201745688888
1.6256146302554133	0.883378888913378	0.415646449117521	0.6721156880417625	1.0852082277367419	-0.07732192048948128	1.0759142583031365	0.18267012305801536	-0.8997201371398775	-0.5488657147945479	0.5085919413619475	-1.890098884861061	-0.5763403651328857	0.8890448881051459
0.1742785612594401	0.6838113294259323	0.8545977230813607	0.2756834212388492	-0.8125278301115316	0.12075735003385496	0.08047145513419296	1.4781909053455737	1.1275175022371815	0.34863171987076913	-1.063835515474958	0.02809965483124903	-0.9683161027525098	-0.009439993230909915
-1.0260834260720832	-0.780947486751138	-1.2069098968110754	-1.3205979691505991	-1.8189903279761221	-1.409665919402983	0.13741137640747705	0.9991246062757325	-0.17516947579527178	-0.3134242300006711	-0.756696380403181	-0.545890540873071	-0.7818229971073721	-1.2240576510951031
1.0777834479682171	0.20369893354009938	0.15975153859504476	0.7474920026588558	0.04841949946745905	1.3322969909204798	0.6699802340542192	-0.7901644716837585	-0.8213184137804893	-0.22102720322526248	-1.0487826968304272	0.8105736766053089	0.1482545642585832	0.6481467036986378
-1.2321106626000267	-1.324347821836819	-1.2867052410536568	-0.29845732873049097	-0.7896927357963027	-1.9788338909262317	-0.3129162829698732	-0.5355898463535064	-0.41713750869835275	0.7039574396151735	0.3818388802082749	-1.5989086571678652	0.7878469922551717	-1.1605633124757493
-0.003853544213581528	-0.04321083821190319	-1.6617970482860858	-1.78853380325357	-0.5063433127547287	-1.1320021155505817	1.0831573544498037	0.9839546879742209	-1.6304713596163984	-2.3119486312198574	0.219713662090907	-0.9473202637958288	0.5186304160164366	-0.7373097341997231
0.2646163446606933	1.5627040855843752	-0.03742414542693673	1.3110057134697395	0.42073424618610755	0.5676719465763389	-0.9125904047325135	1.185781060421279	-1.4205560533396406	0.3062972032553583	-0.6936734368099509	-0.46005277045765697	0.7614769324934787	0.698940062832912
-1.4514454433115098	-1.5330043595501268	-0.914888596568356	-1.3602111089841686	-2.3464234609305548	-0.12655893823717024	-0.3491953071961039	-0.3808815495567965	0.5864226391110524	-0.43038910975971983	-1.7368173324183245	1.580136139944401	-0.16231884232996657	-1.2720116613500556
-1.5243387480854742	-0.5566156793151171	-0.10508530828835438	-0.8192777510489991	-0.6453902304859769	-0.10305236109322685	-1.594870899913973	0.44792310366513094	0.7734328839896375	-0.39509647781483764	0.27828865875975217	0.7113238304775981	-0.7373853539460915	-0.6778924707249774
0.5810307842284861	1.1230207849819493	1.0160662170822021	1.3694377104052415	0.943403217171216	0.8129144833789846	-0.6963969702765606	0.06860160012320639	-0.19258443831240937	-0.23226231056126398	-0.1401067890326314	-0.16500245466952623	1.206247319151097	0.8406103610778061
0.013126145413880574	-0.20894376232249445	1.3828348083156587	0.5375384299881744	0.4127790345937912	0.3411326845671271	-0.4234168993111475	-0.7999646444203108	1.908203725974256	0.10298488237016823	0.23674976245189672	-0.13938050225111262	0.20950431671526162	0.22913416098663966
1.3206888784738497	0.7201994647026982	0.81230613915971	2.4460537327428	1.721840040105516	1.7525871961667305	0.9568282416789742	-0.05024451342472824	0.15787991823649167	2.4852256769078735	1.619644389940374	1.4129713299274453	0.2064696313813537	0.7090522464812645
-1.8124034132724791	-0.7785417796143042	-2.264778955271981	-0.8923728263006907	-2.254737117167581	-2.2292901897394644	0.0782745794164442	1.7804824094903555	-0.6167797094404351	1.22730529982092	-0.6763932173780197	-0.81248751712335	0.3970413747955531	-1.9262395002676282
-1.3586624110461223	0.6304535713228918	0.706553203785065	0.1773211452920966	-0.10669137701578121	-0.6410005549727205	-1.6747464973351855	1.5295523048976465	1.638510151594514	0.17114823490091233	0.3620075328977259	-0.4047590177202791	1.0510214353546181	-0.4974820986866196
0.26569739730204534	0.09594572314553007	1.8897765858316504	3.156006876567193	1.9881546878613479	1.6374337227660536	-1.670652858450148	-2.240010446923355	0.1451492883543141	1.1940138076159037	1.2479028781389827	1.0938704464577627	1.9365497233293367	1.0526420466336757
-1.0324685208744744	-1.300144011790258	-0.4175859460148647	-1.1726500702673532	-0.3623809729282107	-1.0416691872063806	-1.2440285052254543	-0.7445318964599119	-0.9618021666373565	-1.1886286964675645	0.5408325641396585	-0.8380541469129359	-1.805341870397816	-0.4923564998347478
0.5384331964006892	0.7452618447925647	0.38420201825741584	0.7495689287293982	0.9084531516299155	0.43786922247126114	-0.22911506683333896	-0.05895360128959457	-0.8464898480183494	-0.9353198650046715	0.35080181731879057	-0.16225363772761092	1.3985040943203983	0.5009331867022419
-0.4230839666220829	0.50333400106716	-0.02637495073957044	-0.44500005518666197	-0.7798453192971027	0.032090002033862475	-0.3584842562019019	1.1842988415276927	0.3284782266899016	-0.7309516187650357	-0.9542942033602101	0.09654653378458972	0.08900476221770999	-0.22504625629299763
-0.21511762466738882	-0.1344529325780134	-0.3630810127582972	-0.27998245740979194	0.37091078741427497	-0.1594546672677419	-0.05170941277847942	0.006423519773999281	-0.3291751150465197	-0.7269911325458515	0.8801647221345176	0.02059725227719287	0.8371283191310662	-0.30573270826862625
3.422302626396622	2.9420107205867314	2.8851769028362324	2.043404696747578	2.4276582342496167	2.7792113494361197	1.1887732494922174	0.29178489530803564	0.2083216011548218	-1.7591519136641653	-0.5178195365515974	0.15231090429578148	0.9649954770824622	2.5739406879854174
2.1473898159884843	1.9698172446135607	1.3236046661222631	1.9833674071662757	1.220591527392492	1.0434718904507623	0.8756078592138709	0.46466999668951303	-0.6391607758928907	-0.1309679557850663	-0.7189326355046548	-0.879589572274096	1.0748299098783245	1.476049264624188
3.9010867762373356	3.185683950782823	4.7339257900847125	4.685602651932984	3.350109165064467	3.5622173358352716	0.3981421184208071	0.028213982765566675	1.3095603004308867	1.9442113076462086	0.12323945658001043	0.13217309774240532	-1.5364602238967222	3.476047605902828
0.33935486608641374	0.6449990308689599	0.44015869111414097	1.1939176371832856	-0.36434567580253746	0.7166371387085375	0.1409231431444585	0.6283138570334413	0.3674714111774463	1.1777822024357874	-1.0501647203715954	0.578090271927271	0.40875506154371977	0.18625970434015116
1.8849786719213557	1.097398245414133	1.1887522637507248	1.349332638090924	-0.5724376481908564	1.0921500807772044	1.4975265663662742	0.4842447318222535	0.38945648454829856	0.5358724911498811	-2.3054935394936416	0.017077367864323217	-0.49555754906726746	0.9059629161342343
0.36146864935912193	0.7140782440893458	1.9073196361636557	1.5184942188053623	0.5481614261700873	-1.603852629631092	0.756715556029645	1.0693268293486142	2.5023562035083966	0.843645517101494	1.1039436170703825	-2.062797970570345	1.884600605912117	-0.304437974702246
1.5905840531797684	0.8979413696605433	1.1081242587221989	2.47717802491522	0.7146961410946991	0.7996589816274045	1.349127440254862	-0.1395071010259958	-0.6135182892020085	0.34725793822308	-0.007145389165977391	0.595891261778675	2.150135754971789	0.5516184792817829
-1.1737456050780195	-1.1276368270798003	-2.063649987761649	-0.05665208664648885	-1.4555291740328622	-2.42789346263627	0.762911807928654	0.5644875147537058	-1.552092323110241	0.7813699305006001	0.3295475519253203	-0.8709137481441018	1.8855229013562331	-1.8434339162032705
-0.5100822149803252	-0.2451104498521376	-0.9333656507557508	-0.7418507580124977	-0.8072583873222525	-0.06488677240720431	0.5794287759156495	0.8821853833708586	-0.34924497670864724	-0.6596106395462037	0.036568718317482915	1.4677251905959328	1.2092355572871765	-1.016268791332088
-1.4729477405759892	0.20756462223065886	-2.375501352954761	-0.9528155678307102	-0.01670126189256682	-1.5157863882854972	-0.35809512145928113	2.3192234044685907	-2.0322723874455413	-0.2656684129268095	2.0194684647668777	-0.32249880729870584	1.1238248951551209	-1.4087343994815198
1.6868088885762544	2.2278163634070327	1.8692110687591743	2.2800869912339716	1.9879489033285118	1.635661377934964	-0.03807367948543613	0.7733023835136075	0.1982586872063448	0.32724815730332135	0.4158806583670855	-0.10485898151825024	0.9267371740105343	1.5784874984967612
2.362975270345465	1.387547819668939	1.80338958468518	2.5474733056070744	2.3128538701154104	1.9689176274811797	0.555689648591141	-1.0165719948522791	-0.3529845526735564	0.582219411038474	0.5255744009331929	-0.4070959598638753	-0.08176154783986501	2.0138433261482795
0.005018606286193827	-1.053230845901742	1.9717137506314542	0.3151794957308979	-0.4752881121055803	-0.006725189419472644	-0.8067484458020333	-2.605760696615256	2.5187829453927715	-0.7154332416443709	-1.6342271614191672	-0.9709902001405726	0.5330462803035361	0.4036163160067043
-0.5522725849404186	0.01673374609824245	0.5507987688869344	0.26329493593811054	-0.9612812410951481	-0.32540023472975976	-1.1103127497435334	0.2320961371488163	0.7495444590111905	0.24919257414232845	-1.4142385305685274	-0.8226846943075989	-0.6696068349476831	0.0113974307984893
-3.2367472664967645	-2.879167143717049	-0.9836737002920208	-0.9651891778325137	-2.7299396471434862	-3.214935076718856	-0.900836796887927	-0.6272535811430687	1.7641793384485926	0.5457498397011615	0.03265152209672871	-0.3199119322573689	2.097863717076697	-2.9223877384465475
-0.41261315314768043	-0.29301213771522705	-0.4024164400818069	-0.8892713180190568	-1.1710148703776455	0.09860070435613832	0.39968009167028107	0.5790094616056126	0.47578905318710124	-0.7766984235881205	-0.8811182610846007	1.0522790864566784	0.3875735199224185	-0.7179325186630783
1.7711696221160862	0.8264365977002954	1.172638771089494	1.7907645559224705	0.8878700921711221	1.6298202436101579	0.8577061249046525	-0.36458816506633557	-0.10164583863299854	0.8609042863835357	-0.27351780327183756	0.5004613784002424	-0.5918717358948262	1.163563843919062
-1.2366525583077788	-0.08947090360004578	0.22771500285705898	0.3461888550054018	-0.6020190067534813	-0.10415162632032486	-1.6317430424114876	0.2195353391927561	0.8138077679493173	0.4971094773718066	-0.6136288674631207	0.1902654706109775	0.7304609424953399	-0.36728429561476744
0.6779820503429475	0.2566020589490765	0.1769246595599806	-0.045486522499634696	0.6685543800284102	0.9841603672959922	-0.14065226923144794	-0.15510347440126418	-1.227513519595464	-1.1711836712008	0.43073134253550077	0.5356889546201179	-1.2518113878603254	0.6000264211619001
1.3013283634062551	-0.382746319171477	-1.4516300557753061	-0.13040242034101157	-0.6119975267999647	-0.48229818947919534	2.6740306915361938	-0.18375669653176616	-1.890377706442694	-0.18796258922823883	-0.550248404656645	-0.3932691406354322	0.6595128418455352	-0.4043948696215244
-0.11211817744363478	-0.8270220023154712	0.19778229305472544	2.455524954645523	0.15057239871807365	0.19280061039367144	-0.9176981553794563	-2.242970494181083	-0.606285237437507	2.535617926516415	-0.5282775889940792	-0.2761697173347193	1.1811502819644546	0.2825302378002875
-0.8118719950160384	-0.7440063929921168	-1.0856344505971869	-1.2756652246537887	-2.4261630757049897	-0.35434953788471746	0.5902384965660673	1.1415987086443207	0.13199004282432605	-0.15253082423777806	-1.6850765184666108	1.2967847990730674	-0.7532700065965967	-1.2783116168593898
0.1427316063674695	0.5582737453805611	0.19490886874275037	1.5252500180129984	0.4772244719831316	0.46422128150719727	-1.073348606494127	-0.38310085929274784	-0.9528183231746153	0.8925762860424604	-0.5180803413199626	-0.8297687035248916	0.12273615538121181	0.7635870298799674
-0.958830917098086	-3.013323859224529	-0.021824168393493215	-1.7896678299084205	-1.8466491795217246	-0.5024008459038938	1.041222145171461	-2.0240252564572714	2.6387682432675783	-0.36815946670686256	-0.09159576024952736	1.6851365912573932	-0.6041367465040869	-1.6780813560493488
-0.0037483704588354982	0.13885341964956474	-1.2137434147513964	-0.11207049682086584	0.6115715842804079	-0.21137146672180368	-0.132910313142286	0.10051326234127017	-2.1071749673589784	-0.6560186590079072	0.8886409382908244	-0.7557511595972561	0.16821615907952922	0.04490223042889678
0.21001238533824618	0.1254789392150314	0.9757693517300353	0.5967233750978925	0.7980203385257749	0.8547985741300841	-0.7871432434407098	-0.4753449974869578	0.4782138423015105	-0.10290713658464291	0.6198943203345676	0.24312490291806726	-0.7809276104486214	0.5668714597969303
0.4780201365752301	0.7575740289743698	0.013677702668625336	0.057681158883771455	0.6192721394847278	0.3883523474045204	-0.19447367191060397	0.21097659805167648	-0.9629838043007053	-1.4034813534131703	0.0014244099377439994	-0.41005674489946425	0.7289095356869678	0.4852061630059703
-0.6361269915585342	-0.508126721372616	-0.42776980624901184	-0.4935014616995897	-1.7055217514780145	0.12196107045565008	-0.05020744139246326	0.13887094188916746	0.354566723849505	-0.20610213664798402	-1.852366478994089	1.0300536091220212	0.43146366119343416	-0.6777420187448033
1.338156294576435	0.8669515880045404	1.8254368461881656	1.3404345432585711	-0.3348189132876176	1.7141286648554206	0.08327168700828941	-0.5337965587075343	0.9505822188873267	-0.08893365700559391	-2.5378088072013774	0.4674830029111282	-0.26765223775713803	1.2407599707804886
0.10241281861032585	0.020408775593257288	-0.00442916698676063	0.9083400093049896	-0.900101518323772	1.0579660579820502	-0.14018628276845915	-0.04174381597168441	-0.2590522496002879	1.0833211927176492	-1.5789993882747704	1.2509003429883436	-0.3818931840000357	0.12183370197627508
0.22914604961010196	0.2056286665740924	-1.194786438440193	-0.5497994304316873	-0.009142932206564508	-0.22562096611884985	0.00039031979564911086	-0.04493693402712536	-2.3247826892593206	-1.644769491821956	-0.40241712692879783	-1.022003164683984	0.20426068806268205	0.1917386893778312
2.108147524725378	2.94737995489724	2.4713936152310767	2.8805488704038655	2.1880714820163396	2.8983396542605666	-0.278212374529056	1.0335264868748788	0.26863103840655866	0.3993888902652686	-0.19234791134958143	1.0481000171908617	0.9058997993029083	2.1460841029117317
-0.3959894147593992	-0.6768763039896766	-0.04211852655546017	0.01878570996047607	0.8710109802293711	0.022284749441033702	-0.2952433353503611	-0.902254566008868	0.07132785652572748	-0.4567280496771241	1.768858169609253	0.5481929397615279	1.2092542700381124	-0.3773744183919783
-0.5980930508755049	-0.30731275846795914	-0.27755496712781424	0.9646345150681883	0.8136312082344561	0.43236479960880453	-1.2843893624585112	-0.8017059953121017	-0.7189280153484083	0.9826973073254106	1.0666121915729347	0.13722092046593473	0.11211468600932503	0.15128790151743685
0.7577176485516721	1.3408438569200902	0.489721255270795	3.3691745827075827	-0.06319115460324454	0.06462172341671518	0.14443669528399197	0.6833183583339694	-2.083161632614284	0.5565834131839041	-0.9790744100680386	-0.3055986866222377	2.572155149741033	0.4164218119715021
1.135841118614758	1.7384628705557978	0.9171418383447665	1.6301589328861417	0.9256530191182473	0.9734569574498673	-0.004431053002601917	0.8591069683136683	-0.599229737613792	-0.04379824471301769	-0.4019418164272094	-0.12378257740190704	1.2200034421634545	0.9789980011349061
-1.0163497059996631	-2.0567031254551837	-2.1637884422417386	-1.9789744077227944	-0.9961219828656656	-2.531914672234621	1.3679817991522514	-0.4115676420401275	-0.5113660187792964	-0.6944781896578368	1.3689438130100622	-1.2691672201695372	0.6181886047160712	-1.9334002611743213
1.4222284054646512	0.9948980465511188	0.3217509322231763	-0.2351739545135787	1.2807340414185937	1.4761574098158212	0.7184696317852421	0.3422539473689608	-1.072288845707554	-2.085225276696597	0.8089393088643274	0.6749522933174952	-0.5620229788426575	0.9019502738982739
0.6626771983716595	2.0519479606293336	0.1243963394864045	1.4926360207482574	0.6418105784707284	1.5957953738006387	-0.5841541228625079	1.6421167466950393	-1.5458578994686283	0.18030697951805372	-0.6666827273391086	0.9864221486187529	0.9197211369187371	0.8827336852285624
-0.8794751578432369	-0.6888528113968956	-0.3205024212228788	-1.496310694111827	-1.9470430699207135	-0.6402180840401818	-0.15599875201925967	1.0761033559415507	0.10602702955293708	-0.9072080367530333	-1.2709504572852264	0.6333099873205752	-1.7365108830577876	-0.9872126483502685
0.885287748023853	0.886537437654771	-0.7026929460530492	0.3203019726812856	0.934477730667021	0.6571557826190407	0.11101693959850219	0.09001874800083229	-2.477516652267858	-1.2209686715809205	0.1739892852718396	-0.4568058378005437	0.41966145217288553	0.7485938984196945
0.22366894605089496	-0.03519179127793276	0.16137540919716312	0.8005777146278807	-0.07857890407869617	0.16448883027813266	-0.26379012796456497	-0.7251887454257174	-0.31430931344773616	0.2878397834497595	-0.7912005473730215	-0.5251535475288572	0.48593918773556083	0.3027336184303855
-1.4464576326817709	-0.42060937361938944	-1.7125837140824482	-1.501450223980292	-2.783251421647781	-1.4968365283970728	0.13346748886661683	2.226330292450385	-0.28377885759559474	0.034388538298738086	-1.7262839614317358	-0.049292444068561606	-0.6491108509724576	-1.626585378895129
1.483155125162717	-1.0545475540686016	0.3926871603558153	0.22821531494234956	0.38965145642278937	0.6585518616031277	2.0376741236257314	-1.8085468093338515	0.2464523174197172	-0.0611989272817296	0.5835527757012428	0.5646667610069778	-0.6494242871374253	0.16046538895919438
0.9006223182126318	1.6616256717968048	0.17424488212642608	1.4348833514672135	0.09745736673804184	0.8106241285013136	0.213506057064467	1.467108657516454	-0.9384417399516755	0.7358697343728335	-1.1378970258147956	-0.1576655778521757	0.3275261061711216	0.7158552560527079
1.979464300004562	2.5492150428801286	1.4309607698950833	1.641748601697089	0.44682713110634464	1.3779685005119995	0.38389047825391187	2.0274803697083974	-0.7908956782900137	-0.0006173936579033102	-1.580206687462244	-0.4466087500939248	-1.2646123594347871	1.5856492929420476
-0.8763754487147906	-1.5346009074279192	-0.24411608080983685	-0.45681099889450716	-0.7525252241891869	-1.572466218026933	0.4133481602000962	0.4333199580884283	0.2540327061519213	1.4621005881670093	1.2778165000657653	-0.16637480724957837	-2.1907779337767606	-1.356437295525624
-0.011780738874046959	-0.768923652942156	-1.3922328530306642	-0.5933966322076344	-1.2979038742090492	-1.5256716829323884	1.5334088014763	0.26222775611399146	-0.7133247566699278	0.20963600346541486	-0.6184896505199551	-1.2366470796980888	0.25482345562999587	-0.9772249977365501
-0.22806562487269	-1.658355698752087	0.9933622182268799	-0.9789370559047892	-0.9959170967055241	-0.7872057394577336	-0.188682312781983	-1.532000900015465	0.8588073431099326	-1.116371449938622	-0.7996556284257393	-0.6085753092910728	-2.017173981972371	-0.3357203623483339
2.7035814116431585	1.79111583363895	1.1817272428310777	2.0217507877198626	1.9134243280214234	1.0775928570637991	1.3408849097240771	0.6280092706410471	-1.6447072301978893	0.43665202090458927	0.6627103952231351	-1.084778856307651	-1.5052946288457083	1.7153691970234635
1.7482905321026896	1.5261443780562234	1.8216931392094073	3.091556913517371	2.6430732580173535	1.4258697202288606	-0.20225039448347312	0.2774320198818953	-0.6108632377165079	2.286921517092946	1.9402554248969308	-0.41329206011725317	-1.595860104721002	1.6788571870712865
0.27737350948440653	1.3477254768773925	1.1708259376107883	0.29832731811393154	0.5279283214570151	0.4039199225930596	-0.3940662260945645	1.2660902967624157	0.924333875938824	-1.1347268874076504	-0.025971928252924558	-0.07557012315895843	1.125117241913671	0.3630478504372089
-0.5705165322839537	-0.04375149694954186	0.8759368689287209	0.16595923793023648	0.812563253900925	0.45540747303837337	-0.9885782756045574	-0.3087701329423006	0.9620870034229371	-0.9740176164687928	1.2914819120464611	1.0114224507147558	1.5177771958025001	-0.16204485634466154
0.9911822816578753	2.082678913031167	1.3186847663135244	1.471931838898871	2.431567496177542	0.6050773936049513	-0.607035591593553	1.097738852358332	-0.20107265397905746	-0.536175100981961	1.743724023746234	-1.16744762528682	1.0713700949681875	1.2097615826225303
-2.0777249720494124	-1.670151876028561	-2.124440540750521	-1.6430980851068393	-1.975634674382793	-1.1227467509052969	-0.6566153337908691	0.45220130002090886	-0.7313685619252653	0.0921719057536526	-0.07854865140516412	0.8720870516273521	-0.7366350562024035	-1.7941456448006254
-0.4758314203400097	-0.22931903100319384	-0.8439872954055128	-0.8084341270776678	-2.3946443215025317	-0.16939005858642842	0.8647049034052753	1.6309789841186133	0.288218940357422	0.28319581485467876	-1.9895487595640744	1.2560836655894332	-0.5976970480382917	-1.0883670118667035
0.7008918350454149	0.9036708878488966	2.116876693818221	1.4273692211130522	1.4372282545513322	0.6789918581183305	-0.1649032383412745	0.25279345069786013	2.228718132677561	0.7898655500346674	1.1419521703922966	-0.49351617394228026	-0.12310110247657241	0.7766150379254949
0.4392499684194027	0.11523638505660905	-0.06163526542072395	0.3632155378994063	0.37725074216022947	0.958839280892603	0.7212519770818054	0.06929954175991042	-0.24559700399521442	-0.12435644220619098	0.5680410248702575	1.663854837263813	1.0570739492012793	-0.13775812983959307
-1.777463235547354	-1.486168081652989	-1.626780137886897	-1.2590244543607139	-0.38360512319054585	0.1080219140143468	-1.4348199958547765	-0.9862829271054364	-1.1380555776080727	-1.0015222795574368	0.8603046365533783	1.5685984508690614	0.547514948577991	-1.0039013151053253
1.863298558314829	1.7198221473429394	0.8939672078771307	1.5561978145565734	2.4065416751056135	2.1534204331535163	0.664315854950806	0.3439537966448233	-0.9945817380546856	-0.43403533426061963	1.523619123181528	1.141223530062093	0.8692315083649867	1.339603567683048
0.36469261345261206	1.758346877834522	1.8620621691159174	2.2091679639757125	2.4213619174954077	1.186973626459955	-2.4391047366632397	-0.20719035485415394	-0.012660201011044545	0.009290583972031606	0.9406414687988859	-1.0486970568043574	0.9300999824199593	1.6966410942630223
0.8433450513642418	1.64265474076368	0.8402134512994973	0.044569227581978677	0.8890305490477789	1.80163991420302	-0.3818934245501204	0.9245839378545693	-0.3304665349016683	-2.1108589591317806	-0.32658519351398874	1.0373716480164235	0.4457324134699322	0.9987578953569521
3.1220154456060825	1.234484131156988	2.7335461408955046	2.1944463922136306	1.7858370476288101	2.257265586615309	1.9397312396455444	-1.1349834811926878	1.32293444953801	0.12969102671925947	-0.216134958859461	0.20179924791740192	-0.1095541456675443	1.9373850490061095
0.8513112982855876	-1.0336727971150366	1.2011000779503072	-0.2145198375045336	-0.2029999241151478	-0.7362534084452189	1.1135636081351552	-1.0720638239846962	0.9288258302171843	-0.36981728079958726	0.02528127178309346	-1.100909573204929	-1.8283460680751642	-0.02476528910918598
0.7643538392231484	1.8588160937160283	1.8579691815801684	3.0945874705252385	0.49362480324688196	0.7285890592076152	-0.5727284842922254	1.0984245882393326	0.9747350875076487	2.381149514287979	-1.068280541651037	-0.4506743838667198	1.2853877650662457	0.9426837877591795
2.3111940073909736	3.6390970191969934	3.109440594531914	2.6658003440143365	4.156217348809886	2.8946612604445696	-0.7081231393686505	1.6594934602993692	0.6752782342881798	-0.3052037064080676	2.5205505301772546	0.013833568244773428	-0.24455594464631902	2.6923121319466357
1.734825410390949	2.014409544336093	1.4931484354684803	1.4933362782489383	2.13079430591279	2.920679996942914	-0.0512828310014765	0.4149694606784913	-0.4539384945018233	-0.7868193452704348	0.6089440633022575	1.5919475287120863	-0.0004181463565033568	1.7655114972002992
-0.19499499531518694	-1.8997351158813953	-0.96632901599805	-1.3364326088425607	-0.8104670582480369	-0.0002675413926915837	1.196024476573967	-1.5052063675501244	-0.03930162543621078	-0.9072503765541884	0.3096451449053433	1.2617747654591145	-0.22063601982900188	-0.9524840913855203
0.32578039596001196	-0.05793976643073584	-0.40037737982948607	-0.39587604131931625	-0.14953953896396505	0.14149648243613053	0.7941463181945178	0.4369346605778949	-0.36091198311252043	-0.4906789807001383	0.2787403134629289	0.31637580232598783	-0.46506573044404315	-0.22708741668866408
0.03354846913768883	-0.8080442493704001	0.15688952208972962	0.14535995764919618	0.49505922718381773	0.3891970543543195	-0.5686619988798692	-0.9235632788195026	-1.3716019635240568	-0.05602445075512266	0.8687100160077152	0.5427941403103472	-2.0335321019111463	0.15280013830353073
-1.3020825039198027	-1.0998358201778995	-0.7880322697398167	-2.399622332569952	-1.3317795844458087	-1.3714214159765892	-0.45895592787726963	-0.1653602644766018	0.43423187972089755	-2.7393731734778273	-0.5400773961428734	-0.6924890512131123	0.6011994051263002	-1.1208595425171985
-0.013033228561703164	0.6443988964221147	-0.45303148500865065	-0.3914211962108683	0.9698281197737211	0.7484886457265041	-0.3931038473014089	0.6902933741155827	-1.069146752843158	-1.38569005806712	1.2341259133869007	0.6440797288443778	0.29709984297099423	0.17080290335856624
0.3567816480821133	0.7044147341698113	-0.8841146171934163	0.6881188051312593	-0.021360292290793018	0.1729284928614297	0.6725997280853482	1.2111480224085525	-1.3551929697755172	0.7820143021675667	0.0121735585219158	0.2397733094308984	0.5798512350315917	-0.13824432628163852
1.959409337147724	2.222085597112716	0.05792807171219716	1.4885904931086076	1.1400536201926164	1.3699213856768968	1.6467118592014616	2.072259416800995	-1.4651958246738706	0.500266853234675	0.2703086337714847	0.43185543240195046	0.29609291963739587	0.91951136310464
2.3394835441342408	0.623433595344931	1.3517990449768083	1.1868513543423558	1.3947464178071338	2.0987306281619325	1.3064717317925592	-1.0719870907053446	-0.3704173213699543	-0.5562614781996831	0.18209864466153408	0.8846245229368963	-0.8368313057948692	1.4339921109271117
-0.19515692314510796	-1.7671150567933993	0.33329571400508656	-1.1616773632251762	-0.9034303801644191	-0.6309333276989705	-0.1285173522480034	-2.427036680961877	0.7996127651845331	-1.791589041909365	-0.9959683639100347	-0.9985594683020064	-0.5354252824579858	-0.20380799172467606
0.5227999621903829	0.32645770182683986	0.5442920088722081	1.666279805553142	0.3969387318107572	0.942853139533571	0.5636647307958484	0.05026513659085238	0.19091142362772412	1.3371546899231979	0.3224364097717356	1.5258874569450356	1.4577226498920373	0.004754089893920937
1.1673626983748862	0.11353866292124853	0.6816983389892942	0.11744825595753294	0.4168502861580648	0.7480124626708531	1.0200693249418338	-0.6082267278625962	0.25821930807823074	-0.9413507828654659	-0.10315787360968826	0.0555958540085723	-0.2010422758420116	0.5186831548072086
-0.44100151914912145	0.8851606827747625	1.1384994260827912	1.589704256852571	-0.34374417570862237	0.8390579222383142	-1.5839217799289589	0.5287867842666952	0.9602600359648501	1.1462468482596517	-1.470804791464318	0.5877369500722079	0.9714593953307952	0.37359673314858627
1.1758048877109402	1.253950610268002	1.8309084003983676	1.641656432597129	1.5953949943692698	0.47624367572721205	-0.44916963874204147	-0.5156737337852005	0.18863630171417753	-0.876098017880249	0.22428869458569858	-1.328191886829981	1.510870339931731	1.261180782552776
1.277106091597358	-1.3828103674555037	0.36010242197573794	0.12797538448244197	-0.7271037842667146	-0.17965978441045766	1.777576173715941	-2.43235198147641	0.3085376687016285	-0.26706906958977417	-1.3421115251075701	-0.8593542041678018	-0.3613332668729868	0.14886747480493978
-0.6029314669161743	-0.2593032763835312	-1.5813345066891609	-0.13222075042171952	-1.0952219765256872	-0.42048363177508363	0.3171989478135784	0.6986498176683846	-1.7437793369928187	-0.06441387901122655	-0.5321338488091005	0.8954063828704693	1.4834283463758107	-0.9751788362597241
-0.8230878534303643	-1.0438131985082955	-1.097597259905932	-1.0097495858082608	-1.4310192912937034	-0.9347856872252684	0.4788561197168688	0.16772254732137903	0.04659930847166463	-0.11006096881188598	-0.47765738202820196	-0.0116065534023727	-0.08689812536841486	-1.1270671018274399
-0.5852537313368428	0.1254603175996436	0.1680155199257525	0.8756333000787233	0.08609583198929924	0.8761856321653054	-1.2288178668484335	-0.04860557753389392	0.06925772733132148	0.8632744968659541	-0.11394257949371364	0.9305728935502566	0.16956680397560178	0.12071030332485959
-1.6678265832994597	-2.1013420665710854	-1.9863747753794114	-2.5243177267337	-2.5467780969358227	-1.1775680502543364	-0.28686967364236654	-0.5357397196128536	-0.8428051875699689	-1.661099714075354	-1.3078970783811887	0.5030201957709278	-0.8213753667409254	-1.6156231614551881
-0.07426888690401345	0.04694618099274968	-0.6986472532746265	-0.5135409457085677	0.1531478326298388	0.24555423953903194	-0.10689857115334044	0.20679667840958302	-1.104095145998769	-1.0654645811751726	0.383505589108464	0.15142170289669732	-0.1743206224698862	-0.042267701559022895
1.4684054024387074	1.2392914656146368	1.870038388332996	2.2407709321657476	1.098048558250262	2.704589836645953	-0.46709413196727656	-0.8550469093526478	0.2502536488126548	0.47334708165699846	-1.0899836142043615	1.328548904440617	0.20363377537936436	1.7115928561503526
-0.16176039174266232	0.7812136516165538	1.1790830115363253	0.780814022894132	0.35279220218687685	0.46753127390950316	-1.3461145026551127	0.893630006097684	0.6643026897432455	0.39001069612440536	0.08792924131179054	-0.1502006270471957	-1.2109438180905219	0.4872244115760478
-1.1075454129585738	-1.1914396683751791	0.18864918407879216	0.12269064539259916	-0.9848089905791946	-0.49952732221516993	-1.5266899442934345	-0.7846353606139547	0.0359853755318662	0.7874335748358268	-0.6635098301156481	-0.15509378086918404	-1.6653133846703099	-0.38759577507274423
2.1540298929166624	-0.2086868699251465	0.9105989873302712	0.48679653385190075	0.526833184760799	1.5337797998531937	1.953339698538059	-1.2760836453013051	-0.40093296861891314	-0.6398399541400666	-0.16107655265315612	1.1055933997224499	-1.2947081256376796	0.8159049423831725
-0.08992045153366124	-0.06968049941386045	-0.9994373245346961	-0.6568990211734158	-1.860004510976653	-1.7251493152517705	1.002246793303165	1.7313270275055597	-0.7761744402373222	0.23630739309596163	-1.3569050508408789	-1.5498421179783775	-1.267404955754189	-0.8549957247663584
-0.7469572471368905	0.2316020408481457	1.8238939090069044	0.5805349568564477	0.11153711333827027	0.021850509863767686	-1.9156370275612584	-0.299072592332165	2.4276399470542653	-0.07027546216049775	-0.49731806612836	-0.8570785985504468	0.32302055872361324	0.34644148450272205
2.22957025178334	0.4646735196869022	2.309323599488433	1.1134488285848891	1.101828390270885	1.703332610321278	1.5491428329134604	-1.178894421188473	1.7411774845919454	-0.4486187185959672	-0.11922591682046656	0.4569749471736353	-0.3444138094953196	1.24089293429905
0.8955794363363677	-0.18764873147895078	-0.03455689736863243	1.1877539629300522	0.7427428788870194	0.198313217383142	0.3055512352662059	-1.0936185610289817	-1.2291133038998467	0.8011192456645666	0.43902552455380095	-0.9377270314440243	-0.6924526821489341	0.607012941568225
0.07061604073068983	0.39791462820830453	0.4305630775278776	0.6823167547889247	0.925913339146264	1.2603011917528726	-0.7270975826945658	-0.37617954353749233	-0.571798297254529	-0.8961295186456393	0.6713352357830871	1.5375851224910038	1.500049252661575	0.323612503798485
-1.8462824326591805	-0.6944447765898746	-0.016724429129702234	-0.24012228564190208	-0.7608907470744403	-0.8897078679319355	-2.44021450049505	0.010029597974889642	0.538733642270441	0.32518032109911843	-0.1438633931695527	-0.824861500530039	-0.9326512501003892	-0.5139322853547306
0.7091111392216161	-0.7449258091310302	0.002752576150482633	0.3790363748961748	0.2619937997825993	0.4026704331564877	0.38792577856200133	-1.2999324309960127	-1.1132016359433157	0.03654415181530746	0.25310679934001257	0.08971336993331887	-1.3515397757675833	0.305341604620094
0.1188314516429656	-1.6156824220458144	-0.4786474714347489	-0.7509935236552346	-0.5665852324361872	-0.6189430073193432	1.5740864347507664	-1.3608974971953796	0.6137245521539711	-0.328872445393754	0.39975669383504475	0.22853612858644048	0.6063419249744737	-0.9204123087234816
1.588990039487233	1.5089368660108253	2.2296238740256356	0.920132326031932	1.0487224164014717	1.2217595783228863	0.5330002063299263	0.38800272861198015	1.6573838437349493	-0.9418330331706642	-0.3777109476280632	-0.31458090642783776	0.28718154519604144	1.218698919804429
0.7000211956308707	1.1904821542274358	1.181369405007458	1.9799181645282573	-0.9444185069481171	0.6627723282085133	0.7248401299178542	1.1671800620533035	0.1220624793965445	-0.15871381392129483	-1.857516995304871	1.2923449808463292	2.3275089608180823	0.024672324831837185
-0.1778461446511188	1.2694140230602988	0.6541108223449882	0.6111290971647889	0.8994971525189799	0.7467314799406432	-1.474285249096696	0.9247118801746276	-0.029852432199557317	-0.5232323674725977	0.30978658645015117	-0.16175942600517124	0.30718679104894997	0.6531495367457323
-0.5154961503971196	0.6252919023565549	0.5488607404780359	1.3528731379174732	2.4505907073064694	0.6970986623543147	-2.335001346041158	-0.4981114425720004	-0.564131362815916	0.25634011516540917	2.567446258009794	-0.3685587542247065	0.7567176490605059	0.7728152380876538
-1.1937402331809692	-1.2788143138407901	-0.7783936491661289	0.33581507129857335	-0.29576208464723364	0.5905080239790618	-1.3420829522808344	-1.6337089502744462	-0.9133210920500304	0.2948090025916821	0.10937923850472875	1.805571172165223	1.2687260556921818	-0.5523341548145588
0.1343452291631566	-0.8919532746854706	-0.9321234632930919	-0.7292566402414044	-1.0756933973115603	-0.6088939045519235	1.9128072827107399	0.15005632088349252	0.15692321923144217	-0.006532105341226787	-0.13991385527248723	0.5833209889023114	0.6689626050877655	-1.1157795882331192
0.32649450263506635	1.095599567232319	0.6019786757004258	0.4056907983911646	0.8065264487506277	1.5944878483989198	-0.5139070437765084	0.6293512307884607	-0.2769648601318962	-1.2331927174772843	0.23852952618833714	1.7450103004832833	1.2077031970406833	0.47644818935110606
1.6354368234071726	1.685886452104861	0.5168165033769703	0.6151300905442318	0.012482160411323107	-0.21219461842353105	1.1412435254200277	1.6150200376423711	-0.6997232373220833	-0.5620854061548696	-1.1897139467143487	-2.0319611120812326	-0.6614129675760937	0.8491570230346572
0.03908787897902603	-0.6207773108340746	-0.47517415485497766	-0.15926197363157915	-0.2831777069546134	-0.43284202749431994	0.1506067707534267	-0.9491685456549974	-0.7064906605523883	-0.5133096503707623	-0.38650253918922844	-0.9692704481248545	1.7875731884605096e-05	-0.051279758587453095
-0.47023745306020465	-1.2013543388210866	-0.7363769620018804	-0.8094370442637526	-1.0105942381029684	-0.41989082888989127	0.7097297112944494	-0.03677022874329265	0.2422869964516846	0.1966123610865867	0.25173292881027887	0.7650880488750982	-0.8182242633600321	-1.0156473489031046
1.1385492774063821	0.5929142405626526	0.7974865054671288	0.055082517150775	0.8414886859432883	1.083945778789415	1.0474568674514906	0.9911233598673942	-0.05829630788693746	-0.5065991891436827	1.2043630391687266	1.2859086864906446	-1.602646030073863	0.31876943065698876
-0.32042516650838576	-0.6432745426937801	0.03982467232384192	-0.1851004914182048	-0.5265188763616033	0.0967087744767732	-0.795132806153265	-1.0506859579991459	-0.13954229363759982	-0.6514948698410752	-0.8616343299441873	-0.270400934374049	-0.46543517752538527	0.08022406761078443
0.3597962291147471	0.6142311411523804	0.8528975106939094	-0.02303258393548957	0.3787783981898368	0.8919360873626316	-0.17937606733940564	0.31455908610010797	0.672645487070152	-1.082739754992372	-0.07793115476353353	0.4101541687933022	-0.10751349351064857	0.4469983881944454
-1.2270567777815113	-0.590993723680605	-1.3241210767816807	-1.280319624115756	-2.059771405581488	-1.112101439853102	0.09297073918754398	1.0925391663499786	-0.06354226150550418	-0.504469505008886	-1.3344342202439203	0.21861445055658693	0.72936328838999	-1.3923898811685902
1.378272729542817	0.9125140070103781	1.7293939609025426	2.064578796771249	0.4471005655187838	0.3655371505970364	0.6786538328765209	-0.46874399018831714	-0.1165792465951316	-1.1382864450800478	-0.7204898973502845	-0.3855164869419281	2.3104986988896914	0.7316606613454303
-1.7540939326877747	-1.657506942895646	-0.8998284411666116	-0.7195214688275412	-1.3547061333616401	-2.1205858790092593	-0.8564205766419739	-0.826527985434662	0.3716359215038954	0.055547058422043806	-0.23953521032103575	-1.3407711653223957	1.1662587994387017	-1.3948419115225892
-0.42332577968942636	0.17109350163517628	-0.7699067172413013	-0.2810047399969992	0.37324276419244695	-1.0633411785001323	0.11683458445524904	1.107124340149898	-0.44526742958590365	0.019864026736975505	1.444046873272532	-1.2663901156602617	0.05036212923618526	-0.5032535283019995
0.24331922841863907	0.7193983426028399	1.4811141151338747	0.6352764469748029	0.20947058728750942	-0.29149029990721276	-0.9500926576534865	0.9299572260727053	-0.007858381581730151	0.04265006552955662	-0.34301395261161943	-1.2875926219882368	-2.12145487956945	0.5857149828731067
0.031043437979117794	-0.4924551879306315	0.4203328132659502	-1.301520123185534	1.1207704781993792	0.3032652719762664	0.4551980568451589	-0.4248800283202329	1.1552299642562762	-2.11607555089464	2.2644921255389163	0.6528953141512066	0.22868831898832445	-0.28326483473615666
-1.1177795930231673	0.3544956228991747	0.5848407167902574	-0.2670549669686538	-0.8016437525496732	0.2740252144699199	-1.9141249196473171	0.6612303003286495	0.9695880213153751	-0.7136968277282194	-1.2660514322080683	0.1363367199409405	-0.19040010609445654	-0.0041625360791237255
-1.2173465882593315	-1.0352109687419244	0.9763666772223455	1.3314931473880633	-0.16339483501253343	-0.4698984682160652	-1.3691823304160071	-1.3435556398246105	1.4411968406592768	1.0099620799248956	0.4263678512583434	0.33825114227840536	1.8977234305719024	-0.6086222709615386
-1.1629264212899697	-0.766917733311886	-0.018336580357444954	0.019348049981478876	-0.6428490924431283	-0.529826856968983	-1.3719412263532638	0.05007758380569256	0.16826225817677065	0.8097825830461594	0.11660586748238405	-0.07812790413236304	-1.4074463928663816	-0.5154750050220251
-1.9275391167049576	-0.6306659564868811	0.014566832315993178	-1.3541079770720765	0.4298295640317247	-1.553799897995897	-2.500773481534143	0.6935568878212637	-0.23107140376366878	-1.2239610550207356	2.097477288652352	-1.3729510310499498	-2.0000097637347674	-0.6467981364326857
-1.1145854482510698	0.016107610717294607	0.20961197705084889	-0.2462078453677533	-1.192803539429696	-1.2208245931673114	0.09821781698123189	1.8972845873530821	2.2508468361820193	0.9421523988503724	-0.07917571855055575	-0.07383421320133773	0.8960240967175594	-1.3014679610380664
2.7298218254699256	3.101440360167196	2.468869050417144	3.187444497569473	2.810736085427553	3.6154490593322546	-0.4681298577426748	0.5818898503402762	-0.9005890615957095	0.3197376607018353	0.07558473446219142	0.9458806133172292	-0.7387817350355532	2.900062796970141
-0.4322762502481982	-0.3081465256814466	-0.22749364066393057	0.03768906800638877	-1.5601834475781375	0.2628494874823526	-0.011722571500411862	0.02505198712458932	-0.012726440254209026	-0.2591295960990265	-1.9301576928431947	1.3705637691390016	1.3755567983997241	-0.598289077636145
-1.0491972605514783	-0.3725218581350358	-0.1240866605588874	-1.2892058802811828	-0.5373066299003808	-0.11576387608680594	-0.05518677489570479	1.0547209857980355	1.5459731942954582	-0.831485088305519	0.7827475333589532	1.292618374438261	0.3642820483927267	-1.0782108592924025
0.018034435264700777	0.288850686856797	-0.8303152483226218	0.9644108681892871	0.0752646336425534	-0.3816483005365825	-0.26977626214431877	0.1577185971879021	-1.625973268790055	0.9149998339856199	-0.19395504930221671	-1.1205811402169643	0.4275712623554923	0.10870527607295724
2.7451083417021174	1.6131111028448437	2.1508280923380556	3.661517481698191	1.8741771225246646	1.7387628975173044	0.648721068810559	-1.3101471581130995	-0.362626933170158	1.6246116223768547	-0.8464788257744218	-1.0606305254300066	0.8098778350208927	2.237223830708525
1.1155146193477248	2.377823059901457	1.1447407672638186	1.3651748278077758	0.8621563789818514	1.1150079155472006	-0.3350057358135172	1.7749761943901354	-0.2832636240407707	-0.2461183260202217	-0.751134984060401	-0.6661091791197536	-0.009222929672778003	1.3146819292019312
0.40347391808987204	-0.06767607708801451	1.5484879592657057	-0.2112803265170855	0.002660855090434733	1.3297868893692608	-0.4073036211801217	-0.36354011540066417	1.011636630456671	-1.1904751907582214	-0.4299394552717158	1.4419665053077375	-1.5506803612939284	0.46058406441116967
1.5482321687866059	1.35771701378727	2.147618854353156	2.0097800503540224	1.2240587536334027	0.1208963557221957	0.8107273055461643	0.2929470074983788	1.3403025418511223	0.3523501309980791	0.2465906580268729	-1.2731350872191363	1.5283202807351408	0.8762847531412146
3.1343652121970615	2.6012179224746568	2.739221144245237	2.8019734680151283	2.3648804010885454	2.056720695843426	0.8642979697931492	-0.1574616898553865	0.0026911680386681154	-0.5127565522828693	-0.4666575183339143	-0.7999413034333891	1.1779067304362294	2.460113590300643
0.7691429772450833	-0.2830259434925973	-0.4948972742269315	-0.15146246872095384	-1.0669312473069483	0.9271965310484384	1.5289368840075703	0.1723902120189866	-0.5577956899141728	-0.0030962444064522618	-1.1508374448146295	1.704161380761827	-0.6752451030009896	-0.2514110501037913
0.6396627650140801	-1.3810608187926174	-0.6848738847509259	-0.37498052761846223	-0.78444857213725	-0.5694715674269744	2.0408152661495156	-1.2897548668081393	-0.1494257474874927	0.05318591994001087	-0.2954112632646814	-0.2888129326227029	-0.05672911927302428	-0.5958620748531289
1.6632794227005383	1.48224577524278	0.8725943685372674	1.6788702916837774	0.2046894655764363	0.5211280813340313	1.455384778018553	1.1004426489604568	0.15734513745119258	0.9980964329121392	-1.0120313823777238	-0.5360225024529878	0.6761689558356669	0.6867463946993726
-0.8272473456485502	-0.751848915595919	-0.4185730166097951	0.7761552517249566	0.6617423167007676	0.09452497454330674	-0.9455429939927781	-0.34667791005447995	-0.2891202332315277	1.7797595115703586	1.9796369802974698	0.5631605243413609	-0.8204947801721	-0.3797432135288111
2.4926507376103135	3.0688588382909274	3.7010787474451186	2.061448071824212	3.0094994072273082	2.018119484447646	-0.9494861119735764	0.7613924911172993	0.7163214315092901	-1.4622751278817518	0.5288878815199584	-1.5130722089475395	-1.3831656126307594	2.8886564661466996
2.330417327523072	0.990489948659178	0.8357340858393931	1.4620140981394525	1.0366922604638265	0.2149096331337057	2.56871348617032	0.5407887581079612	0.13634628676724078	0.9769845070247662	0.6157999252543338	-1.1772804736520592	-0.33039032985893835	0.732094759766189
0.200158447900472	-1.3024799568033476	-0.0024748733913136783	-0.12856249931936292	-0.07491998395308325	0.5608130100645132	0.5578831663021753	-1.3841762379109939	0.11991418407485316	0.11725328660896116	0.6095380449770595	1.2080954427634316	-0.9959124810972829	-0.2727917178372948
0.8417179101002614	-0.1251143129603538	0.8275249501442449	1.602568790238436	-0.14700078368598163	-0.48474014765808704	1.1209310428484849	-0.8014293751977829	0.07178053858277149	0.17857185523790867	-0.4517645075098357	-0.5655968315416872	2.047115565877782	-0.0536798010172406
-0.6622647453559614	-1.2018766673908252	-0.7422923233255734	-0.980351886323005	0.5171251800359548	-0.9143834399646243	0.5647203470075444	-0.42605782686628746	0.3605447555232145	-0.5935954497777938	2.482239287174238	0.16605559129953218	0.9337210776037445	-1.1329861867918016
1.616690032393254	1.48133674842722	1.747160722760833	0.39209390569904357	0.8392649092637663	1.1901215725261824	0.8747631410233279	0.5451333457087738	0.9846322101368611	-1.849103542452257	-0.47051694958500845	0.2194701627052322	1.0105127602556114	0.9521541889508334
0.9572123414053326	1.9900007476604342	2.013826006839822	-0.020933673596116975	2.2225177523076463	1.8227797893228606	0.23792338224120307	2.1585072411966144	2.0573606974423995	-1.5417757095571103	2.544222723345782	1.4567040580533592	-0.3201011688563697	0.7589166367137394
-0.1005265854716606	-1.3387905981907144	-2.005684744089363	-0.4933330043206846	-0.5650157418618384	-0.34546802376284996	1.181848916491248	-0.9231444114464523	-1.9535949060493703	0.08316315486393092	0.3773006618153025	0.6484292600240017	0.5829503123292029	-0.9014940137886837
-1.4467121549421857	-0.7891239193112781	-0.1798704954724254	-1.5272187597042397	-0.7533564919680975	-0.7493853319275647	-0.8225159061737188	0.26279267990217287	1.3446466624719282	-1.3145234958559315	0.3235538507119872	0.09980644884301679	0.27482191162327163	-1.0017639095772362
1.2806106172470042	1.0441044041483343	-0.4484548027830586	-0.17359536179022123	-0.29600029689790897	0.8491210662274264	2.2853990602683463	1.8106150385075208	-0.6381016962993308	-0.7223010262185666	-0.3882371617199089	1.5578666205589333	0.8651769020126953	-0.21529999935871713
-0.8015497926616477	-1.049516983841158	-0.07277849577071832	-1.2419590094981388	-0.3109537932484135	-0.21096687163799616	-0.7310100217161463	-0.642785012939861	0.43769789018017274	-1.394256812568331	0.5522643362782615	0.2494206578473211	-0.875588503511169	-0.4887282753750077
0.30301871029196537	1.1428233166798045	0.7613100146181107	0.6714279249536568	-0.7322667300879285	0.0746528990310312	0.1188696771374304	1.96442232416034	0.876074389427169	0.7681410930505777	-1.1851489548191554	-0.3116149570486922	-0.7678632788637123	0.11774257795634306
-0.12019611928265816	0.710484733576812	1.9615879510061973	1.3176484237092927	0.12497447905061243	0.860816260803487	-2.051436764051092	0.056022888902127026	1.1141032562215951	0.5376511386684201	-1.0382244993442749	-0.21620261317653297	-1.3251780694465192	0.9419066141248396
0.8644834918050217	1.2328929978751821	0.2815502754813237	0.8914962746026909	0.07124395806049033	1.1206579933051741	0.514356769685559	1.050309021449823	-0.49244597643827714	-0.014628861162425606	-0.8530198411408109	0.9257972036462153	0.848642197238096	0.4329791455576693
-0.17010677289782955	-1.0537754789177711	1.145029569140751	-0.9660989175954257	-0.8311399516525794	-0.7625462732486479	0.6683295596661596	0.13573641374318587	2.130624380525737	-0.37138095344049177	0.23413285944295587	0.09690893364788948	-1.793329749500703	-0.7765513772635421
0.3752386406225634	0.7817494504923417	0.18637899869497096	0.14654351327932588	0.0344548112090898	-1.5914062114194831	0.998634812355946	1.60237057830805	0.6591996793172152	0.06002178061145331	0.3865406674125477	-2.3067279033873156	0.8204066759380191	-0.3437542316800921
-0.6763851452755258	0.361221555442116	0.8510947184485671	-0.16758538225341985	-0.2751193476874418	-0.8979259131382377	-0.24638491658594389	1.8541704815639213	2.3306316749271683	0.5857717035725625	0.7801791137169479	-0.723330096478451	-0.6269348849612006	-0.6258937565039966
1.305288360849212	0.6720078768863078	2.1158453819120653	0.28476444542695284	0.277622354625765	0.5258384408731385	1.2022661050354995	0.6468525914253669	2.5084318949515745	-0.4287372978816156	-0.046007145682762235	-0.10192073788148752	-0.8727525685826139	0.45844683574761047
-1.592967317799684	-1.5554930779926872	-1.682992090751418	-2.2418204034416647	-0.5247493467219213	-1.863785813018451	0.40678753154460706	0.435674961091081	0.30639830273942076	-1.0951609234502293	2.161213162654652	-0.194933514893298	0.5183005809013291	-1.9205581708276016
1.5569817788946452	1.4225603446337622	1.740319128701354	0.8386691777000583	0.8996303701181106	1.1523681123914316	0.9315534708251205	0.6964908478981299	1.293249073201566	-0.6243418780926576	-0.17384783839676987	0.019036762330012662	0.27972915665560827	0.9487200045637627
-0.15164371295871854	0.015498029963037618	1.2981406116936451	1.0304018982310132	0.3517098046671751	0.9695693063139924	-0.5243327398638721	0.20794570602723647	1.8804138879807604	1.4861276627280835	0.7424456094617112	1.3008084067812786	-0.7828906277592277	0.04730873189854128
-1.821220106498228	-2.227761706650411	-1.164269997208227	-0.9720015554867079	-1.0295939616101497	-2.1944092761740874	-0.9993831774929421	-1.6887715071402296	0.15240968910710326	0.05530341300022607	0.309530140848866	-1.8557429990998378	0.29044103820422973	-1.2725870100071193
0.24039033339345328	-0.0780422246867934	0.33618102007121564	0.2746834818817138	-1.7888374596284327	-0.12180765725903753	1.2913949715802446	0.7428387362090293	1.5103541390346686	0.9723966111953172	-2.1058309188140636	0.4796134043948448	0.36372815656516794	-0.5964910977252446
1.107873666617873	1.9614181297092552	1.8795144929588117	2.340172894068756	0.5687639387597305	1.7151512189549634	-0.8812758913035253	0.9685067336663677	0.40921105850251266	1.1954110374765465	-1.3738162528080804	0.06609105518643735	-0.7322211009958188	1.5267583097085984
0.38192399768913066	-0.610112642504075	-0.431752026748348	-0.44564767374066383	-1.3841105707509638	-0.42738701024887	0.9074494662935118	-0.49336461343302407	-0.3902728525074427	-0.5774128010106779	-1.7872255654811062	-0.6316816472061788	-0.4124296115327972	-0.23160795213770125
1.0380912178632933	-0.5455167473668896	1.9538158078094223	1.8479031875623173	0.9233727833861531	0.5115275239080971	0.6116373905432761	-2.2363129385166047	1.6312716526522548	0.6744251084973678	0.40168214938133007	0.048186615951685684	1.5695368167459134	0.4823636523938905
0.6281323617011388	0.8550585547542555	1.305405390002657	1.391880619741252	0.01793563061391279	0.9357168140062747	0.4752634083067665	0.7117105389985119	1.370372783887517	0.8799576150379509	-0.5887443405815928	1.1415469392716144	1.2250844375484777	0.18301534384545276
0.4357419482099901	0.8054243955158111	0.4502169738542042	1.9653875475403058	0.8317457510153773	1.5571895520808257	-0.9407032720899675	-0.35581385977606517	-0.8644947783771014	1.1950633030685407	-0.30518330234644836	0.7700961153355202	0.497623554108654	0.9193880005597194
-0.42299679569167925	-0.7515268369932157	0.2234796562845592	1.7930326067964597	-0.08193941324121806	-1.133619904384601	-0.05965052208488199	-0.9014355265287839	0.08473612965319877	1.602006109234327	0.5649710229361226	-0.7508063554727442	1.9719094733858216	-0.6050474157531097
1.3577133715700083	0.1423433317601583	0.3307932167031654	1.4521359855694864	1.3640395588193495	0.17808228535899784	1.3972946938231963	-0.6896084673580741	-0.31055105511727793	1.0433324590383832	1.3679957879337319	-0.6324956972649198	0.7346852956464193	0.40917135304571883
-1.0269305141655156	-1.121617694977953	-1.4610324206561334	-1.639286063469668	-1.848090676158946	-1.987365356278514	0.9506740727875433	0.7716388269909893	0.28598067013678613	-0.4551648974173806	-0.4356091615058019	-0.844730710361763	0.40049702430727474	-1.6647003960340014
-0.29589949609036315	0.7304565124246828	1.6675162372457804	1.6086510037648536	1.2226552613205437	0.783915869089886	-1.945263226519352	-0.23806583333053963	1.3661104322352893	0.8883343251115751	0.5824512656961487	-0.42870484960280203	0.14961474430564034	0.8433730635618785
1.5180471291932438	2.324449035207222	3.702098402062851	5.028818811948836	1.016357689526957	0.8709067231197246	-0.5784748059293822	0.24721066384589713	0.672229605402042	-0.46080875863308046	-1.0319458166063051	-0.8762737162663887	2.9214024881480793	1.5918421392700677
0.4444800713423696	0.03396291322428446	0.7346430032154838	-0.8738023289036174	1.171410757237727	1.3506001554448552	0.2033341580151838	-0.4442490889400652	0.7039631685072116	-2.291031475394427	1.4514877367973675	1.3987742559410383	-0.055665076835107574	0.3116453819553451
0.35138704059993575	0.24873004812601357	-0.09379924106935719	0.5174001113735898	0.5844143140095077	-0.5171825044811945	1.2929579944666931	0.9667426054440168	0.2674902699078472	0.627479008603438	1.6376175778911624	0.03238518065561469	1.2969382414162687	-0.5907031634236503
-1.6335055884754	-0.7276047657213223	-1.0216858525121006	0.3077271829815721	-1.1624237695129769	0.09694411795241598	-1.5471155301743644	-0.16719165771415534	-0.7190629893127212	0.8819336377563319	-0.8108837411094101	1.4604204625361148	1.159703388532911	-0.8592304487994112
0.48213582885127537	0.2903128269930422	2.0772059916237517	2.5710257054872585	1.448157476789211	0.9301869237907998	-1.394239085845122	-1.9832120325478277	0.4636584155720371	0.3005475934421335	0.24613372105527706	-0.2030724445565524	1.8578860330653508	1.1086628399086684
0.07089729430129724	-0.5173927240492148	0.008514864843764403	-0.08619380593652048	-0.16251735788434804	-1.1692558692073989	-0.28457152429283916	-1.2739464378737775	-0.33508578678743395	-0.8998707053897526	-0.6816315464877137	-2.6004008675572177	0.2490896749715846	0.19715720368073483
-1.2345587187634217	-0.8266048270703613	-1.4035767407583593	0.5274698834396532	-0.5567833807735164	-1.324446235582018	-0.3481033766812839	0.09115148186519656	-1.2866640651414631	1.0533810191015347	0.786155990525964	-0.11293789521507808	1.724167910288449	-1.226129298247169
0.24591956590056518	1.3606351174369609	0.14465004869871112	0.8504483947472705	0.4271085821052364	1.8776209299054285	-0.7291491259364327	1.1109904988896186	-0.8386268804706438	-0.0974489033057216	-0.44225963489422576	1.7817620586235607	0.3624253134129017	0.6215557554206094
-2.1205598140687694	-1.9913122269306638	-1.2876545712354526	-1.8840420805178388	-2.1937329386384032	-2.4549389888190953	0.10157260446313433	0.23321194920700908	1.4397642111134192	-0.10091628206513105	-0.06706304392124354	-0.4552838480569775	0.8855275512292562	-2.3083449067007207
0.4385930566178325	-0.9813811935490935	-0.8988007871550865	-0.4717562291346325	-0.32677407174585477	0.887204813160105	1.282076207097709	-1.0850563864975589	-0.9297191235894463	-0.5695526689988561	0.005965383462285123	1.7152069456328414	0.05627683940806398	-0.34160272953217097
2.0645452253200642	-0.517317083615537	0.7790997163219564	0.23231283463836605	0.5649655870737232	0.5288471467004277	2.1447226346756056	-1.8822390587674782	0.05837620949565978	-0.9958912297855363	-0.08358215931337287	-0.5895440064230948	-0.45406404129809474	0.702839159904569
-0.5249215588049748	0.584668317603885	-1.0041170611076558	-0.812414252389221	0.05247894273168652	-0.24412715434984072	0.01667475161243452	1.847903348599324	-0.7226742860649393	-0.8393020460461916	0.9636390447906912	0.27757601269403437	0.3665608362020915	-0.5973858587961276
0.24836150835701518	-0.3833804151478306	-1.208679512279271	1.1916721587951704	-0.6215914999532834	0.7482792302072646	0.6889780256133591	-0.09383873791239566	-1.682618955883989	2.169508768391086	-0.4956501227327298	1.34337723626068	-0.4433160489769996	-0.23841396260499326
-1.107369983507603	-0.923514024907634	-0.8822861916805562	-1.1046756337657617	-1.4966255727511997	-0.9291524182834161	-1.3547886179775799	-0.36628343170494404	-1.223244500069018	-1.1779748679819773	-1.4195039895631116	-0.8972765141566177	-1.2398340068028357	-0.4557771645241004
0.28973583730263464	1.3834504215358079	1.0646397684457116	2.279733605574153	1.5325067306522633	-0.04984329090380224	-0.9887095331913721	0.7669004707547766	0.293445828479284	1.7950224971363904	1.040540879903029	-1.6010244832760427	0.7762438440508611	0.7680613702727696
0.5738797173105343	0.49974025765975166	0.7900609565193786	1.7013268410148052	0.19964778773730127	-0.4889743786787808	0.4458905297351287	0.004186672184698788	-0.2597223410480139	0.0342753751095571	-0.09416007015982225	-0.7884504400459007	2.079028351232578	0.08142258410241673
1.6742384948786997	1.7651307055345642	0.8398032735059164	1.02531574223845	1.009743553710995	0.3397388014976849	1.366953034116771	1.4279411922097414	-0.09198720559133518	-0.3388774002656729	0.2114827721101022	-0.8382158736423534	0.9279579807177215	0.7227743940651752
-0.3356666962129752	0.010198771928032924	0.6520075019238742	0.5874263806310412	-0.010039097898857041	-0.17983116657549958	-1.7330288862651047	-0.5300794844893745	-0.2578251846685358	-0.05136564306858288	-0.6381500246442691	-1.3655381299934746	-1.1255093818605573	0.553348338993769
-0.3855394429488397	-0.6813010094548577	-0.5177831830523695	0.5188536330687366	-0.2603182969000374	0.6974572736845779	-0.6705118553806492	-1.1661874714538962	-0.8550379902699319	0.4976180362484212	-0.4644168169764662	0.8459692302300816	0.1337477802653643	-0.008338082635592867
0.46428488868219614	0.4868775384325763	0.4936026998427183	0.24858095379826795	-0.07277643442976511	-0.9606967025550225	0.10566513572302005	0.08344343532602537	0.16116194573329026	-0.7601724903840117	-0.8287205005786996	-2.3372041841809854	0.724655905395152	0.29188029615793065
-1.3416883789143772	-1.3119774629240595	0.12152058422448742	-0.233858488095891	-0.4499325241728312	-0.6464277100035584	-1.2351134998248572	-0.6569485279358479	1.1349064053572335	0.6986084314609443	0.7371390150077931	-0.05690802534299382	-0.928959564110717	-0.7320164333404073
-1.2325864148194254	-0.7491249087730248	-1.5572922308826138	-1.3242817040867336	-1.340514090498903	-0.3385803386516515	0.1693991657423769	1.3664143980153312	-0.3490789039128822	0.014838466479107066	0.36483365606441537	1.5667698245275927	-0.664320958858293	-1.4361093558105649
0.8808094461166771	-0.37690201925583244	1.4097681884312734	0.1878660151638667	0.44615678072597253	-0.47740566626106795	0.6748886433956306	-0.3765722222139412	0.5564715318319685	-0.15478244065440178	0.6189129672469763	-1.072887057390204	-2.0267013627054937	0.254381586613631
1.7814527567305714	1.6612853566053414	0.7437585398345815	2.464082137605751	1.1714628534769678	1.8265301414040849	0.4523458707572797	0.13126895708353317	-1.437933270197765	0.8289934334724585	-0.6139909122143544	0.6273531841065085	1.1082537282993794	1.3608732366953455
-0.19580447715674054	-1.4842004118283953	-0.4615148678465519	0.12243922698313003	-0.5389312528349337	-1.9702546400491978	1.203087700781756	0.2504471164052231	-0.7061158573511109	2.1072187906245934	1.268698813929953	-1.110643112188443	-2.36934080254999	-1.1606005211615313
2.4018044578994244	2.696423238113246	2.1110133720103197	1.8353393492236902	3.1164056226868757	2.230535222039849	-0.07594999015533338	0.9342449902469854	-0.6210440757528369	-0.9384535974136168	1.594017430192907	-0.35016813964824656	-0.9102545399624975	2.317927151957554
-0.3016264477553253	0.4125294788381111	-0.21387969875291138	0.5102083017377883	-0.44923527418294706	-0.13073298272878162	-0.47313070684585623	0.6205542299748845	-0.41233980448108304	0.22985026838454498	-0.7680065373457696	-0.1527537237333057	0.9654419570825027	-0.15289145056332018
1.3642201628097035	2.0907110350489537	0.8940889345132929	2.417537505371949	2.4429039672069943	1.8538822515529778	-0.49598756977886094	0.6904777101430367	-1.2220809027303983	0.8656654677655766	1.2819165621007609	0.13725767214613194	0.43243273024606294	1.589937862913919
0.02245680997851053	-0.8393830835753963	-0.6386811821233741	0.8902420580492587	0.5440872318261976	-0.7803938384237312	-0.139160903118342	-1.5713678694813438	-1.2389776477920553	0.978000767181997	0.7344159756353779	-1.8084789019222327	-0.006299162741007653	0.10469747066161157
1.1446356813385072	0.8658420934746924	0.06697611983999119	2.003798941549628	0.5843279977523612	-0.6582089335633352	0.3197119956003572	-0.04992385291668693	-1.4377800638515392	1.5098840316349293	-0.5192920501337124	-2.968885586282558	-0.1474864976438121	0.9252937047534671
-0.18941071652594152	-1.0020161598839348	-0.6822516410963368	-0.8150709471360946	-0.3215180269720791	0.31227079163504223	-0.5190324577596541	-1.4298888074957303	-1.3455747158404125	-1.5281187298912582	-0.3197203318990101	0.26530513259089633	-0.7632815675739258	0.008573438128288723
-2.830381266445869	-2.8162770347232122	-1.2747130029009897	-0.8212747889283593	-1.1564895440578218	-1.9463181246748267	-1.9284599000665135	-1.905173231306232	0.675917139130938	1.0862686073187613	0.8611420228821417	-0.7760807630414122	0.03680560474072569	-1.6805342168876185
1.8855049000198552	1.2696673768076057	1.584486767563802	1.31466001336667	1.8679937517453378	1.8063057711502137	0.7842382087182204	-0.1982357847122064	0.3026501838042897	-0.4573121729588034	0.7989581678018378	0.3412564602426228	-0.0669559491102399	1.4020000374569774
-0.5402878794577503	0.4021252774774827	1.2739633499882173	0.1663307346403627	0.20184907448711195	0.15472435926079242	-0.8199083225757167	0.6807346434963112	2.188060056664823	-0.18553298965340295	0.37401845602729933	0.3001545619693544	0.7953203735744249	-0.165379583335189
-0.3210575262574875	-1.3237443683967658	0.19527778255448525	-0.01366405833680906	-1.2007723335907647	-0.39715468566853596	0.4851192032272545	-0.32023981863093376	0.7821130140970999	1.2545116799103186	-0.32596593759743864	0.7004658584774667	-1.6302704655916709	-0.8055463840998713
-0.36934025720406516	-0.07466389667013391	0.4672595865666323	-1.4051849069763065	-0.5474984571659518	0.40967211767864853	-0.4638646544874804	0.026983756447052806	0.9434376957466167	-2.524175134606155	-0.7610698844058827	0.514984823052132	0.04146363471896873	-0.09914687748215935
1.1513133098075234	-1.0787851934545671	1.0659298453791746	0.5820451998427982	-0.2404543601345518	0.8597201125626489	1.5106659951505446	-1.8610275112531718	1.4089177726316922	0.5272376870714285	-0.47440109611094816	0.897846345823926	-0.5787675108725316	0.15358481547184216
-1.5586943034913785	-2.3793073207006414	-1.5774274445987102	-1.020013600227302	-1.4331784896103141	-1.7144200254815893	-0.4065663720033463	-1.554955719216073	-0.3785344282559255	0.35852779826320524	0.019466586788888043	-0.8775791918604011	-0.3544796706939341	-1.375437955032211
-0.05039325819261997	-1.7839695330305774	0.4323849649848235	-0.9809447864051661	0.37537854142294524	-0.4583633521301535	0.7922577890819273	-1.4988471582970613	1.458879873369159	-0.6310353797007224	2.0361475954365176	0.193871015922473	-1.0679896029879608	-0.6710633174547483
1.2508868158105142	1.7420255477566902	2.3842828761252894	2.559355309661456	1.396475127584885	3.907380885007151	-1.160911587248644	0.23467070337947984	0.6128954727751419	1.135552296558507	-0.3980605016220895	3.3288809701338593	-1.025323681602043	1.8062878620494107
-1.246147223279109	-1.808663355244529	-1.8490953618407149	-1.3225610864167914	-1.0504041890032507	-0.7695625427232238	0.2814665603234194	-0.6928599096428615	-0.6776246518373801	-0.2761818671999502	0.5798239481795313	0.9362052360757567	0.5461973332848041	-1.502186876115773
1.9722701622640535	0.44517186356843347	1.190970090421845	1.1224562393343553	1.617889801671652	1.6485164528189662	1.8876308253148186	-0.734956146029961	0.5518253550501176	-0.10023197788915834	1.2518552364993114	1.3307213479277553	0.8444512026787285	0.7172553106506643
-0.45981906121479676	-0.34444039429773676	-0.7945720452022373	-0.9128775777276852	-1.0957945265982023	-0.6962223452491383	0.7206561877224978	1.110096925565106	0.22100155062353494	-0.18569425965398578	-0.1439120727755124	0.10152305202927897	-0.3164728227578743	-0.9472039850852256
0.41135988171320415	0.4916663549319062	1.347620642054278	2.150722405909425	0.4784267066610746	0.8514412159757774	-0.3167971998392325	-0.19486288503569157	1.3005909532123514	2.221235782463871	-0.21555661803126874	0.1827214290146583	0.2916495239560765	0.5502541811621059
-0.1708552389967454	1.1348414912643296	0.3958650950602168	-0.10380632962190395	0.40306648553334357	-0.5997504088853186	0.25258999207140953	2.280572938182624	0.9398368212138938	-0.5388290515418752	1.1635428260731695	-0.2924696820623585	1.259819958862378	-0.4854662634177202
0.1759457545802849	0.20021389716357824	-0.13500474688334022	0.3808154451420154	0.18450276393808798	-0.42612761486523787	0.4010007143542384	0.4398410410277414	-0.08847873543922316	0.40573649995225824	0.41371374497437696	-0.9018753213083155	0.10141988362902325	-0.08397470417887125
1.3510398630949707	0.5768372778860404	2.057172773615318	1.068713432739091	1.1694021941404031	1.0588647490554164	0.2660556198357534	-0.7089045119233761	1.4918019029269036	-0.26122520274317457	0.27079802732185054	-0.3688801276017729	-0.5244794942289221	1.1070758838858505
-0.974817162031262	-2.6513476015804214	-1.4371764330314318	-0.32756157094402516	-1.7528310078414602	-2.1302780853752297	0.9397775740175004	-1.9745016580070738	0.010825161916036757	1.26103977107493	-0.40663652660550603	-0.8880306706594648	1.1040491560921326	-1.687456437994604
-0.6194754989422758	0.3592674849606584	-0.5701133872603921	0.32814257207649744	-0.2925902887032492	-0.8080436943522704	-0.8847277763380752	0.8128281361396126	-0.7735713999654185	0.4259463762539806	-0.2736602541723902	-1.4982640371531302	-0.10190883629486643	-0.10804762946413585
-1.3789253008553897	0.27471386544509213	1.4264937611699653	0.2702522396826367	1.0079788754139216	1.0471592169066435	-2.943870811335312	-0.3395253260896385	1.4612569479506348	-1.1181496976566054	0.9896295246087881	1.2782051121745808	1.2788149051626747	0.22266608006634026
1.9283302091720458	1.6291720717166618	0.9831093027474889	1.4374235206074217	0.5054246207517711	0.9366643188785343	0.7924051582856342	0.5658312775952357	-0.726384961526262	-0.11590086856992364	-1.3119855324183185	-1.0378835689366397	-0.4467496356052253	1.3790232322805656
-0.446250105381962	-0.15196957980695722	0.7057857202218956	0.15253317333036015	-0.5003143290739939	0.347180938605133	-0.7366083500220328	-0.24839455511749933	1.2166093495903105	-0.07675794212224278	-0.8288711865833447	0.2928991780462821	0.12083672907198091	-0.027100192550853816
0.44256415598542725	-1.2506866746249985	0.12047969035089978	0.3409495885581153	0.8752286947257611	0.5659932174639679	0.7580800995929802	-2.0649723949610106	0.24431883964474366	0.253376453033922	1.4782463947444195	0.656561180107425	0.0781491720261438	-0.027333072053620764
-1.5354749076965826	-0.3503080410795566	0.318343039642766	-0.8111214773517688	-1.8173571309482837	-0.3077673316981299	-1.6154226226510275	0.34641215630051864	1.5323206765468838	-0.7729349441570267	-2.0969984887419506	0.20385781569975475	0.3115063850616742	-0.6204566118722026
1.4442207173360098	0.5435143369891697	0.5693007137275691	2.3503817810236107	0.5999939441130483	1.0476608229793047	0.2411426195099364	-1.3788836058344511	-1.3714174645833273	0.9997704672026823	-1.2156795559481377	-0.32499636918127467	1.0971042287060315	1.151423654748634
1.4270760496665884	1.9019896611779432	1.202423450472445	1.6979421223544866	1.1388970082472731	0.753064430890347	0.1673937298385135	1.2875415151527596	-0.16155720816384495	0.572016081154897	0.006687079819878832	-1.0946116522578155	-0.5485538214237368	1.239175516371035
0.9925884699390592	-0.1874036860048316	-0.2167625907318727	0.9729828974892338	0.5269539055317679	-0.3435400858748118	0.9751574431475694	-1.0650246257905684	-1.0644828503997703	0.38599604447838237	0.15505365169214888	-1.2800662008996269	0.818716410296678	0.2878678074101738
0.08435171028348709	-0.15380383248809737	0.5267955494157914	0.06309738350704527	0.6062677055068724	0.05097404392896507	0.6927164728055278	0.2954809744570523	1.44374972220296	0.3233263882485995	1.5622715136126457	0.3183362518384331	0.04372084610216842	-0.33983658638276243
1.6388045953986607	2.277143866911003	4.118701607427568	2.507177468507085	1.8429166053530377	2.1515465593171457	-1.0407104567703689	1.2505207081993273	1.511997173804291	0.7899840540868153	-0.07435553551188982	0.4818626866172137	-2.4450567576479636	2.0158427935209993
-1.6174659024563993	-1.8473692471365943	-1.7809013095466004	-1.883632216428882	-1.3049502903549774	-1.2821064856842246	-0.03737156702909207	-0.3444585176245852	-0.2773739146192226	-0.7404370469417428	0.5594834246315182	0.22749699975918408	-0.11732153610082505	-1.6172298293416782
1.191390524573209	0.7484038173301487	-0.05919997292793888	0.16053435925856074	1.0765197861766271	0.0880626336370336	0.6365319273119832	0.5733797748654864	-1.6817396963173459	-0.9127722052642094	1.0253988104294545	-1.0485139792083586	-1.2254968740215262	0.6494753272151621
0.46257422144259014	-0.7373805375446445	0.07088334927423176	0.9971055755593526	-0.7322945385454939	0.0405099439502955	0.6776369915539423	-1.1106294188207877	0.08387049603887906	1.4294636145487647	-1.104349011987614	-0.2420232091980476	-0.3413202062920996	-0.0027388449937519586
0.12278287779601148	0.4671870081806184	0.373148523952075	0.2584163654042414	0.5154097396582075	-0.3604938440758574	-0.018432896020501934	0.38186799140988725	0.041972947476223044	-0.8452086753762932	0.5988079199620683	-0.591464048046291	1.394143562666687	-0.040762499198651346
0.4953664735291551	0.7099384891724934	1.0531449050327433	0.29717679900716376	1.198399404715448	1.5348309745901683	-0.7286193520333103	0.09385555021831472	0.18208198409725818	-1.011325160592866	0.8799661315839383	0.969365630772928	-0.8043591444323985	0.8144969879279843
-0.20706723522129994	0.4574381841961709	0.6341545469370318	0.36488906048002956	-0.3552513112415069	0.5831463561856749	-0.5209396253313824	1.0774663772677762	0.8434323801779503	0.49648089341847496	-0.31047805012205837	0.7832507962389612	-0.8548740919265457	-0.018066823779185646
2.718325765015618	0.02053571922091857	3.0040399732965097	1.0991775744359429	1.073223482250754	1.9645076294944435	2.235478372976306	-2.37742283848682	2.5647004169313776	-1.2039003574391032	-0.5562074144269888	1.067982763670391	1.084081761505497	1.2301730700119111
-0.32167540256108956	-1.4968671717456647	-0.45015529553971034	-0.5053231453480512	-1.189580542689907	-0.1607796434415093	0.10664385919915854	-1.2127937699882263	-0.2940768751227595	-0.04943811036753079	-0.7800215675398636	0.4944798792971219	-1.1514868138841954	-0.5388935469758898
0.025775258951536595	1.0722774075613957	0.2529900742290466	0.18037440329356036	0.648264698624212	0.8016918479756697	-0.7918123643707645	0.9254222294802543	-0.357322740675217	-0.9353072628141686	0.2240020841179075	0.32793842465043876	0.45759429514005706	0.4255052108452317
0.24873275094679387	-0.5097647028091508	-0.30590278194157194	-0.190072009646503	0.38364444799204156	-0.29275704461535257	0.9887277804592077	-0.11359261479913248	0.11855098019810134	0.07578095970802036	1.3744839431475515	-0.15993752578571868	-0.25688758699439135	-0.39023161653079297
-0.32490199531365677	-0.2771825363087358	-1.5639840748722853	-0.7196861361129845	-0.21522380811431618	-0.23976841248842584	0.6944059957273623	0.9888540823319777	-1.3115750708104308	-0.09991290461158439	1.0898128615739444	0.6220953460862407	-0.3469237076676255	-0.8011102441743972
1.4682322602587436	0.5993103522986672	1.600131813434504	1.3841795016066585	0.5677735251869076	1.487868695194134	0.5584480133382574	-0.8028351988361521	0.8143218916848575	0.16906091009673369	-0.8555317381510353	0.30292879203575046	-0.13453607786803956	1.1079186871739664
-0.4741060652743789	-1.434551862067281	0.49961178425814395	-1.316496137079401	-1.3246113449090027	-1.3198879351459913	-0.15999025017808746	-0.8202546965321462	0.732582871184964	-1.276918472964713	-0.9099444885224177	-1.1533629317641478	-1.793971562263969	-0.5836047316951996
-2.1781293115368783	-1.9564253357138144	-1.6122605187403223	-1.8027500860320624	-1.7639252571360151	-1.2725672445482303	-0.6466191224142822	-0.4447977508978123	-0.03610051679899989	-1.0369515816215897	0.004200794897043117	1.0805170312480128	1.3629787845428318	-1.9621424420836935
0.8965962779521879	0.7995608789706417	2.0527247218005984	0.8743714147038542	0.8631954598287265	2.673944199899924	-1.5649412756777945	-1.7018568218031664	0.3737595956379651	-1.9107381291283572	-1.5958021304314287	1.0764973806374227	-0.03755926354811287	1.828186824762164
-0.36523092416290975	-1.4714105604738672	0.7498529737463725	0.06826169776020252	-0.5842285777353596	0.2794090107958247	0.5425138755907684	-1.156711656350071	2.4521104332349415	1.0680402090235372	0.3212690122637258	1.3606376595538994	-0.22790892448585945	-0.7318017817666527
0.03387193015121748	-0.018017325566402516	0.5368433720205412	1.1224816370269308	-1.1689073145268112	0.2794798498622169	0.2596638993947144	-0.04574407094582457	0.544281780469949	0.7108290791625629	-1.7568511436943652	1.0064273861263227	1.6199222891287584	-0.31455534082465947
0.039548098956274674	0.07321181064457827	0.3260758382725306	-0.02741347012630202	1.2514329230989718	0.792392880837453	-0.37533261388186473	-0.3583759359506075	0.14494871378454202	-0.9244685724854179	1.615235340543966	0.7475368447380424	0.5659256318461422	0.17505224584571433
0.6841177040912769	0.8475538609523986	0.7819173242316925	1.9135396091038044	0.10853747755395549	0.2068057103325035	0.21800427429587138	0.3575466788924612	0.1791255101099343	1.445670764414088	-0.7898230297404398	-0.4465239386233011	1.1760775271698138	0.3978103481829591
-1.4151567227967634	-2.4803555530041783	-2.5371698936904035	-0.7770394891309536	-1.9566627235824952	-1.9259097823898927	1.1737364700164763	-0.6015985262473181	-0.6947420335678403	1.9039246174250777	0.2712228617546665	-0.009297643308554914	0.004662924332891749	-2.120329022122366
0.7389931685105884	1.9032392193769332	-0.09021767193489749	0.7474383663899132	1.1105635992471632	0.6978507955751403	-0.3755284533572793	1.5052288917009462	-1.7504511813593135	-0.8669956640127299	0.20456215569918315	-0.5126599809808384	0.723059997806924	0.8554898847949808
0.29237625775812615	0.6236716160633564	0.7171840803482386	1.0141133011569532	-0.12365905298254842	0.598671493912691	-0.1558199818170169	0.9544300014172179	0.4561342383357543	1.1518450732474526	-0.34206016571617676	0.40000755708812624	-0.9874305397795222	0.24849972316893018
-0.9333566812177415	-1.788922457812868	-0.1905010950740686	-0.5427385759557992	-2.0255236784583825	0.933560962012464	-0.5275143756176783	-1.1529540554532065	0.27511296864325074	0.3523705602712946	-1.7115412579557303	2.8609494318017368	-1.4894486023530806	-0.7992603040703281
0.5508401750388043	1.4016869846991142	1.7135218444981983	1.8855907118310293	1.1678265778335077	1.7215441050705391	-1.6401742365661647	-0.3979771953098404	-0.06812659917634159	-0.4819850033700315	-0.6480817420588144	0.5486572736883114	1.4053300561645596	1.3594072906521064
-0.22580653174877513	-0.24010794911480315	-0.30853461783311814	-0.49254173540836216	-1.6381793189171707	-0.24844850074662883	-0.6075015414754742	-0.2606815251360723	-0.7139455249553388	-1.068298345925219	-2.6041583940759474	-0.7533616600797755	-0.6259034842588527	0.04148166281861078
-0.5428973178211376	-0.25971975376304357	-0.4439782653958503	0.0869605728680509	-0.3810598697377954	-0.49710518616171867	-0.3349113879667675	0.2570400348078011	-0.12442959596905849	0.49597845964482107	0.05443898258533914	-0.5286841614546943	-0.18783452527955072	-0.37637686959181405
1.2289150222290117	1.2959666339156248	0.5322744934533061	1.4480629906784432	1.2664868818775414	1.8887751848670158	0.7569019201423677	0.7819397196628938	-0.4620101584606543	0.5135084138867705	0.7722316584783204	1.8652574458830375	0.9042139681642016	0.6459600084850483
0.12816122653126075	-1.0448360918147985	-1.2443030167761342	-0.5868668442579213	-1.0377337838019471	1.3619362955454	0.3866911348184554	-1.024278839573426	-1.9833645482345312	-0.7085095470069342	-1.0592961635315563	2.4758698063500946	-0.9594254010317337	-0.23838370786439617
-1.3556527167313217	-0.27891224028737005	0.08861748866403024	0.45336590135689214	-0.7662471344693522	-0.810411905434675	-1.8604854917309317	0.2767746279350302	0.5879650244631669	1.1181081475608339	-0.5458000503559955	-1.0803460248023957	-0.5742799705721927	-0.3301210229339496
1.568814862528966	3.0368162604694797	2.095446656194983	1.3345483105982097	1.812698500246038	2.1470091362358956	-0.7403228065396651	2.0518376663643676	0.1778405844550396	-1.165156357889696	0.001014406764268085	0.09675930619382869	-0.5794180026085818	1.9215972611725756
0.9717477730560666	1.6690120462658842	0.5951346650410358	1.1510743253760702	1.6167522985929548	1.4945874700078303	-0.6038367672853259	0.5582035421278465	-1.225008935652755	-0.6384274921128653	0.4711044175709515	-0.05905113635348561	0.020155726076092433	1.330058775773958
0.39203744808474733	-0.15453942854228747	0.067500219390076	-0.5783315441138759	0.17768829742696224	-0.2452717884884247	0.8518782458890685	0.3154982013391741	0.3408488100419683	-0.7788523563030101	0.8553867673352206	-0.3155020195826929	-0.6332018414887237	-0.21719798104804716
-0.3718405744084287	-0.6618017862830168	0.0637103411822264	0.357527106784757	-0.4254397801793683	-0.469789894687156	0.4351866597376602	-0.0529359438797012	1.2055572803803019	1.3068402444737366	0.34132690261320847	-0.0006679158842505963	0.1804988817762807	-0.6661399963104523
-0.0020573404508968662	-1.1112780639672868	-0.18248684599872028	-0.5520562741429509	-0.26391667362091886	0.2101647764835522	0.2142838429278417	-0.8501525091983242	-0.49253451755798544	-0.48085599863867273	0.4082870879825166	0.8287401799491863	-1.454763953760611	-0.3102337676961701
-1.265790319515066	-1.6247820797862096	-0.8767841503754584	-1.5452293623578184	-2.514487009981804	-0.6780540408098719	0.15062563341060276	0.06967977145432706	0.7400456441442151	-0.2345901036421395	-1.4529077120373093	1.1398750539411233	-0.9067309724976169	-1.4852437481592824
0.10836287437343696	1.2111754992326709	-0.4573726155869028	-0.7852711274041264	0.6342910400979108	-1.023705986298331	0.007957034775285378	1.713684717922101	-1.1348624780324612	-2.29993523601244	0.8359007376362889	-1.7492603053948144	1.1729792075285972	-0.05163117302630926
-0.9857665929537718	-0.14855459452170897	-0.6415938037681626	0.6691903060089821	-0.5339145346157597	-0.3507557795093896	-1.3622210959983865	0.2593164872579383	-0.7292895812088256	1.2690177512127374	-0.3856641648628541	-0.5110232180460991	-0.36638453308448665	-0.2308675802595746
-1.7927585694874444	-1.300745170638399	0.09645323614873191	0.48722230780719644	-0.5474654554000739	-0.21758659873442565	-1.4723308142870342	-0.9420148114624288	0.7677972330069438	0.34222364282967915	0.6544369090888946	1.6375418037803073	1.951397912540712	-1.125815866269084
-1.7032362124167455	-1.2544055402842413	-2.1458018313300644	0.46845077961707204	-1.841800130391722	-1.3555670820874055	-1.2101075190175852	-0.214722983418903	-1.8889893358909562	2.2995751662713833	-1.1973267549218531	-0.8243342440028795	-0.4032262187221117	-1.0449265064884772
-1.8617266529834744	-1.4276107868269972	-1.1437446573453942	-1.7600117748373283	-2.2618157389274263	-1.059176470074231	-0.11672505041151678	0.5028540500594493	0.9726133294191582	-0.6296543477664438	-0.8331053712173208	1.2762625216379733	1.00995373253746	-1.9313139633701586
1.492897576574234	2.092805226925628	0.5557287800435372	1.5396917199304228	1.0344722071400858	1.6299512197381998	0.32173067225371144	1.6507720103251433	-1.1949040796473807	0.35332356815798	-0.12220063325357432	0.411905226741314	-0.5495932714661992	1.2122606750237817
0.8154969712213659	0.39957934153101127	0.02383146986804907	0.21626380268492973	0.7536908715373515	1.3703481272649012	0.3540218674853918	-0.27496352279464614	-0.9373163211554013	-0.9153910369756287	0.3151691356469365	0.978404201580524	-0.09859755827054106	0.5842769668619072
-1.2196101855661556	-1.1757092884510902	-0.3723926931796017	0.455030140506664	0.06992968810153699	1.0622299700306	-2.190131058339942	-2.11274838663809	-0.7760113399880172	0.2718106605384441	-0.036683439819571964	1.2817131441732805	-0.006331745407321435	0.09320609261322793
-2.442743840964415	-2.6806958219273103	-1.3819850547132877	-1.0641364462098837	-1.3882360087150776	-1.7072212240075197	-1.3018952683883835	-0.9906184538883923	0.18500932170213594	1.1810422601102248	1.0529123610085107	0.10942035505078408	-1.2935078782370952	-1.8276231739468558
0.11746344263968178	1.396152446411871	0.9125561197227179	2.290479341609408	0.31730476845578903	1.9281583070654396	-1.4647717728744871	0.4853810864160808	-0.5265047144736598	1.0581113221762313	-1.1656388974695124	1.802936221235237	1.4314911535937713	0.8186255638434684
0.8769508964637887	0.10430270100821087	0.879734697826275	0.6895825234117289	0.3878807236427832	1.2704076544329717	0.40495429655661436	-0.5413771572608602	0.45132609046478467	0.05529976604695923	-0.07897221940480208	0.9312006287045259	-0.571937610550813	0.5435165174748896
0.7263756733579431	-0.859650974264532	-0.33706817812037904	0.6253849639521147	-0.21538239019725935	1.1128284700088935	0.32584114695876193	-1.6189346291362436	-1.7138734196409362	0.3381774749943742	-0.6511043774351915	1.1463757221276212	-1.2741844188907878	0.3665466869953717
0.6871219166344242	-0.8177251133518655	0.16262835563623057	0.5512899596274732	-0.675668318625332	-0.00510442038637976	1.7862155815263872	-0.7824920703308755	0.9171270296240454	1.0508316900613848	-0.5246854359371222	0.5668297498579697	0.7300218360845736	-0.494234238370255
-0.48579031847749127	-0.38335032099910515	0.10805314819503642	-0.5837319918864314	-0.27826218862616897	0.2524242062557783	-0.2805667604480047	0.25807236874264394	0.7416817382028932	-0.46200160012209907	0.4201813762014622	0.8396256697661466	-0.6207984821500965	-0.4140340458146722
-0.6064759799827427	-1.5728831700623311	-2.5141735949716306	-1.4282507162298759	-0.6850711447660631	-1.2770721749894076	0.9404648311825039	-0.6739856432869111	-2.1984412264516147	-0.770657738507471	0.8059202205159233	-0.45745411484124593	0.1580721933688156	-1.2001062227639476
-0.995663982619968	-1.5156089788468345	-0.5141698155068476	0.6820419613448383	-0.4724932850891905	1.1172561665786058	-0.9371289907415539	-1.815259155326539	-0.07799664550534911	1.499027888849878	-0.07542632611997879	2.3487775140559863	0.28690779639704034	-0.4838350449303192
-1.2006199354056535	0.21830811012366302	0.09563811885388168	0.7033248004496937	-0.8114726444834643	1.0667697884468095	-1.6371138336718576	0.7077747411223919	0.5824334472279453	1.1542172947859246	-1.0053201092494175	1.9423892580855717	0.3874214703665355	-0.2838410286230792
-0.8358214155611374	-1.0186816641254393	0.45116281465968544	-0.10152435423247669	0.26869025236755706	-0.1488474214664547	-1.2254292035365912	-1.5487455459859443	0.9788411898666475	-0.37964855692807153	0.5997075781207887	-0.2856945213290678	0.371694948003405	-0.16377332613455384
0.22915254749317016	-0.9478751755226005	-1.8572350021422803	0.7649320098609841	-0.14914517125993212	0.0607565354760628	1.0885892307220826	-0.9875783154688835	-2.5288163759244227	1.2508455241373795	0.4082111473390722	0.8912043704314973	1.0717648539987557	-0.5696811570410215
0.726222898499528	0.8016457440377418	1.545795992401863	1.073362156026423	1.5000944358843067	1.7414386760450438	-0.7282532491106394	-0.6216402876101991	0.6969549553886223	-0.5291828592005451	0.5454122219570547	0.7607274978255119	0.3776663871859307	1.099096639166675
-0.2601513512374971	0.5412115185143842	0.10850397215092078	0.34930675889850543	0.5996009234355808	1.2720799659227158	-0.5787683955534717	0.7635957774714098	0.038993845560852614	0.11040401598060895	0.8609113939936363	1.6450054960215517	-0.010164741935734585	0.08508700041868521
0.008353683242789178	-0.7978162012511029	-0.7322427390607225	0.32480498724554063	0.3269046801319595	-0.8366172848975586	0.47694224066766894	-1.0759588695088833	-1.267026699124132	-0.2874669077212866	0.9895365482837143	-0.6156396674931635	1.572879676290705	-0.4668168148039139
-0.23642380509378014	2.4100411826878405	0.5659879513067945	2.2045824702415127	0.6167764344007903	1.8910208612011292	-2.7713954673576096	2.225842813712542	-1.5592239007969442	1.417993929130636	-0.822844607317995	0.8452054828128216	-1.0443231483802953	1.2834001241363744
0.4860580103768097	-0.8103813501058458	0.4833350302732627	-0.4448070395050512	0.1894688891928149	-0.48272997840450893	0.6670129154543375	-0.6523626002677093	0.14874508402625158	-0.6376880629140831	0.8216073345218213	-0.629875771788795	-1.577320112311451	-0.10349976748293002
2.1124993033036885	1.8577672430114132	0.1273043893289787	1.9929813074481917	1.3110136018342178	1.3490390308611486	1.1729032412481817	1.6328990874621603	-2.7391579268897064	1.2385311752492654	0.49625228589958686	0.2613638531757653	-1.6711418135726248	1.2122561532486422
-1.1097012414963978	-0.4788685558248364	0.25840010742163727	0.2980692546323473	0.49301760260054683	0.2252549292113176	-1.8086124807719768	-0.6999913390776005	0.4970060148289192	0.26032741610938404	0.9197815093177836	0.11227255601706385	-0.08766593785313896	-0.04134056480764836
-0.3288113431419047	0.816778189474811	0.20401302656170217	-0.4044355192411526	-0.5533110663114595	-1.1876155212630242	-0.23991561892298952	1.6120923175532842	0.6599800471873125	-0.8632832752391945	-0.6523069799007505	-1.7467849090969483	0.7061819500644306	-0.29171359107004574
-1.0317665553899318	-1.6249986930138953	-0.12506896914831866	-0.9718776458029863	0.47970438858490594	-0.12619590374373924	-0.015437742402412084	-1.009274407022692	1.5409903781380818	-0.2601854445982299	2.4989185787480905	1.2229840047618494	0.18558902079354483	-1.056551852958989
-0.6182402017502597	-1.3277991175153754	-1.584476980345253	-1.205745972272985	-0.9661695064549415	-0.7218743229478377	0.6256930142037693	-0.7080952018928385	-1.2532740300809024	-1.273417937703725	0.0009959775232336395	0.630252349148274	1.2759814240140055	-1.1581382811824734
0.5778934146566153	0.4954471988945437	1.6465107520147828	0.9267142160260031	1.0235043018179846	1.2586326429172934	-0.3764086763722496	-0.5168257067385348	1.4418410570898565	-0.13482497374987962	0.36342304394371877	0.47189385911123244	0.1403926111492952	0.7774641007078055
1.8872689919349568	2.307060006958203	2.130477265454796	2.37326156361469	0.8398307879836964	0.8844910405143527	0.8803380228272596	1.3194837483872555	0.5300903330632907	-0.01614430947774796	-0.8433907912293914	-0.3643627671022672	1.8172951599603102	1.1519107259337875
-0.053791466654801695	1.3379253283540056	-0.156441908972001	1.0431840523701017	-0.5442453234286998	-0.3729466415322931	-0.2651652416615676	1.9970726989810026	-0.42435853280701036	1.065862206957927	-1.1208059335108707	-0.8726729410483889	0.706052199051613	-0.001528730844918503
-0.30164812553047926	-1.7857376667878848	-0.7874252485423413	0.007410897038267583	-1.3059548335466336	-0.08967701067822487	0.7873983957492263	-1.6041359703010734	0.01216660806834178	1.0485487762993884	-0.8046106088180806	0.8497599233536348	-0.12662138179244445	-0.797931808248752
-0.28409512406668785	-0.8418040854570945	0.23786071123482194	0.4222570345730162	-0.3071200967802107	0.2804420565859417	0.1302244953858487	-0.7863980520042442	1.0064401526726228	0.9869746213855569	0.10474152150270746	0.7442645232277094	-0.019431775528780063	-0.36607889914879194
-0.5367325009672838	-0.15895827649398642	-0.19600799386904616	0.5661349287474163	0.16122794615576114	-0.30471572290950977	-0.3616479619405099	0.16710112730260251	0.10815296478774433	0.8076514224523305	0.7522991037148222	0.07220837936100902	0.9915240590950518	-0.4575237646945583
-0.3752080532829848	-0.762340154657135	-0.8657985680069787	0.8291293872480883	-1.1773263319011482	-1.394321746569575	0.7105533847200707	0.02027726709374539	-0.07312882519655677	2.2615438054795045	-0.6587655006876766	-1.1009697389338466	0.6136934919935518	-0.8972452133120926
0.42029603567822826	0.9286583807468763	-0.07368443120503132	0.6841969237665039	-0.09546188189771132	0.8219729595747352	-0.6471254264801951	0.659378041050854	-1.4855904829227957	-0.16331423566728717	-1.0743868339784184	-0.016717741483499544	-0.7935190420559762	0.6917353645275592
1.4838709417040812	1.6381207165150484	1.9734968419532906	2.8322867646641114	1.4410786956187045	1.6252089698065226	0.7506192669023792	0.9193164574812431	1.5042740718936567	2.3824653715025796	0.6316915186151345	0.9993769372757392	0.9147382113502097	0.9035831997562604
0.3244985499002866	-0.5539708042088283	0.5847820901312208	-0.697974133001932	-0.9203390779281821	-0.5122413063836495	0.2826733223681291	-0.3334134990519546	0.18936563564038886	-1.171859303152611	-1.1413511945219135	-0.7874636228570797	-1.5917521525322293	-0.03557227427120963
-1.4946650095393823	-2.7857218346178594	-2.1148600832347593	-1.9030165609693448	-1.3716873753845866	-1.7419382790389286	1.0975125224258397	-0.9383344963967716	0.10842094269469639	0.19435109865025468	1.4180595851657416	0.4130269081533732	-0.1812066056939667	-2.186479815641003
0.7402763000321492	0.04362306612470243	0.4587665412541917	0.4790170487653562	-0.5006251856698996	0.1866744794436891	1.588070732521454	0.42067523725859185	1.1673643003739314	0.8053116367748862	-0.4859110539194192	0.4020133936487162	0.20733946917729382	-0.25024997006591143
-0.08784385361804656	-0.8325494489285967	0.3592023961147607	0.639837431020285	0.8236302055072768	0.790682320218348	0.2917695330571352	-0.49647288923793614	1.0257842433892843	1.5444502150078352	2.238117800574998	1.7118039040314033	-0.7814007286306364	-0.37838556965970777
1.1462250695160132	0.45911791576623645	0.4009442264492147	0.9991360229567618	0.03409559818813057	0.05181502634741286	0.8803094801871547	-0.0402389074559749	-0.30251730277954003	0.506858684358923	-0.7512644210933603	-1.1518380303263411	-0.36369366061444863	0.5559999923627111
-1.0828618563503556	0.39819184054603673	-0.013955138864013825	0.4323391388302018	0.531150770792423	0.5867049273787526	-1.8212895630949084	0.5834739271746198	-0.04116914555948904	0.184203132054262	0.8279832952514284	0.9045425976953897	0.751384806923715	-0.1021694771434781
1.158513860019493	0.4837349030099328	0.07895330628914604	0.9650105014589456	0.23815527854763785	-0.8466623557305255	1.8888909161904717	0.5522700716150025	-0.4322590675728578	0.254836074182238	0.33838671502530626	-1.131237344449027	1.5861304866173525	-0.16485323728253917
1.4261307914820713	0.7436089885605325	2.3796529175901346	1.7741706005276638	0.8822731259156587	0.8371365192076506	-0.7425666419494443	-0.9236771851301608	0.07790946613340267	0.1306609424363727	-0.980063034874981	-1.2923527992262738	-1.8292616193457787	1.6636676235077847
-0.5760906274564388	-0.03335166471429346	1.0583250665616588	0.3350520526637301	1.1856101820184446	-0.07479017200884541	-1.3547573238895143	-0.6007468246553688	1.103088634436095	-0.7525630078929083	1.5364285003910376	-0.34355733404976724	1.2725783320190711	0.07258076367511357
0.5082724823862357	0.90360536173213	0.015500955041376496	1.718738876920494	0.17203128222414288	0.648828608559511	-0.699606557502861	0.27425317145936795	-1.4719382332063395	1.2607947284574093	-0.9529097155994077	-0.6136070441089443	-0.5237441968301236	0.8438022982225339
0.5102900381337987	-0.3673741771516871	0.19551696850613465	0.41566083881905985	1.0811627389092335	-0.1614691207667876	0.07242961173087885	-0.873178629218407	-0.5109397285333203	-0.004896567785039682	1.5013560289603902	-1.0376592666358135	-0.9063210964192523	0.33779721966320764
2.3505054576864843	-0.6769577093423395	1.2452481215298277	-0.6425408399758158	-0.06940222516996719	0.8396535308824676	2.56621127973273	-1.7337691799993942	0.38367138927226424	-2.218561422881041	-0.8520507327944553	0.27074551635568234	-1.3731544107589904	0.6379346808090951
1.1022437028070515	-0.05015066919825034	0.07492825505761319	1.241175697652149	0.5977208532079741	1.6306133607910298	1.4278917764368588	-0.5234994257297555	-0.23171770403783773	1.2473112503831478	0.5628615662286758	2.1484523213078255	0.49296748952616426	0.16535548833437005
-0.750970831973907	-0.5803065889513279	-1.47022678690339	-0.5305400365554824	-0.8736900353720367	-1.6872605880324953	0.5330288590186415	0.8173483536294572	-0.6570392440072601	0.5668350553793726	0.32837705800605155	-1.3517262982790712	0.02717677388918264	-1.0761509559068387
0.26946510907870524	-0.30413405469574745	-0.3134076694265802	0.5145569355872641	1.4473715081849696	0.3779544721788721	-0.07491623730957432	-1.0175221178942806	-1.039843897269385	0.013562050540504446	1.9016533630420087	-0.2207031860632201	-0.0201896427949614	0.3104171445998132
1.5841180401723742	0.33938906054668594	0.6455932277299847	1.6752961363412038	1.1104099680472528	0.9812793563574086	0.7546885976633708	-1.134215232078115	-0.7522418044026725	0.7456210504312158	0.14937156367002305	-0.48212161275267823	-0.2969319625226271	1.0793045922980804
1.6712608253285803	0.9844595833938747	0.1672241018205491	1.3432444653903617	-0.3026942864896829	0.44347977982170295	1.9094681635461903	0.7283353771051905	-0.5510166301226094	0.9335068279963119	-1.4081402182271259	-0.2775116846110587	0.54334297886361	0.43878976135803843
-1.0352959356511087	-0.8280156529375227	-1.525690568474338	-0.48383323648021037	-1.072905012217941	-2.1231840749623005	0.3515299444741456	0.6793136033545507	-0.406490981619605	0.8948821092154144	0.2737832750430731	-1.6703560134260058	0.3620174748803711	-1.3080073099263272
1.133231138993158	1.329309297618814	0.6057606228245882	1.7742650814252796	0.9280471776273277	1.1411404058623449	0.152949015919671	0.7493239496708659	-0.6693059325163185	1.129284257584718	0.07578981096632785	-0.013002688251477894	-0.442415127526307	0.9681979533215557
-1.2461167582146824	-0.036164820043045554	-0.5635682393487974	-1.0430682205341804	-1.2869620353750868	-1.0030960338751045	-1.134616920452671	1.5207973205123597	-0.18313744216967118	-0.6464118059841707	-0.6430800928047683	-0.6102706333628914	-1.1506929428325952	-0.7185046237839423
-0.19406743306420499	-0.2764334255452397	-0.5905235690296691	-0.11098606273727582	-1.0713908474012683	-0.34891965340942255	0.5816176129508608	0.3937938090024269	-0.054480643442011964	0.24581359168614272	-0.91577776621883	0.2275669717661272	0.6561173914436494	-0.6439331892354258
0.1961815473937494	1.4926255685897476	0.6747480260113984	1.391882019337337	-1.265277155972525	-0.5378334548232309	0.15837714816717946	2.3186841263086975	0.9719402031067655	1.8169890730566887	-2.2778126743345815	-1.3810184799380756	0.051843713963478116	0.09104635001183366
-1.0248699360328606	-0.6960784660186762	-1.0402851803034308	-0.8631708248616012	-1.1836977927055181	-1.473834399186953	-0.1788543466770799	0.3635607709000058	-0.15796938390946166	-0.25496781816919695	-0.4487324281306084	-1.195061359564879	0.19412928710870522	-0.9530407859804207
-0.9833536859583247	-1.781929369417228	-0.760041998606746	-1.0306859191456805	0.004400684932914012	-0.9758308714932646	-0.04889320915284772	-1.4220423605727581	0.3616873877804603	-0.5748517270171253	1.5664334545843743	-0.1584348209241866	0.590816347607435	-1.0468672225950602
-0.30603819292895035	0.10437944905682206	0.09373566157733501	-0.8726372501800114	0.8189505441095507	-0.3854350245351907	-0.8067176937415487	0.4407187510585758	-0.2417384425582188	-1.6431915015721774	1.579125900590952	-0.8889693996826711	-0.9980496131480253	0.03955812105128169
0.1835923559037531	-0.41277751571443433	-0.98134585339324	-0.5688239215849986	-1.0961039942529718	-1.0840914178581689	0.9852860124738722	-0.01425967617893854	-0.909631072385791	-0.6144116141438709	-1.152728541616299	-1.3952933876522382	0.19459453143971303	-0.4431406162950138
0.3984479842213391	-0.32183672989147144	0.030950978658463857	0.9783120392560043	-0.31735421082383675	0.2235038817131543	0.23162674419532492	-0.873606699622147	-0.34219304610809015	0.9565048448958042	-0.8663151570828086	-0.3436830671722653	-0.1478407074331668	0.23189543136845012
-0.21899625530272682	-1.0540429057904712	-1.2207671955496409	0.1890772636362067	-1.1791750935014043	0.49861111801637337	0.6650700075501561	-0.7272251711962796	-0.9867126240656025	1.0107249310413822	-0.9357676443566316	1.5473009202475543	0.058592127605181316	-0.6294262285937398
-1.3683650195862662	0.09043244684769453	0.2839539120652182	0.9931821957428625	0.37585829807533533	-0.6517497955300842	-1.8975431294369132	0.4236995349718747	0.7300926679264756	1.3280255505991334	0.9596481264742637	-0.6314388740996795	1.0462855729596154	-0.37304438872735335
0.825298930300558	1.0740787104608067	2.0425201162820352	1.4701455362098539	1.2214766560292132	1.2544327542877154	-0.5870287804759692	-0.17647552728719043	1.4834556953849642	0.14552159810623724	0.06943566826137541	-0.14980061836223063	0.1647189819126684	1.1470202304505874
1.0116240059798416	-0.1194203037872534	0.275908846148643	0.32697978343366974	0.6840541159403724	0.7189116335976787	1.427208387468679	-0.5317990941774428	0.1759804937366357	-0.2718984980680411	0.8370930233338014	0.912163263498098	0.8214140412882533	0.03537634446156155
0.6008835348283854	-0.013454415657458862	0.5212716574797134	0.09700672979063796	1.4189857052675463	0.39630975019249925	-0.033861077382100174	-1.0856968622174685	-0.11151384769672706	-1.2776852122617766	1.3073043176517238	-0.5446745602975641	0.46711653723165375	0.5445403942266914
0.03155598033091511	1.1212994205899807	0.30127561527092517	-0.14260504275057573	0.4879509316275611	0.7640453914670875	-0.7423235923617562	1.0048993032928617	-0.3061854235970312	-1.5720720799572363	-0.02429696732304939	0.4372433337907427	0.788331673727325	0.3606935038687987
-0.8397410304604885	-0.545903053086475	-1.1109568938850585	-0.11689517004345765	0.40447454897077695	-0.4161968555794281	-0.37853574149661084	0.06971085145282428	-0.7911258517629647	0.3813688784986093	1.6646122448390968	0.20303220257809526	0.5850935112358684	-0.7047482662053433
1.6516627075860564	1.1419232847509937	1.0027140025334544	1.8689486929867227	0.8818302354985746	1.800734698379379	1.2305268438940313	0.30933685594890203	0.12944852177094843	1.0434128458790548	-0.09599560743526198	1.445209535571558	0.8059715533283529	0.7951268605159818
-0.6647673057369173	-1.3913005958471074	0.6658958473976977	-1.2240396765811208	-1.1513820063960385	-0.06854358367854457	-0.1876971377385475	-0.9839572056528608	2.0413294312803663	-1.1054585810805506	-0.603349445018634	0.73137508523078	-0.7083552066442818	-0.6592552311265346
1.2137513712726378	0.1943306896734851	-0.629877595109701	-0.3445913993701605	-0.7321302780619815	0.1631443371370309	1.980593089387007	0.8679828068618513	-1.2172612054270342	-0.4956213501539012	-0.7360185797679508	0.3004056482301275	-1.0442443501436958	-0.11761012441488639
0.6922766966449359	1.9571811656970466	1.1419599903871356	0.1545647710483945	1.7621779351264193	1.2716423072170222	-0.5270936826937421	1.9489611799145177	0.2548975376148696	-1.4414968299812472	1.610920806425774	0.32833198610061654	-0.6207520021616686	0.9119548581806698
-2.2705886379626197	-1.4267412943774382	-1.6215708518611405	-1.4079327440181943	0.24405488114778984	-1.2531163499634084	-0.8804587938873983	0.4759906316274589	0.22693873797843048	0.0849765867775053	3.2757035080840997	0.7175721089677106	0.6516835308415998	-1.8426723795222335
0.8557579865739906	1.6602681344796728	2.584602638654949	2.408612035691367	1.7676260195800926	0.3918875039830274	-0.7714926758938951	0.22878106810516435	0.9141406487287362	-0.7407860524069362	0.8599478904976747	-0.9690118968712219	2.17797311629408	1.0874048703577583
1.2150053477955294	0.4401912786720944	0.6885381175541414	1.0947892590162622	0.6739245749679629	0.5614161031792939	0.8129073154275938	-0.31663436687333785	-0.010326541259332547	0.4309180833792363	0.07198292558101889	-0.5226061473919145	-0.2568425976173769	0.6815404183195726
-0.9341888754245294	0.5425156582770712	-1.1284875714068263	0.432733771192393	-1.9280184617472789	0.23197382774035116	-1.1059398152671747	1.4440489322922292	-1.3931169061411817	0.9247318139046395	-2.6736524061175753	0.5504416830620295	-0.13755891247848256	-0.29640191860256987
0.7503799766244071	1.0938106250182045	1.1208082253048999	1.5565915304910185	1.2573764892235453	1.1266831212254003	-0.3653124007987197	0.1998534715321814	0.3025684461763603	0.6288985882375578	0.4730761047928533	0.0038110613570240598	0.22279416041334896	0.9293397100162258
1.1444300431276258	-0.1714110017331214	2.1675816663716603	0.7587784800149987	1.9600876396026643	1.0227100237097504	0.23208871861015115	-2.0054940815614377	1.972170023000802	-0.8651575122606046	1.5593458625796133	-0.08548318146289399	0.6094121877909037	0.9100030096455602
-0.7213909416363483	1.311762579974463	-1.0700225154963563	-0.17397627238605212	-1.5881800755388618	-0.9836973424910116	-0.12552395070501488	3.2231039485123216	-0.6649633534244561	0.34677229691367867	-1.5998714570777042	-0.6919408930362335	0.5726390284642876	-0.7366275948257873
-1.6821182109127761	-2.779095343213733	-2.262413890112125	-1.6790898176104434	-1.140553982772015	-0.9374536566133331	-0.7142462760880244	-2.2871085863716765	-1.6232071427846213	-0.8124901356159946	0.4397874458395702	0.3384368875322459	-0.4174436956821251	-1.3233414522543023
0.30122945779866767	-0.2989999450088191	0.47919828445790413	1.0505709542268131	0.006299006679384905	0.8553959908532588	-0.014052873644414808	-0.8588921415739629	0.33574225477415043	1.0477240701512913	-0.3508889605218133	0.6597063741486325	-0.24638325161359054	0.26561199025827675
0.059947185230985266	-0.364963362195401	-0.29513783924428016	0.11207284222185038	0.02597617335870206	1.0267396775998918	-0.04813744431679785	-0.7747447055206054	-0.5806432669641676	-0.3389733352586208	-0.12037728953583765	1.3574519718673954	0.3702953389955061	0.02582439331786102
0.34260425002387795	-0.7759826675843211	-0.11669066355331503	-0.43380531194026856	-1.8710084763639112	0.09153096808363859	1.6729421182551594	-0.21815463022690101	0.9633579205204108	-0.021805711227804135	-2.037979142575972	1.0805022340550483	0.4561551837374703	-0.7363209261956746
0.9217284812497009	0.6073895737180836	1.1193771233785954	1.656349960301128	1.0386502071215196	0.5211892401709342	-0.24161323891870692	0.023890923953581066	-0.3274844903418301	1.20661376461057	0.585579492987111	-0.6433106610919324	-1.465722256878828	0.8861994707217006
-0.829920609546019	-1.1828995355147356	-1.147729539605636	-0.053133660237477676	-0.2518400052984783	-1.2322917806716278	0.02770801219108	-0.5857492302436683	-0.4449835567850541	0.9262189898463277	0.9707159963398382	-0.8227998978574235	0.4403932959336346	-0.9195286565552615
0.4030805564432843	0.9209573739933095	0.08066288165098756	0.1327851135496602	0.1158100319353215	0.31024154736214576	-0.00033197897105387557	1.5223791067706425	-0.7505658396787078	-0.29008767605280833	0.09255760720050812	-0.016112692016033887	-1.1933287860414	0.246195667139204
-2.3758188698000327	-2.352894161884809	-1.511344240819677	-1.9358654221097185	-1.0266159692793924	-1.9331299581271815	-0.7404811866514465	-0.7334199574251183	0.7524929644785949	-0.4205701826819585	1.483768367803952	-0.16129581773611598	0.49670764301459264	-2.0121837160326566
2.409787311553862	1.8822332643429167	1.8046357472356744	1.9220762494844577	-0.07567311349913952	2.3757808369823596	1.4991701828925998	0.9287343969530588	0.5409389300198864	0.6246246219651153	-2.34182883682982	1.2899528925887378	-0.5126197782303608	1.4275165818171538
3.510043144437777	2.280470344235492	2.919327243710817	3.348959696476471	3.1693200807576245	2.1221712757230504	1.388849233943246	-0.39362661892981143	0.4614880560138496	1.026137303437088	1.0831811212934621	-1.1052331338664303	-0.4375182518466728	2.6041499659627134
0.943300616779003	0.8560328120771218	-0.19070571398123037	1.225837912423997	0.2511588574246196	1.7433735129440882	1.0127895061514174	1.0713314874726991	-0.8185190066118035	1.33820350895873	0.06125537806782292	2.1252989829897846	-0.32816595677541993	0.27886711094858635
-0.0059286015978318035	-1.2593345939226883	-0.5592550974291222	-0.2577312005011097	0.25317420875281216	-0.6818155966366382	0.13776914001188167	-1.5316114820326296	-0.7758470224324668	-0.26415197114581174	0.9692106192528605	-1.059434488868861	-0.7178276165645702	-0.19680218139019648
-0.4300412289231612	-0.6500186889616667	-1.2812689963314474	-1.3356826628877192	-0.33623781237346306	-0.4169481013144005	1.1829128177260555	0.8059360125593328	-0.18040459194541036	-0.6835212669068914	1.3299970725647459	0.963249188212167	0.27028218034874524	-1.1876367325670154
-0.7762407666713416	-1.351518652995524	-1.152364364255546	0.04279146928093758	-0.4664703826300321	-1.3155424333614887	-0.5098931563701802	-0.9497470845720742	-1.1970199148333882	0.936631067329943	0.4851912309443562	-1.397689273062651	-0.9098191141007533	-0.5997065794321289
2.5114963787446776	1.3366585468835561	2.4884060753129864	0.41748163285940176	0.8594314031263213	2.388715144740122	2.112954380338686	0.6505531578050552	2.033146025413993	-1.3099320360765514	-0.17936317292485665	1.8995003090745057	-0.8641697252616105	1.1191605972528451
-0.9416528480087337	-1.363224421114431	0.10113852570200876	0.1259554367174739	-0.37258350989585526	-2.096802316223615	-0.34572022953850445	-0.8809930421130671	1.4473093362080094	1.2568193070116405	0.7690320593294793	-2.5139238812902147	-0.26609894864760847	-0.7814088061170693
-0.25304771827781364	0.7545710207007577	0.43559765339509166	0.6952520578618354	0.20976360604700983	0.13331581015524985	-1.2337050055916081	0.3978810528376925	-0.056477870535498735	-0.11830809755568443	-0.4961941025770004	-0.6942645031774397	0.6349441869486929	0.38885355160840357
0.8094852615583671	-0.7328504325103193	0.07896648355575366	0.2717594360444491	0.42061126275735283	0.5982629988557089	1.2359263292825762	-1.415616440711693	-0.02430028994538732	-0.24580035964794095	0.5417610203910532	0.876558008418176	0.8676086615294163	-0.057002300389186994
-0.1667205342937177	-0.3634880562710513	-1.0815277930460272	-1.6942030484174249	-0.43367097249414865	-0.8265547924998353	0.9265060631017186	0.5060260869416183	-0.6720826381306447	-2.252137676227492	0.4332838156731974	-0.1486535288463693	0.9405990142316587	-0.8552235112823541
0.8899318221835435	1.3609773732150379	1.275403154878237	1.8417438927359364	1.7609494655379352	0.3918352565768839	0.17194246064159063	1.077803858738357	0.8602123215802228	1.54014495063967	1.744048824748773	-0.9278663862987748	-0.18913243994924364	0.7521215459618725
-1.090377705685325	-0.923560876066073	-0.9006206067383054	-1.434280041988363	-0.6758510208953221	-0.8277791591998458	0.2712722859885848	0.5489759899862671	0.6014635827090682	-0.635894982942971	0.9618307318293532	0.39053457533874975	0.044765369869080356	-1.2618995440316494
-1.0984865491580975	-0.8867196932804897	-0.21050285261338164	-1.3992470872511713	-1.2005530143596	-1.085550691320644	-0.01642362321008373	1.0250197386346487	1.210856086333471	-0.34211322630657076	0.40090263130207515	0.1718073834098947	-1.2531614758028062	-1.2510992413007176
0.9592129295861255	0.46555655979144833	-0.3190171509074361	1.238304696746547	-0.0821038344929983	0.7614795453288538	0.6912403706699762	-0.25498780018785594	-1.6088365244042742	0.3822671728883196	-1.0938063828907558	0.4685027603635417	1.1234401488152916	0.3938612101411035
0.2377551011252533	1.2762407630121313	1.254510333847478	1.2202039809497942	0.6087779372808602	0.7876537749393676	-0.35986813557553227	1.2629607895119743	1.2150626717472737	0.5768663399839912	0.2087215927706099	0.6227879209338122	1.0338934420564034	0.31168560089366604
0.7912546264950688	0.5074704598080879	1.1214052930000478	1.2825430031619298	0.5136805371383653	0.789209219508252	0.28491298076723015	0.5091771664560232	0.5698506152052314	1.2836989819050217	0.41424574131722913	0.4566281399618533	-1.271342377890896	0.4562326355126533
0.3247465549885598	0.20846446104484573	0.7319496134510439	0.3860840485026919	-0.4358067604285397	0.0416000789973138	0.03449972974308054	-0.2779154309529831	0.5595897965938873	-0.6137701414118949	-1.2828758564847798	-0.343236835380343	1.0957432999122858	0.1560650596341784
-1.6535611725138433	0.4185174424269082	0.13926921715088586	-0.5143066551205147	-0.18969666679088826	-0.11099805109874239	-2.5282588232133953	0.887292369491753	0.5041814556076963	-1.063210515938981	-0.11701541263667845	-0.09322699136997224	0.5556022955646487	-0.22497843838107337
-0.28803664744581897	0.16013139743262408	-0.20978100309221764	0.4975552165092004	-1.7182597883911142	0.6839602607265076	-0.44369337633796885	0.3088923782808997	-0.31047769931588287	0.5379201356652102	-2.82175963192631	0.8457936648288172	-0.008476381129093486	-0.023508753310097056
1.8995284196760833	2.0861202801049705	2.569992450759811	1.5670934449282734	1.746176450952533	1.7319434107257505	-0.19687877283646482	-0.018992097708386838	0.7178122254329534	-1.5735873804710692	-0.5009576059171987	-0.3445595498282315	1.1774569239812818	1.8620241539337463
0.11391160443553222	0.7705952977687982	1.4717075872082803	1.9205172474160224	0.10799762176102096	-0.4897596157982421	-0.7535670985386947	0.15559000761475905	1.1044297354546389	1.1306748211239581	-0.7953008607388843	-1.4995524990844435	1.4534370790344642	0.38655387739304997
0.21483238807422567	-1.3154444885972527	-0.7347922763344766	-0.15151617884627755	-0.3872486331249334	-1.246345122859922	1.6687471791331003	-0.9371229929197558	0.10163299573010842	0.5674101270236578	0.6278697330757129	-0.8477644293821265	0.6923358920334096	-0.891637871252081
-1.438508406083895	-1.183692319495987	-0.5796902501453961	-0.4331772371374015	-0.577792969815148	-0.8155828477460182	-1.313284522544717	-0.28895906460067916	-0.02154014977007826	0.4906975547067128	0.6564491250903078	-0.1921884775918903	-1.0709085276556214	-0.7961351752044553
1.4144705147678027	2.2396907228128486	2.085618612148762	2.096127831313458	2.7236697934632796	1.5641783598642856	-0.09827180059049136	1.0180425440683392	0.2720912626144573	-0.6556174190707239	2.1043846068577565	0.5748476863896909	1.810531682578187	1.2667588598562076
1.3328680642415598	0.3872989084866161	2.1589114675035153	2.160062362400956	1.2201286835819358	1.087842321276419	-0.26666362004169286	-2.1218863755401025	0.2571887730414608	-0.7699210399258356	-0.4142295218195244	-0.21071072831996365	1.9038651464224785	1.2796577045261819
0.2720244476572877	0.1529844860189788	0.705639985953866	-0.3419827406269216	0.3747926018084568	-0.04745215361409154	0.2448401434813909	1.0447641615252272	0.09298220076808647	-0.4697683971424408	1.0865292410358003	0.1847018332054377	-1.9225241757195857	-0.08936917575224035
1.75555894019845	1.427804979424785	0.7845274733193918	0.5381463500540872	0.4253944210965786	0.6738789161857449	1.3366028472311526	1.2600451247597548	-0.30403557460356667	-0.6416942797681957	-0.43959655007832976	-0.4966712241565826	-0.8137178416855722	0.8345214729060466
-0.14162531268951833	-1.1477388251566798	-0.8157417390855165	0.4494133159422129	-0.8474307578457975	0.3849287881649525	0.7382147007708755	-0.9424691109176553	-0.34449905515480334	1.3816544536558348	-0.44173136064644813	1.3359647519508124	0.15930180061048207	-0.6141177187281829
1.5700553653350755	0.8835657988139146	0.9920098414984783	0.18369060802841175	1.3052452686382985	1.2880304305699526	0.7538756073010187	-0.39566972663259503	-0.16344714848680028	-1.9019400854790571	0.30751508764843566	0.014787168942065262	0.19088435984985475	1.0827907628235007
-0.1355587797185921	-0.5423402151068645	-0.5663153975024564	0.5689393554791428	-0.18479247458475523	0.7164664505567615	-0.059388235274678014	-0.7511276070986618	-0.7190854306050986	0.7491758268747859	-0.15347674497884206	1.1352202677798369	0.3156157313072751	-0.15478679710912244
0.5996017794771581	-0.582327676652154	0.6154228292969668	1.1094722364260248	-0.1664956408952849	0.969955582433786	-0.19093505145872283	-1.7184019960999963	-0.16905367878612515	0.6918235534514863	-1.0491546816245683	0.37366380762236867	-0.7612325629335734	0.6009600335945585
0.43640456682359774	0.8135795797496318	0.29333036522907635	0.8852092121501284	-0.4827057311005419	0.9200832749010297	0.0648136021895795	1.059269192268224	-0.1403386210332173	0.7931393508874117	-1.114006283412843	0.7592430715769269	-0.6169500290082572	0.3014080701903488
0.5795131014962983	-0.2626875887502267	1.7718858462914766	0.08680657604849504	-0.2556173582532772	1.804470235239951	0.0783210115702782	-0.2709645608208679	1.0383774989923673	-0.41428302865826483	-0.645995442575265	2.64471227142791	-2.0484977919882157	0.30959070613993717
1.8450677463237175	1.416270833605894	0.6144527899966703	0.6929081736620708	0.7543372342962058	0.2087796505381686	2.2592558694536837	1.9605357543595232	0.21879464543035296	0.35424088566550394	0.8378566237248117	-0.541500887815004	-0.7108398361225946	0.38211734821469906
0.35375695990034506	1.5979801395791866	0.8637279230968	0.8475548989013888	0.3259239109123605	0.8428153029974135	-1.376679471869608	0.6361896938986382	-0.5220934665211018	-1.0634145725271427	-1.4627336118450338	-0.6266474118009914	0.7314916820261318	1.0699679868347773
-0.6158789972954994	-1.29397417933155	-0.7965202553348385	-0.2102119738450058	0.2252037481898287	-0.9748119010887457	0.005800121121585326	-1.2146765957262704	-0.3629815788012365	0.058374149209260186	1.359656468330483	-0.57391966228066	0.926830843787625	-0.7505343906533128
-1.1025274200041113	-1.2334272506894488	0.08857519913664835	0.20931218660234618	-1.105711183298241	-1.359039478257038	-0.13524176127659848	-0.1900661341828063	1.904377809842365	1.8708618744183112	0.021827593678846742	-0.8080665681833309	-0.259394770231514	-1.0675086161334624
1.0498687864583611	0.8343409782676752	0.22252025593071367	1.0411098095723088	1.2429992525486324	0.7307045181712494	0.34987624062056094	-0.18290467236189037	-1.385346140023719	-0.7166968800001672	0.6345657467246318	0.05003329226640212	1.3934320294799591	0.6653973757888175
-1.4547899727196012	-1.493810049838134	-2.070929759266268	-1.609899136755946	-2.056201736218073	-1.5398093381462148	-0.4982586606736596	-0.14802333839827544	-1.5142399050269004	-0.7419797761737283	-1.1046966635524105	-0.7140924454722041	-0.7095665143948078	-1.263082743920207
-0.5940752361768136	-2.122589926409674	-0.9028727106194179	-0.6052931802257489	-0.22773547784662224	0.0023447171222608643	-0.40580119584312213	-2.545656988143317	-0.9056319878629364	-0.4148878537888914	0.5942131784858471	0.508191811715223	-0.6952033626584803	-0.45615506099198777
-0.7856041305885139	0.11370228177346481	0.728137208195183	0.8878542510385816	2.507995991406712	0.6931727272270667	-1.69171514358781	-0.46743426493024226	0.003070542484232332	-0.7392169113147514	3.8331826602614374	1.227924668067024	1.8822663310177121	0.0177095745280677
-0.24627897659903195	-0.7379150519286495	-0.4779002459411091	-0.3587069438059432	-0.7604727294541792	-0.6722042001065109	0.2845284184341102	-0.30035942282778383	-0.04228928598813098	-0.023054050207317472	-0.34100186984904	-0.6272370736600705	-0.3808312093805166	-0.4815331563558759
-0.1946067779929166	-0.4864895596350409	-0.6713871475121611	-0.25892326028836643	0.39740395519822214	0.3274166505775836	-0.09081191264308462	-0.5936490061585621	-0.8262903227267747	-0.5702985492375988	0.8818123823145736	0.5650228684724965	0.34691175643101463	-0.1996825072261066
-0.9163116430505511	-0.5485863164111959	-0.5402990983158683	0.5049208856288561	0.0029621218767938995	-0.2927526932853176	-1.3427336109002188	-0.636444214699846	-0.6779364216573075	0.7827309399008774	0.28263429667617596	-0.5881986525042459	-0.14491294865975743	-0.13773719785933689
1.8841514978389673	1.8239620710318165	2.137389597076917	1.9256793385475186	2.396953493240896	0.9644086273132624	-0.10357082397154238	-0.22096149888190003	0.37775242725685393	-0.40850722375316517	0.7364961734362115	-1.8477209015607572	0.35510054586285855	1.8855188611883849
1.3126305046406659	1.330597233049558	2.0716552843545006	1.1986178859530647	0.3771327466176534	2.257164724652198	-0.5337963905462363	-0.04133981255198872	0.713896533679976	-0.6777188136566143	-1.6579789779083345	1.0040522827809728	-0.7998389199546296	1.5153689045716772
-0.29217925550645285	0.8805640017737217	1.9510914628497527	0.061930924800326914	0.9696022407206935	0.3145283505988292	-1.6777548973591767	1.5256029399846076	0.4031033486652484	-0.6979566768571391	1.0431456781094375	0.0165881483813259	-2.4950185440725123	0.4642059465974598
1.528468284139396	0.13840613619360465	2.035292773383263	2.5737745814027253	1.8210110544537985	1.816392598081598	-0.16042618209629386	-2.5928115588609133	0.5404514622438825	0.8455573686320375	0.27727727667924007	0.40577246259310495	1.0784843322285431	1.478396205064444
-0.8293299525592495	0.393416087091148	-0.862792490717237	0.4791385563964353	0.9123682743235674	0.6900045129862135	-0.7520827427688995	1.2798917653282085	-0.7603024298894664	1.0822381507012044	2.145260757337451	1.5144906338324826	0.20076815575360357	-0.4146726032564978
-0.7793280528608626	-0.5962890339637673	0.7196318188270104	5.871368858853236	-1.1485999242731135	0.8879442217345324	-0.32662188026488603	-0.6776882864729961	-1.3307048753645743	0.6023975819236632	-0.3375549767323577	3.266987870221752	3.464566415283797	-0.8825893451367292
1.4218348930609026	0.978277633958938	2.293148065502799	1.5025617844604635	1.20919892374105	1.6578534486107548	0.39198608467124996	-0.34780827633075756	1.8617309853938584	0.1921019473492727	0.03707114466807903	0.4712309366390143	0.05758122491754781	1.175446354773883
0.5290181813781485	-0.0253708469457416	0.49025153660274823	0.2887680898653725	-0.2018200653229506	0.8198005067888623	-0.1596384785663131	-0.7484708152405569	-0.1806285369103237	-0.6020420287357466	-1.0521811187222647	0.19099050375770746	-0.5604645598754112	0.5358045541736748
-0.717071317513063	0.48675637545245526	-0.49862918022804265	0.6445272550766267	-1.2851588733211476	0.49086875529513563	-0.9214516179714286	1.0240138958134903	-0.5529102199407511	0.8378711081299436	-1.907960616821867	1.0269461213698023	0.732044325205842	-0.27406082707680735
-0.4615360292735184	-0.837060802008952	-1.125276522783321	-0.7081081252527307	-0.1674625982195953	-1.9292942742935115	0.46620336210740165	0.3624543611652509	-0.7030089328100355	0.13865202795564424	1.4374969454151738	-1.9662735421782538	-0.9160901376868683	-0.871315391170729
-1.7332597309519993	-2.053701911124904	-3.3421984543047456	-1.954784091798512	-1.832121562122358	-1.09832427749024	0.5339889601804998	-0.011023219878531434	-2.0915292928235143	-0.19371552111966034	0.3594735525152619	1.353642201988233	0.2785603853513505	-2.1028000562680553
0.38755850651673396	-0.6506272809971023	0.14687325020573566	0.1615457352038996	1.0522483702665988	0.16386417519792407	0.18806445788573578	-0.9923801769552334	-0.3011947603563371	-0.08866728473840901	1.7972242404657792	-0.14672128871903548	-0.9710358276457786	0.13900799070519348
-1.236768912405405	-0.11538259201356427	0.07417915817077081	-0.10677216977624521	-1.2263465773232098	-0.6359292723521609	-1.0661657910285696	1.1357145722892494	1.1630187899811493	0.7735146151719244	-0.7253125024805936	-0.20037753929046923	-0.5563598335065449	-0.6855393686858049
-0.5796905950959572	0.1895085680461832	0.43681091273695605	-0.42073267565209305	-0.5968037112264549	-0.33399966072386994	0.0728693992818142	1.2919609697007244	1.7672742340791014	-0.17933274773004476	0.0038817143635548118	0.42337433244011824	0.7461136532554279	-0.734890744425337
-0.6983491481069217	-0.4019515319720893	-1.6895915067949503	-0.7512824270796792	-1.541822482672139	-2.159991519025057	-0.11019434337797175	0.28926538165616833	-1.84185578301015	-0.8397523167375114	-1.5645788583142766	-2.516244980662991	0.9529499088030047	-0.7661007427263913
-0.10868043804745114	-0.17184880365575086	-0.4708077472568353	-0.5907335682225652	-0.07939454756095138	-0.809014168746212	-0.5225125814566802	-0.6912133255259335	-1.1269301065355992	-1.8449137280638082	-0.5143616491002632	-1.7472138314061703	0.7497110831012009	0.09293697503956905
1.8170277665126886	1.4886493666687854	1.7805038860559501	2.6829186197056787	2.1279326000702437	2.0204321975385575	0.30457707185148736	0.1146790243056101	0.2801122392406546	1.7219872886898695	1.1682864371881283	0.5256761362844875	-0.6013505128389827	1.5401120546532159
0.541818912992913	0.38157802465000534	1.4258723587137736	1.894520824121228	1.309443941539136	0.5776462364880773	-0.5325823134649428	-1.0268032646976355	0.3487542665889356	0.2954878958800655	0.740839941202486	-0.11722416818179779	1.6596547229495202	0.6657290388786825
1.5574576429067586	-0.13502348363022876	1.7801614389556644	0.8228041922783733	0.7149852185401999	0.8151387158386457	0.6541669980057233	-1.4337163247890718	0.7056486539137768	-0.37277088972161043	-0.14076328761255222	-0.37308218988937086	-1.3460307897813948	0.9944124691994933
-1.6827639694338308	-1.2801524902742014	-2.075012473453752	-1.0007400843981011	-0.4083141093557041	-1.435138149785051	-0.26031127050908354	0.4554109099838135	-0.8936265938615214	0.5870077868603182	1.9084572855868258	-0.1581797196047086	-0.06816599303218672	-1.539765837658052
-2.1723387072795592	-2.767745678455835	-1.0330821003070878	-1.5015843653986323	-1.2831771390109261	-1.158105273135115	-0.7071554697458011	-1.3524416669762873	1.2315412904688148	0.37752345175563223	1.111054790392257	0.8577926434258881	-0.5822980266120934	-1.8398210729476443
-0.3327067173494474	-0.09640244784880792	-1.474107346741523	-0.8898598381450609	-0.9451157708691702	-0.3989394791808338	-0.13196584633118996	1.1113867706198124	-2.564412639817836	-0.8103354640723135	-0.5015540744975675	0.0835588252915526	-1.5949638986983448	-0.44424173048102633
0.07597713630128577	-1.8761033342915558	-1.4565053884987074	-1.173087099185966	-1.7916154699673812	-0.2010502025114449	1.8868759713394245	-0.8638150813338504	-0.714186197465897	-0.12334127652943916	-0.7591905362693844	1.4223702483969425	-0.8780794887670238	-1.1821983877378408
0.7158324253085049	0.9528443466486912	2.0325828247125686	1.3433635406284612	0.9094662329803141	1.03455827661893	-1.1104512676780964	0.008744467953370359	0.7781913870202846	0.12869012947504774	-0.18257722391533285	-0.3778683056342712	-1.3276628882588397	1.213130243528437
-0.6986396512004538	0.009039257174373094	0.26074616706332626	-0.26571508975392155	-0.026363204762876513	-0.6414670655541925	-1.1093537911397058	0.20908839611005423	0.5396389354391324	-0.5896058625490446	0.1495025972501495	-1.2734463727323397	-0.21894570828229531	-0.07262463883520037
0.11209578880850574	-0.24302002243654297	-1.7565078384957447	0.6901439505267667	0.8863958821238209	-0.5095265858362659	0.7657794258686579	0.13189918139318962	-2.3099142347787582	1.2826571723816413	2.0254410063013366	-0.3928776642112806	0.5894492494090089	-0.4400493811542585
0.18878575627572725	-0.2758969048158375	-1.154320517598932	0.7272016742924412	0.2529070773316951	1.8926100195713675	-0.2852365341139319	-1.0238866714970039	-2.5070630774406855	0.3141257324813385	-0.14255566682393664	2.239303251233448	-0.054446709716608	0.3493244400256864
1.6662014890408472	1.7229304522408802	0.9576446373744261	0.8712398510089553	1.170544583554034	1.6911632686357823	0.3356626111885518	1.104771947882481	-1.078394401455584	-0.8207905990064684	0.08956058489232224	0.5305259643336109	-1.2242592536164403	1.3049191342346798
-0.07790932639942694	0.38354989553923746	-0.12949997308062355	0.9103962892772599	-0.08160327405869472	0.7890688148563751	-0.7675643081527905	0.1573186895575505	-0.8003269389178239	0.6926981411866627	-0.6187690469268743	0.427687665779613	-0.24678480322434124	0.3385156424495754
-1.4365285886522845	-0.9719841450835233	-0.00029464789488287124	0.4630452133506614	-0.6683521155014339	-1.6792561996900688	-0.6427473680161095	-0.08779058333300382	1.1956520481489388	1.1573174871521632	0.6259136476683552	-0.7090772240741604	1.6216593027730721	-1.2436416556383354
0.10329424810054616	-0.6070926346181256	-0.3626478896367147	0.7858897003211681	0.868436508386254	-0.004966897612208948	0.6956187299846887	-0.47092294035747845	-0.07252102359474814	1.5172664574110675	1.988291284500948	0.19062712514646799	-0.02632497054468511	-0.3192738762947015
-1.8577088111897242	-0.7090472807247203	-1.9369302483370272	-2.074902420003573	-2.230080169020482	-0.8157433765084328	-0.20662214914161842	2.4896262245982936	-0.7404115568660882	-0.348204575145394	-0.1977221919364804	1.788299601602926	-1.4495380238229802	-1.9129154107191004
2.5757977288610143	2.796358138667317	3.7315834736799838	2.27384437731975	2.6903215753060343	2.828578578054525	-0.3475571736651865	-0.21774383286677385	0.9358678489421501	-2.362330700210897	-0.15439346022940195	0.45253502394387274	1.7104923087886854	2.5849059766296443
-1.728578981698127	-1.2468425103098275	-1.2069829343563179	-0.78788236220834	-0.8096669413929104	-0.788667624390305	-1.4376504422971907	-0.7133876875391905	-0.6050048246404729	-0.4460538196544208	0.04841163169403197	0.11494749593672007	0.8523482525448306	-0.9892795482952794
0.5304186720517883	2.0640447698103994	2.30896116256993	2.052031771501623	1.4300863184206096	2.546006772745313	-0.6731718067785376	1.6904461549987022	1.8557593997260187	0.6889027488306716	0.7980438827413711	2.962989804202648	1.4892634783593814	0.7519243811393018
0.040797206547009676	-0.05927054911900656	0.5718083197918011	0.16464299648621122	0.17567999257428596	0.6603231045494795	-0.1661864711929164	-0.3353928342968734	0.7530057482557607	-0.29827838957907055	0.056301310562531	0.5750773879988564	0.12556896910627666	0.11685135763786214
-0.5870691860962565	-0.4777570803784301	0.6599107409543354	0.9249618235545604	-0.6536406631833485	-1.8525832615860378	0.3942904761989219	0.23833972812547258	1.2911689020265933	0.38711086409231243	0.3918596234456411	-1.1433596661408871	2.16728869274654	-1.0542186558030215
-0.6956312849824996	-1.250544438167245	-0.941842218813665	-0.33215072411517743	-1.6792378260499863	-1.6379752037060702	0.7793498340362802	0.09789614823165167	0.42792117034964466	1.272179053732063	-0.6200247654153356	-0.987429706016694	-0.39634593233523435	-1.230012940639189
0.7531104367602317	1.1181603549072923	1.783223479598821	0.9764927025651069	-0.7855059130817332	0.052263923940039536	0.5023769776898368	1.028952655418084	2.1743140573273667	0.28574866228045903	-2.1082280910384052	-0.6706374669676265	0.8731372639254839	0.3261613088713451
1.7949508174136293	0.57962564134711	-0.7382084317582109	1.3527565649854167	0.5337335367745197	0.23284380230375962	2.0553724789151215	0.16831708842173043	-2.116646634472112	1.116151197427152	0.09125496333672416	-0.8077990919527285	-0.21813703647348728	0.5222627955887692
0.7526599173959334	1.6657615812508284	1.135327018120987	1.6383143932909692	2.0325282180092463	1.7624578939464128	-1.429264718140724	0.091309513237457	-0.7655698541045783	-0.28914662102011357	0.7026271270792103	-0.049675925710702507	0.08955477055166232	1.5930649191980217
-1.562028695043045	0.08101957891320594	-0.495413676960682	0.04453105164623869	0.17401078242282175	-0.1417898573658079	-2.2434121771225395	0.7407067838070892	-0.4069071822307146	0.32307796811388906	0.8921550202545664	-0.07107229645468224	-0.40037526551098224	-0.28332943826885115
-0.6056720606804091	-2.3474299444969082	-2.231238210708945	-1.4693989131042755	-1.1720725343737466	-2.462588807854809	1.6503806583332667	-1.1950965261302215	-1.0333617178582657	-0.06629867732875813	0.763794634605918	-1.7484074461936423	-0.08800871092523041	-1.6127702866337295
0.05709973884071168	-0.6010319343761018	-1.5358830332564322	-1.770485806511126	-0.07254897892188567	0.25393428318790556	0.7596746692967483	-0.3400366037926903	-1.8589765343663054	-2.625682468434139	0.5409076518193473	0.7999495048389605	0.13590619708762786	-0.42419121151801326
-1.2717550111336828	-0.17313646900903346	-1.0183951367654065	0.30402267366108715	-0.12778166141021488	0.5646141061874738	-1.8287989045374282	-0.04179076885852832	-1.3709326249746652	0.3445825119485531	0.04591004769951691	1.1155592255716955	0.6055093814148531	-0.2691638839768871
-1.1239393389458558	-1.5086226454270357	-0.7018198166841949	0.016992521743336875	-0.39971452320738776	-1.4814817101448257	-0.388700479697835	-0.5268558643756799	0.2677420185801422	1.584537181192588	1.2850869270904863	-0.9872219884108024	-0.8784848547759738	-1.016812155846433
0.721275569839747	0.188870658871035	-0.31360580349701445	-0.14366766397874692	0.353862367069669	0.1485642238741732	1.7906271843326078	0.8913629619877543	0.12278933666670008	-0.011881670842159402	1.1677239026399788	0.6022186441355957	0.2918208364823334	-0.40431128561808427
-2.1398676189447916	-1.7974866868631643	-2.7889231583914658	-2.1368619175046994	-1.8786808008644005	-2.0858182180848694	-0.5986320908659865	0.27953645009014877	-1.6297567231037466	-0.6562934980278796	0.13692613048404545	-0.6619813535610437	-0.5102955814711748	-1.8631494406230185
1.406982781214555	1.8489997420858795	0.3856315659697498	1.0200307040057104	0.9372570699511691	0.4608301183734057	0.013236091210242723	1.136033588104112	-1.664018293050054	-0.6370129134273861	-0.39879658115606037	-1.660225020063988	-0.6546924971098796	1.2983180886453882
-0.46455662599688874	-1.4171309058946437	-1.7799271078958054	-2.2076269234405954	-1.080150719977457	-0.8492831732326211	1.4686770403790284	-0.13762572856189995	-0.6643181535865436	-1.814833306165219	0.4268739435802906	0.6227663704374586	0.3731289431425667	-1.4091812573860172
2.962048615009333	2.6908131803986177	2.8409420535272014	2.589910372932269	2.6921423313881268	2.43498982455048	0.31158846285187164	-0.2370006695068078	0.024420387040589877	-0.958525525842451	-0.18711095128471655	-0.53140989775878	0.9651679223686077	2.6399799976289806
-0.9741761755153147	-0.9124984951492222	-0.7231502625096977	-2.066452861244784	-0.7963823613106003	0.1911733089963138	0.02632908425643296	0.25302722939129485	0.49129563271501714	-2.009462056069988	0.4461478967168875	1.700675123538378	-0.1942160709940785	-1.0254716185851833
-0.7433695276021559	-0.10814079451106784	-1.0945824010764893	-0.9706134977274337	-1.7484152159272952	-1.5460514839374713	0.3111516956152597	1.3695955539872753	-0.2614151009477651	-0.40147415234978234	-1.3641913631933806	-1.346362814840765	0.04084432707630177	-0.9380669923186934
0.5509879365549704	0.4328102586421898	1.1528084051529404	0.6161421343198864	0.005712024790585413	-0.05864446518383065	0.20314671943035495	-0.19175106606945921	0.7469593904184065	-0.899790419319277	-0.7308325207669771	-0.5232397973222207	1.5167887504738413	0.24450314818909705
3.208727804596009	2.7370123107931317	2.6742798331436344	3.143087472876293	2.6210020366642874	3.4295963708727024	0.04753151273822107	-0.3460905733019835	-0.8211215006354209	-0.06268209262097173	-0.555549752141368	0.32401414764639574	-0.6668034940609425	3.0780273535865104
-0.2853296739930836	1.713573590303627	0.26943693645561806	1.9271926989885837	1.161765336855561	0.7882737765511861	-1.9778796525522515	1.3118253579907688	-1.0142975554663571	1.2638180487320543	0.4032269501278069	-0.3118642277228456	0.5876668188731171	0.8089450117345425
0.7685340060257824	0.8833862060833185	1.036793762552153	1.1224860001185002	0.3706359537661643	0.3705637330487005	-0.03800452330759536	0.34797163149923693	0.46716763288202284	0.3984716261273434	-0.5082922733342073	-0.9279880519129695	-0.3120651317448713	0.7370162535327507
0.5218434524390383	1.044647730934914	1.3779104363421242	1.4352702542447944	1.0580103518809154	2.7370705030019535	-1.0598502576669693	-0.199117639097826	0.42261775823047304	0.10485558095959463	-0.1757089245854809	2.391992203955299	0.27393068529507736	1.109332177334594
-1.7150381007359203	-1.1090967774121663	-2.684483165081277	-1.7095981765901325	-1.6222093708542746	-0.8165958356569479	-0.4325929669852221	0.699822583970343	-2.0020861828468752	-0.6401124410889018	-0.1557572555004847	0.7961295415780695	-0.19194968177324878	-1.4906003914397223
0.9159170766345838	0.10590268621580382	0.8745769581242767	0.6170248783879011	-0.2915729400632419	0.8554159905928291	1.2361678543306636	-0.12252927877751259	1.2203863438268128	0.38506102013470245	-0.784166243240871	0.8852729867166158	0.2457865233128101	0.13026294881974934
-1.5772544058442795	-3.0965677721031204	-1.7253841435130999	-1.0471445056049349	-2.2268062254083674	-0.46437044706595554	-0.09306292345825205	-2.640607525764498	-0.28104390426867315	0.4207853724788579	-1.1889281324976717	1.5432481880258306	0.3349930957122483	-1.579201875786871
-1.5564710957399654	-1.0012400271967137	-0.3184787485084405	1.0169309479569413	-1.6155951461116718	-0.8326895210239772	-0.9487486468252582	-0.38956440388751684	-0.23545501789938283	0.44790736832470357	-0.9013380728897543	0.8738537880818625	2.289267513670598	-1.2253548875983233
1.0453519052283748	1.1618725979690345	1.460147494827438	1.9943171742433972	1.237521159230828	0.753917947998074	-0.780507067201683	-0.03937289532163281	-0.17452167061480997	0.8993317068621762	0.039028489180026285	-1.230781661293459	-0.9652033340705818	1.3785370019761305
0.8532943291381372	-0.3208531534746001	1.0128581404940062	1.7084363457491627	0.8302746980198212	1.8955834154242592	-0.09009358061521956	-2.059552640216379	0.23330184480837726	0.9726415526031321	-0.13951269659895724	1.4160703532078536	0.30001746384055517	0.8548749378871162
1.2084315062008861	-1.4040398813290684	2.354646014810504	0.3276471824926399	0.9006314483723596	0.529716827871643	0.5197179591526863	-2.402087066323002	0.02718309714265752	-0.509980679710387	0.5332629148445597	0.1704293712733168	-2.9286468162091124	0.6229417217065553
-0.9269533814160601	-1.0441947398614586	-2.00703680677973	-1.5689460379913305	-1.2039455527898304	-0.8126308246862631	-0.3825096346135357	-0.5838470406695424	-2.1350985401380553	-1.7989563811546763	-0.8496497655702634	-0.45762534099473673	0.20076069139536357	-0.7340386537388058
-0.4460702036449476	0.7042448357910258	-0.467999908773004	-0.3397371562782303	-1.6643510709135567	-0.3089789959538379	0.4259974535390098	2.3424126008025414	0.41032047592136744	0.2682775038733086	-1.6052283373217744	0.3444592603989796	0.0698225345007329	-0.7151672315906457
1.1937818104274502	1.0249624237830046	1.4566658725788213	1.5577786467647736	1.1838005664641464	0.2710787701075552	0.2134340017738224	0.03980899458353739	0.6939237698347634	0.5900533921335804	0.3042763592782318	-1.601293533876661	-0.16796176404447377	1.034669379841777
-2.6288345091663063	-2.206319748323332	-1.4599289978134502	-0.9819315238901288	-2.388960037096854	-1.7748443353368142	-1.2346629491894545	-0.3740704522525836	0.7668398503806927	1.3238036974198373	-0.6793138044774023	-0.06069924754215842	-0.24781203831549836	-1.9323150693086821
0.6562699513587981	0.7615125612542845	0.7289725962879635	0.5981077734105764	0.5096360949617635	-0.0010098616838260521	1.0011402384715309	1.0793618965693008	1.0350946806084906	0.2515028053172324	0.7078161646496698	-0.0571255697307352	0.9691501071627566	-0.07993459811984735
-0.31555639653593204	-0.7029928606923426	-1.3777893105367158	-0.3461697235584287	-0.9865307856401965	0.09727678460392497	0.349261859405125	-0.4756730755213306	-1.8005881286134575	-0.7891548674508174	-0.8037818304938343	1.2829377577647127	1.4223680990008893	-0.7020626351797221
-0.15475733513583229	-0.85399669907949	0.3170554674140438	1.2483358342717672	0.09157033114486235	0.23529908334200916	-0.9337101578060824	-2.105070469997208	-0.09973785334436928	1.0582583503484708	-0.5286736343524195	-0.5491076353664401	0.20123088762532054	0.3687994053937705
2.7551744244555207	1.0466893799322297	1.208823298023813	2.221016259570647	2.599010417661739	2.2706839010301003	1.4322656624445749	-0.9059474191440106	-1.197157253086376	0.6175567323691069	1.6435137896722518	0.6275140743771236	-0.8907908154302046	1.768415994504677
-0.5632725551432665	-0.6783214854247294	-0.10151011932751888	0.36599639979211573	0.0291519905393847	0.18848243648368204	-0.9826813471604061	-1.2164260600734047	-0.17439590929036594	0.11964054901585068	-0.02613256360192677	0.1475469406005491	0.5892545692776346	-0.06631676323621347
-1.5970683064709785	-1.3156665570705082	-1.244108503870731	-1.6430299147920246	-0.6612476794143974	-1.1437739081345695	-0.653087624624944	-0.20712991396349442	-0.006704096560630661	-1.1199340136160851	0.8876277605525328	-0.08533448964973854	0.4192979938892809	-1.2752482074702676
-2.0321861963449845	-1.4420673055982915	-1.746824518608759	-1.2270569524736064	-2.167539584538445	-2.088901873679095	-0.7948035708691544	0.054711784632049246	-0.525168609001584	-0.28030473118737004	-1.0687530765725728	-0.7553602253890157	1.1825357982176186	-1.7114015360210448
-2.148733162574116	-2.59638626940985	-1.31086795436982	-2.2865677925753602	-2.1484965547473447	-2.653898448943236	-0.20515097267638924	-0.05916289704587893	0.5715230676036082	-0.16698267260978059	0.4558538056919162	-0.6787037449742837	-1.6875862682993068	-2.223371277522461
1.6098439199515504	0.5110323899440196	0.20178650920475139	0.0371804312657093	-0.17821564810419036	0.4432529338590509	2.1422191191907123	0.5002283687664036	-0.1469104856510612	-0.6367451153743535	-0.6500603117297991	-0.03194098709874644	-0.3032354322090463	0.2715424551259867
-1.1011989804898399	-1.5503484966067438	-0.47016431971670797	-1.2340266116604994	-0.7705164685373151	-1.5107000848807117	-0.5117315189791811	-1.1440665425222858	0.5846470201560098	-0.9553832067690604	0.15532052409091965	-1.4664115771833879	-0.18174789799110708	-0.827558991495151
-0.5223359241579137	0.3910098067003467	-0.11823991536545153	0.7917185860941662	0.24610302408320583	-0.7927657397814616	-0.8366786514584686	0.6838725304536069	-0.13377351580798874	1.0165145046800217	0.4424239728503431	-1.5858935672387213	0.1041597185027831	-0.040145655272374084
-0.6857743932689355	-1.9078932612103245	-1.649805534216798	-0.7620685082369087	-1.9065375416282997	0.27138582723286153	0.414369684494305	-1.512870047809101	-1.149474952053258	0.05889686724953344	-1.5108879435467577	1.7337875239422083	-0.17100920090569754	-0.9659693923437244
-0.026669122721905927	0.43235303577101036	0.7485148440830507	0.24530522279201653	0.31493533436602084	-0.9971008457102615	0.17063389273697005	0.8072065297530769	1.275944930181005	-0.17509608778055283	0.690906621120736	-1.3270199174586956	1.1516086557715584	-0.2822926132351475
-0.5927766679483493	1.0085632388120351	0.6668002770740333	1.6339543865189579	1.45755211047195	1.3774614985812423	-2.236087376762211	0.2629647129993523	-0.4780525993090731	0.446038851503523	1.1424355598505844	1.2707553641865168	1.374206570688683	0.575943096874687
1.9939891664741847	2.9136079943460995	1.754317081727752	2.206556791333342	2.0921041684347346	2.6998846159690024	0.30478202103475643	1.7670970505090593	-0.11124372470255126	0.11447499880280526	0.42523036873057946	1.4439512254018767	0.7976033644687043	1.6938290911469234
-0.20724084485923389	-1.5029283545522854	-1.1859512678274706	-0.5653809288029538	-0.6400487422012264	-0.5669581844942655	0.8643713985636329	-0.7287861403874026	-0.8710424334638489	0.3770146764391937	0.6559069244390725	0.31752637600551353	-1.0038797534555122	-0.8648807196287412
0.14118321289799662	0.6091466861530895	0.5835936596947345	0.11885885663938703	0.06514688411652964	-0.5621084331153785	-0.24372330824907731	1.1880115505304558	0.2909768251303159	-0.12427159415351512	0.1967696992931972	-1.2843202997902807	-1.1773011190327884	0.1317999796413738
-1.3548105098436414	-1.5070877574756865	-2.207066909937015	-0.15478489026071607	-1.9008092250988047	-1.441683595747297	0.7243989734379063	0.45022770952949764	-0.6369924279391388	2.341494250262899	-0.2026656364860056	0.3816381983407055	0.39153502823829206	-1.8555313888410436
-0.8991845545737451	-0.5331631474458168	0.07623109399187963	0.12997015124882388	-0.17988039761868818	-1.543272382145299	-0.5684082988899709	-0.22548782981697127	0.26785300542993623	-0.6198671944020722	0.658684143901409	-1.2018185089667774	1.8479423954486185	-0.7674589286453578
-1.6488196531296813	-0.6594200688890904	-0.1307948673620448	-0.5533656673372008	0.11127442941708557	0.47349074393905166	-2.8996498256482903	-1.0191638252935071	-0.3103368296241871	-1.1965636907519845	0.2624043303543315	0.4337286223960409	-0.375582674924115	0.02719476127183679
-0.036928491978680644	-0.30823919392776333	0.6481129990594954	-0.07527182504564034	-0.4282012451178764	0.025342972687904086	-0.5862737217818033	-1.0742347807114483	0.6025510257762342	-1.0773546748714433	-1.265669933510216	-0.6254464657686095	0.5374639222885988	0.22880889004138585
-0.7140168819232535	-0.12799150405347065	-0.3542890647327726	0.07379700584991461	-1.1974742391965973	-0.6688069947332378	-0.308027253028169	0.6257860150172485	0.32885252297021283	0.5556820919045423	-1.145101866203642	-0.35250759730109116	0.5965021903616557	-0.6227635511361509
0.8088473378719718	1.0654746018965864	2.027070046613093	1.3866638720491575	1.5328385979721908	0.1888016321901903	-0.41375813943869644	-0.13907637325602096	1.3410822145992327	-0.3810255428737704	0.7485790802805964	-1.2653077269064934	1.285812611260962	0.8917579035980066
-0.5176792393664329	0.3042087382923119	0.149351737532794	0.4117047526903098	0.5225306468616572	0.6222414011168158	-0.7960042845806558	0.5000808781974645	0.29117597980678517	0.1957213096229661	0.8935736966898931	1.0760883496650686	0.8200463894101107	-0.1598490665081889
1.389816033884476	0.6154884686283213	1.6911044479651358	-0.05667057128238495	2.375374003245781	0.8670445918633773	0.794563442164969	-0.5404112728323617	1.331674359975116	-2.0704658597686714	2.405032819298162	-0.19169747468169904	0.6087336114623189	0.8179885100352746
0.060893762629287806	0.09872094786824215	1.3894900154888372	0.6652875126552471	0.3329699117178986	0.9504843764248228	-1.2689672361884763	-1.2062567727446336	0.9595000285566195	-0.5956627530148318	-0.8158366021824578	-0.10447453883222431	0.045494846894762644	0.8133760421360698
-1.4269761829806675	-2.0956996464127227	-2.0005854967306607	-1.3319876268680761	-1.5534638195555093	-1.4628746348403034	-0.2369028649537821	-1.3805543535475777	-1.1388575499909512	-0.48599985261451495	-0.47082628043837277	-0.46244431822751025	0.4780833912196619	-1.3629837125281083
-1.0812643753016031	-1.2756393691976817	-0.28741329611477956	0.2564873009507934	-0.37459355602936173	-1.561324558393462	-0.42768955494977756	-0.11446577243819776	0.7113523030252205	1.950808951768996	1.3087251164153841	-1.1100252630107923	-1.1473239326326368	-0.9774951192082357
0.2295542149702779	0.3894417805710406	-0.2028899839120798	0.09289202213381087	-0.4540734496933625	1.041762039197776	-0.2886663789238886	-0.03874000514185827	-0.9502179450011019	-0.889217991315874	-1.4422497455983487	0.8515939062281512	0.3490861266744221	0.34286855832127117
1.4212401271111432	3.2346523274751435	2.3438096145705285	1.3373042925597014	1.7947590018419934	1.6026283158186314	-1.0766457584735767	1.8670968862618589	0.4243404157971442	-1.792690090131135	-0.4995670597613533	-0.7883102484107738	0.8522156255350787	1.9439510706110128
-1.083209804258649	-1.5492771798330214	-1.7822389127012552	-0.7147206561673647	-1.804222642291804	-2.591185672115857	1.4448948949056848	0.45492127637929247	-0.24751925022479282	0.7386308513362291	0.22742805945918496	-0.7438439196647469	1.5920223969640397	-2.140634425053405
-0.7342236368144992	0.26406065090119457	0.4951603608281638	-0.41127180343460745	-0.37997291562991514	-0.9088734143049543	-0.7661041984779255	0.6759079543794748	0.7158912429717184	-1.6128429452855308	-0.18554607240578694	-0.7133812391456089	1.6338203931214659	-0.4682482003507835
0.5132850507440307	1.312051275487912	0.20534247618584622	0.5737429797562137	0.823851635003007	0.7695931718272218	-0.23313859591444733	1.4721816692085385	-0.7162923518430322	-0.14620603727934228	0.6447558972671962	0.08844161075212977	-0.6322005417082185	0.5551823823044325
-0.4558988617084032	-0.5868218235903739	-0.7550672902267955	-0.7104055482471519	-0.5909296208382151	-0.36437983524272755	0.7806475373930488	0.5112167077442327	0.3054742797936694	-0.12007538429784276	0.5200854068467919	0.8392922597456861	0.661245001998766	-1.0258008486366668
0.7432712487138979	0.9818556937691707	1.2332876486855928	1.6404308950269069	0.18127156992197768	1.0124261322424377	-0.3921256052170228	-0.01684206957898475	0.4829789957567748	0.714792575183247	-1.3472890012336571	-0.13387261294528	0.4122698536714319	0.9095069647822751
-0.22290943811271371	-0.3993427021166544	0.038202896081421606	-0.56176149163455	1.0598746520219071	-0.09432393850074608	-0.3005429038871359	-0.39451806682449114	0.19311214688769054	-1.0140682037828521	2.0356744686771666	-0.30957083878239877	-0.32148484456734505	-0.09833489310849072
1.30748821047835	1.430632556859365	1.3736151365071427	1.7255451808991211	1.2137143517577074	1.6955902399648173	-0.43554149994575136	0.5077316924603141	-0.6531934060505085	0.4611594662976201	0.019665970850775767	0.42627228259270317	-1.3567951404964835	1.3973525694824733
-1.464592327501791	-2.8423565707577554	-2.382636726317347	-1.3805806942191523	-1.8026869076701948	-1.471326447862022	0.705715855470304	-1.5632653144966806	-0.8114206444525371	0.5394133296728546	0.16951352839094372	0.3749515627825331	-0.04135497787460262	-1.8961263864848266
-0.5578359925318228	-1.1635340131679255	-1.3647437210608375	0.4509404203493319	-1.003463900257514	-0.9627099944439419	0.3868051738296182	-0.7404714447893974	-1.1089011631724732	1.3215918513517706	-0.40572370710945743	-0.19598574188493895	1.0909658329249385	-0.9374443128792747
1.6099838041034717	1.2473085668699586	0.7745715938132789	0.8993954101026918	1.6343049987083829	1.6113888338701647	0.5759932625641799	-0.03768364936825898	-0.7624229461282542	-0.9625928437613148	0.6082174938941264	0.33113067817406794	0.2539653987818252	1.219125676734549
-0.11071919265751873	-0.24283751135555998	-1.426997963545451	-1.0443797332620486	-0.7603889517682475	-1.4021872832608375	1.1598154915578014	0.9164346646224177	-0.975928812765612	-0.7869118228798493	0.05794915056920959	-1.1798484396852351	0.4207020100214814	-0.8768387121333069
-0.6481252796675143	0.6058597335615944	-1.4613498741611333	-1.2584949336701037	0.10618198915622795	-0.5500858769123048	-0.4648434117050531	1.601035088699462	-1.762619848373391	-1.8752870979450622	0.7726116158830664	-0.48525271055523933	0.4298802980260181	-0.44073737926328643
1.3406765436638324	0.7147943086318	1.9260820913872079	1.1453201851496777	1.5159503087064707	0.6160763684037021	0.7460208618241506	0.09216234823627416	1.7452838407037794	0.41731933856431275	1.411750114320378	-0.5557801793872648	-0.660635358919641	0.7916239714739638
-0.7727942722689592	-0.46697171347057864	0.309920844894657	-0.6513210053078585	-0.1732842332723645	-0.4715841814555729	-1.4368711068297535	-0.1857160481694344	0.0342752555837176	-1.0328431221885093	0.1753281686824879	-0.71651199591634	-1.3639980902797948	-0.08274246651295905
-0.9053695465079905	-0.26900870290460693	-0.0894307252207733	-0.15113614066562792	-2.0282716147868243	-0.6787936652047841	-0.9822458375398795	0.48424535378533223	0.39337479818705395	0.2832002936820355	-2.4658217104310904	-0.6860350376616924	-0.6918479580944891	-0.42118632355690844
0.6456724233560127	0.6311515189139363	1.351305623016578	0.22398119767981894	0.26304148669639504	1.2318354119844686	-0.5948484637070124	0.21498688555752685	0.08196563275688475	-1.0540740080932358	-0.5857150722898471	0.6925279761953135	-1.561512619150107	0.8144619114094417
-1.2293170286766588	-0.35844761336749703	-0.4599572253684699	0.7965392022339103	-1.3010925863557867	-1.2492340352069053	-1.3705496189472568	0.014129151849489839	-0.09655643557050879	1.474703203248821	-1.5320446029859724	-1.4514756094223908	0.7729628221116048	-0.5215176688995119
-0.44580785470311535	-1.74713357682421	-1.1118514201398522	-1.3204125652132916	-1.1068487458648562	-0.45841526992569165	0.9907441977601467	-1.1790431417614942	-0.09689620802122184	-0.8021563038585993	-0.11187759570185946	0.6617008969182528	0.07577130907849672	-1.0548619535830128
0.9578630565293479	0.6521805751021164	1.4446869127787856	0.18607710769736419	1.111309423456527	1.1295120530230287	0.2575387162802388	0.32055616068913345	0.9584119983476956	-0.9156793561020499	1.0304033083775923	0.6018402227176589	-1.0162335490971237	0.663093588508061
0.7429169759561283	1.7006122157917152	1.3509251814919812	1.5730218631337125	1.9950369124260745	1.7721086154586971	-1.296388507337504	0.38524180942254904	-0.24747385656661694	-0.16353183541121763	0.8758213110874024	0.12990303507539222	-0.13222766980639852	1.4959126640994653
1.5005511561166627	1.4660609831624352	0.5705522900227753	-0.09655818612049927	1.5092371744701105	0.5318342873415587	1.0399410192975802	1.3782409333918764	-0.48945215302308587	-1.6204889006394292	1.4336583168397068	-0.6637675717112292	-0.6728323808398994	0.7736828992952893
1.468740079551035	1.8332615060247035	0.9034768691983542	2.40775285921345	1.2970996054900228	2.740642409421005	-0.127143805595583	0.4766112544609073	-1.0286238302251014	1.0963595829051933	-0.4167719513662628	1.7125007732620172	0.15826608314906823	1.5156415367183456
-0.20277532115151664	-1.4918135880082057	-1.6588706930179054	-1.6921792722652071	-2.558925047027997	-0.041708598736253766	1.9497271505007625	0.43652845330250917	-0.6586732487290711	-0.3847615063459085	-1.4197482629438634	2.3340732396241255	-1.143264915053639	-1.5250776769789836
0.41963714269275315	0.22961712846935817	-0.5542083014731822	0.9556040370354852	1.024512996088855	0.05942955516978731	0.6752805690325062	0.27222157696619387	-1.0046791256921763	0.9613749785487546	1.6361872607115655	0.08254010940826154	0.9019638768128403	-0.11410859307292619
0.8455120151999415	-0.05405210839888075	1.377711097073847	0.30716778502763614	0.08067684182516224	1.239396430339722	0.9928276445787987	-0.40733878499374926	1.919674196918713	-0.14239852491269578	-0.1829933819769145	1.3676737963476313	-0.1540466968238987	0.22116050196214854
0.6369065305992762	0.4802901887238736	2.231129009262051	1.1973325185988393	0.47789425842786176	0.589572823625411	0.16398756625557503	-0.1518009013026547	2.8378686130316075	0.6094980690047773	-0.1381572273776833	0.001934419906496674	0.6875781428847744	0.4338551009285116
2.1981601781186857	1.8378274598054212	2.6652472480408003	3.222683479861618	1.8540755804093858	2.845660318425266	-0.35390881008658076	-0.1719282837962661	0.021536942218289924	1.574366701059873	-0.29759315284205934	0.9842896302024647	-1.4510774621047793	2.231199922504137
0.17460077158505372	1.669056713314424	2.2307676058415145	2.1229304218660254	1.91342359448957	0.9662286961751014	-1.5714537405752065	0.7530776275690011	1.5286965253281868	0.6685695394283275	1.2865234304631097	-0.037751659598715966	1.3553933418947657	0.9461314683940704
1.0014831582815458	-0.822694914843535	-0.2215748823684349	-0.15510607236992924	-1.278074986294132	0.5807460505827424	1.237413184335133	-1.7073282600462847	-0.7622451139543198	-0.9315063801833395	-2.4664762068670445	0.2526194472029433	-0.1483446028923244	0.2313709617627007
0.24624187559326732	-0.31538117122918385	0.17061537025503032	0.06009653426049099	-0.002661942760684516	0.25304421093243307	0.42287972782541394	-0.35849705325931874	0.3498636707648676	-0.07526300695762042	0.16188793372506796	0.1838539015924945	-0.24491646199323047	-0.051299646874946536
1.265936993363567	0.7339270537969298	0.586498232312588	2.13083434785724	0.9010059165043065	0.59986426769455	0.714176925747253	-0.049569211727543847	-0.371867793362263	1.9394699361221959	0.22849912792135543	-0.664388216194221	-0.19264105962789174	0.8021967927590344
1.6114791099433783	0.9296831411259291	1.3139922751765858	0.34908791812437046	0.8286719474381474	1.7800164141340806	0.5256779334073248	-0.6803186640616579	0.014957648263939041	-2.120225161595937	-0.8218469680508644	0.767204209458149	0.7927742018629601	1.1793194991903317
-0.6678525992456248	-2.7472552594635813	-1.6865527248235241	-0.6620582689844184	-1.2046038332001545	-1.0356533801309822	0.8984642719433427	-2.024917500532726	-0.8803703696326237	1.0036062024061383	0.4998016587924596	0.31682293646739523	-0.9559777747273406	-1.3411092041984776
1.4303751065324464	0.8017862375066535	1.5913501513247066	0.6650434645105258	2.041091703953976	1.0024829061477711	-0.11830294618969106	-1.0995468853886772	0.17890691392129368	-1.6624628121748943	0.9659032220370805	-1.1306667434581175	-0.10204499097688148	1.481923366935236
-0.07548221040009262	-0.15754347730719642	0.2662603722935836	1.0492349144640807	0.21151749653678165	-0.8159626616000163	0.5471991321330071	0.7229642599465436	1.1662918627895746	2.3628450580007896	1.3303886853646385	-0.836895241888953	-0.5193313688270401	-0.4874557595097146
-1.2167361754442787	-1.195993721141548	-1.2293789357735248	-0.9726429739396788	-1.1548442757343043	-1.8893400497426933	0.3942817537953752	0.4333359113630738	0.3754332957536283	0.472246277151631	0.5019183033923551	-1.0578125380504428	-0.006736394655496582	-1.4546479890282928
-1.4347696606604914	-0.15539458977857584	-1.3170577251742546	-0.7472366021547914	-0.5013811347648893	-0.65726571722777	-1.5020148270881526	0.6301354885982283	-1.296452195168718	-0.6897468604652054	0.05349266128264425	-0.5296994815765589	0.029418047177279912	-0.5393594923729688
0.29166596086833285	-0.7635216159641552	-1.2487745680214446	-0.09840315451138493	-0.9573835826989924	-0.13289011145420082	1.2045163588932448	-0.12902354402535807	-1.3572898019060438	0.5758440307806827	-0.47301976427682707	0.43050177603478934	-0.728223926389488	-0.5404627042710428
-1.59253880210732	-1.7215539603881709	-1.4938704894049164	-1.282887837914848	-0.4245673253865503	-0.8124387358143359	-0.691007820760104	-0.5452195444340316	-0.4913844011187883	-0.19820402553614774	1.6041874526137028	0.49375698838266535	-0.6076605639682859	-1.2728901209340946
0.4316915884839345	1.0883142517713897	0.42594215867586205	0.40339285263855784	1.0454597973623416	0.5129355112798385	-0.636970107478563	0.4179842413682608	-0.6041836597006086	-1.122498801004769	0.3565851590094534	-0.6325674006234568	0.5681413070682526	0.7238954455367826
0.2963184548623745	-0.08574104675655281	0.003183178872588205	-0.4513433290232647	-0.8747206871457032	-0.04240074382422543	0.5140003858953225	0.6169632859165805	-0.3051532860499154	-0.5313520820457399	-0.8254783933156858	0.16611485482892888	-1.3603684699664182	-0.18384532431321735
0.008975829663371182	1.2025917312574483	0.27342487660618586	0.7158358863629072	-0.5178744616456674	-0.6760947170889774	-0.6966793880108583	1.2247764213698022	-0.26677378339722757	-0.05393334962513795	-1.6170220947638896	-1.8829172219622614	0.7807424817244037	0.31157738209068625
0.4003396670096148	-0.5739731307016616	0.6328069493171268	1.4078677700754847	-0.009588516946117842	0.6236327012780685	-0.33180578892023443	-1.7826983374362395	0.11145444422849887	1.1754701895596211	-0.8432149481537559	-0.19929159235861535	-0.2755269531742445	0.550751262394931
1.5674906260298558	0.5911687025409268	0.802350289909752	1.7065697266391557	0.6911045275075136	0.758479942299417	0.9013339356185643	-0.8165907352780138	-0.4427337769490734	0.5079094722955312	-0.6073254333712703	-0.42741002100128894	0.9293449217788708	0.8952541593519608
-0.23514035867574823	0.769270801526037	-0.1308983327674857	0.059736851895043686	0.08766630119138226	0.14899357710699396	-0.8633465692644116	1.1338524034286341	-0.6426880967727371	-0.42276480809512174	-0.010712149371699302	-0.3656255587918236	-0.5386413380645407	0.19668762708176477
1.2027625378178786	2.036084086588076	1.1101973032140369	1.5195875508242904	1.7075444069141053	1.2647866076566037	-0.22136228506759678	1.1283462573611929	-0.33291786573728205	-0.13088871934683244	0.5906943779920225	-0.249824282233928	0.5660185763647668	1.2458726168984067
-0.20712167636814233	-0.9004710188059679	-0.33728622569590194	0.1776388042841534	-0.3334079284725874	0.10321639745830635	0.4197561926948939	-0.7449764703859291	0.256655287981381	0.7069159667695977	0.20102506436125323	0.6894306625869286	0.2529601440083009	-0.5040771653760706
1.5792600372362315	1.3555669960917776	0.30514222255128026	1.1408868428083987	0.7387843157002842	0.4807837924903416	1.3827369222844725	0.9836779923901546	-0.6845006930785226	0.2529389688096069	-0.039252195991852694	-0.6240191548482519	0.4508859622557321	0.6751830082065383
-0.06620742613136538	0.6081275019805686	-0.2266382288431493	0.35243726851499224	-0.1749962557126184	-0.01481754242352104	-0.4559559119130261	1.1897750853899596	-0.7860724757471025	0.32501401417821496	-0.1563121096841145	-0.3567665272175959	-0.9155260609725968	0.07736766294111233
-0.6404568324331646	-2.1691358825191114	-0.611097612509862	-0.7818425705927416	-2.476099229176995	-2.385211801284663	1.2691801749349703	-0.4181947017735802	0.7656822847917583	1.2883628778635092	-1.1363888559082922	-1.301926085363115	-1.6186222859089898	-1.5944946042731656
-0.6883599459455236	-1.8294026651233364	-1.7096111255613886	-1.3025507327921824	-1.5993005141966625	-2.8136109665432243	1.9535431853534277	0.019554584465180408	0.3025258632879842	0.5132898541288581	0.41019009030869635	-1.7433810563050007	0.5066227895427606	-1.9424599737109969
0.20413280165706008	1.1707222736534573	-0.9470431574864147	-0.2834457763371796	-0.46732898460111144	0.04773433531680306	0.14294151886378964	1.6956674888501502	-1.7657365758431052	-1.1703264448393156	-1.0147835246417103	-0.19042597333800956	0.7130376454535816	0.010714251252650882
0.9175089970164723	0.17516095249621347	0.43646312851070573	0.9720501424600945	-0.6160621813441869	-2.104643004492989	1.4933356173343462	0.15207819669771858	0.5841022928722414	0.90150003518127	-1.1121858425447977	-3.488011008629623	1.0103318445373493	-0.11815233442988755
0.10744915750007156	-1.525414732500673	-0.9665924264775414	-0.17147683251748963	-1.529624564136737	-0.644680458714935	1.5941939658975914	-1.1060543248690091	-0.18570548893116617	0.8170062427772136	-1.113072537867503	0.017994343825072135	-0.03203855339827575	-0.8553744268996125
1.151609658126917	1.50713215384065	1.3175615684196047	0.7150196172314442	0.29511868869442787	-0.3133083821036765	0.4557670760916578	1.5471774795711375	0.6885215753950021	-0.20274646741961305	-0.508121155535934	-1.991867064441017	-0.8704432806297309	0.7529143222239137
1.14027473974988	-0.7431525341831793	1.1516007794240923	-0.45220214904598227	-0.6024722661502296	0.23033519758350346	1.6066378352901598	-0.6387485516512158	1.0022781223408268	-0.7789556953585046	-0.6370375379818446	0.4600356928678664	-1.6910469064034732	-0.02169402191175504
0.7686856005311424	0.854291712580306	-0.4202773377550223	1.2185767238525405	0.7205025820211948	0.7807610855708251	0.4045439326267996	0.4325752054991869	-1.7177671934698442	0.42275293706304995	0.27435866252692903	0.5084469735687609	1.0728716655852795	0.38017225616373795
1.0842009679439712	0.463978806147319	2.4119004888845077	1.5122265171568954	1.092674068792376	0.7853481223409503	-0.38296595842029535	-0.8595381867921701	1.7347458207498017	0.43462056899747176	0.13763440662475804	-0.8365723245713672	-0.9855155304001463	1.1768048243026503
0.023453259083731325	0.13843835409468286	-0.5789951044171535	0.49469404589573307	-0.13681223891795824	0.4632562632846432	0.09069726197653177	0.25946549957197435	-0.8551894510587843	0.4863287503565318	-0.19527613301679328	0.6353182033465401	0.41755268753261676	-0.1007514831550251
-0.8352451790656213	0.1414187494360535	0.480619749505686	0.5539331764219394	0.08103477617819371	-1.427659378236039	-1.2148064236509335	0.06311909122497854	-0.27255770045798744	-1.5742025499106966	0.4361231653991268	-1.6114282717077333	2.218439808488229	-0.3401406669965794
-0.5064947703709897	-1.0933708290956892	-0.7465607109368537	-0.5690308345870931	-1.6663040872995851	-1.40130625387157	0.2891934240761466	0.22246825698480333	-0.7737095353831851	0.46062621033002343	-0.979941862956672	-0.814579818855837	-1.7299291396585097	-0.880865955354869
-1.1814314056531614	-0.7770478983907396	-2.226444103180363	-0.4192895879382009	-0.07753135532248268	-0.7132374052396289	-0.8130158849354264	-0.20591333119528876	-2.5632015479977817	-0.07432025373125592	0.9849137967123345	-0.08013489590425621	0.7736487282253728	-0.8082296453186409
-0.2365201583614484	1.5657725656699975	0.5408338324360578	-0.4880077297155233	0.544457076196097	0.12239992344435519	-1.0461164060249653	1.9499949346398435	0.30093505383255476	-1.815905202570909	0.24848337309691923	-0.703200557068822	0.23076780234866553	0.34962204441635836
-0.7320468637271522	-1.7812198747091021	-1.536310060413268	-0.4757764158131427	-1.113187719976287	-0.8963378009815339	0.04846210019433708	-1.6054688248595945	-1.2534709297526692	0.23350750200566997	-0.4922580343181617	-0.5093918940655946	-0.14695856602907392	-0.7885468665875308
0.6673097189919097	0.3590469010227578	-0.17823173094371358	0.9910877544020511	0.056262853609695074	0.15439192844906158	-0.15640772974707956	0.3350480056452003	-2.458306441225947	0.694462384532437	-0.5044642935124071	-0.5323738466873639	-1.9379643518273775	0.5456109680011132
-0.9758388427369479	-1.0154041280137973	-0.3998633286757711	0.5273752418674982	-0.025676366307164612	0.4185305091572429	-1.6172418860875961	-1.7796095732105481	-0.74230407057192	0.23868164609710157	-0.0824804678312637	0.7418566834330028	0.9645293196066823	-0.14054424800880502
2.577721822241262	1.0347176337455664	1.7934347683766412	1.3819569385189736	0.6979885755425045	1.6751165928504497	1.9781697979495767	-0.2458313273996314	0.7107596157586503	-0.047569029419135295	-0.8178929698099426	0.34883146753494026	-0.5834264366723417	1.2989017175198136
0.23616970684351388	-0.0454632532367103	2.220519798348271	-0.4934384557424145	0.32383072921078304	0.0011460791627943001	-0.21661317243245315	-0.6832720810636128	3.091994664870042	-1.7632335473273144	-0.06778211414176002	-0.9402864693869131	-0.004098224678427212	0.3653196403371428
-0.5377726912377334	-0.7611501571299438	0.02309921240445678	-1.2498773141248245	-0.30154072983297076	-1.9923286614075741	0.29817412191361437	0.22555982471371208	1.2852041133492906	-0.9573254831522938	0.9848733208195187	-2.2849282226065815	-0.49614957800787485	-0.7972561363565961
-0.16968559629510546	-0.11427421181402948	-0.21682524779359255	0.4644874122327568	0.4191518785299203	-0.44364048930273725	-0.5164216031348744	-0.3738336769893595	-0.5723008404818193	0.25647845536672725	0.5151846927196005	-1.2807143945690764	-0.07675498314237744	0.12537699100806168
-0.2766652730524089	0.09155869082761783	0.5911654090374723	1.5273301415162401	0.5117099489778253	0.28946653505817443	-0.9790610696796099	-0.0545766107444451	0.5172438367267338	1.9673870968352414	0.6381370286108552	-0.18668973013483683	-0.5161556222526821	0.2275357817248213
-0.4658341342684598	-1.072378506090267	-0.36412069881398657	0.33063813642665446	-0.7477892279929779	-1.1081667814054128	-0.4510556278640711	-0.9490038039643099	-0.33675556813638097	0.9542194816835742	-0.4466672702325469	-1.5157130341430376	-0.8980501882613567	-0.32336618605940964
-1.315398018878048	0.7777486225251897	-0.3570119413867734	0.05093009829043593	-0.0025953170401313745	-0.6869750102048047	-2.177028878875695	1.293335185047683	-0.5204100869589168	-0.276971316231667	-0.004488826333023234	-1.336235883400592	0.3679659268976985	-0.07184567388295983
0.2786452695553256	0.20444681735265824	0.21191195027977702	0.4242227077507975	-0.22178011774254563	0.26468026261732686	0.027885158682480635	-0.020935879608710854	-0.051381554249729226	0.009888989098269381	-0.7313993276419276	-0.29011668509105887	-0.11535574146882643	0.24007949341165002
-2.360445405414164	-2.0119257073047154	-0.6718988799129366	-2.8045439162621935	-2.605054118234608	-1.5965961306544176	-0.5790144524349743	0.6492954772748663	2.0381983582313046	-1.1648136857199334	-0.42200206184479544	0.8215043718185722	-1.168360121223706	-2.167830969424894
1.4845693330700935	1.0843748898067602	1.663432783690311	0.6308388394371557	1.4950207749284299	0.9255842529923111	0.3891769731669961	-0.35005981711962875	0.6663066495287152	-1.5853163196336202	0.36293596818509444	-0.5744602089382146	0.8101452393197774	1.132381732214582
0.4429391992075372	0.9362761016121709	0.9833333911421727	0.18593662947595857	1.6080200507774045	0.28029915614310297	-0.45076225567784955	0.5600298395506936	0.5074540849925002	-1.037638328836359	1.6780816396852152	-0.9521517952336668	-0.3018813573868575	0.6606344693591262
1.8353941046938602	1.059144191400558	1.7199522750205956	1.3212986373739974	0.12045479627439615	0.7983866258770518	1.1152047051793392	0.8444501825936586	-0.017368807278489565	0.5759828876447621	-1.0731955469735475	-0.11745926858402239	-1.9778009176922653	0.9480342653828159
0.6219792039138672	0.1756419100424298	-1.5091333196340544	-0.15964518077923157	0.02975402910811012	-0.025949551892726463	0.7446252771840519	-0.0019560989755075292	-2.771631163607913	-0.8971549639916733	-0.24497381555336015	-0.6242344053891011	0.13237376927809413	0.15034081557211545
-0.3083196676558357	-0.8551506876360898	-0.2142190101865781	-0.4604361311623657	-0.7794284353956988	-0.1128818194671965	0.026271159403210825	-0.9291915629579323	0.21861970358544197	-0.680347142734194	-0.7908524362751581	0.2359174044817617	0.6059461543305644	-0.41882498072744334
-1.0542348681863776	0.14266830113655857	1.0219810552774369	-0.1485145235341594	0.6635066322687967	0.21495746425230927	-1.6811847299781915	0.2539977743654923	1.786263525988468	-0.6772052564510384	1.1425229674756707	0.3655848968817779	0.7230841003645565	-0.1543471835556481
-0.43392531007561397	0.4596475248376053	0.07533455567297859	1.2545272402636485	-0.459131582800558	0.37453724624880913	-1.514584361793207	-0.056701671218918635	-0.6138902584288912	0.8853974500021855	-1.5811810072791885	-0.32488478139417665	0.4990430220565301	0.39385992315765045
0.7270294147129808	1.06814706355463	1.0163309410519052	0.5571059757449323	1.0350371037950452	-0.23228596842707416	-0.04073220662553446	0.44863613576204525	0.4034118545497695	-0.9022501950684894	0.4270207590750759	-1.6520249568585257	0.8557980201226593	0.6278057780728709
-3.9266707898171695	-2.4699551190678752	-3.076161115422643	-3.2676693057357413	-4.005322524622635	-4.346055957613881	-0.8618314875562015	1.48297192986159	0.5075903084667088	-0.35729380574078895	-1.0394396300042683	-1.5623585680529286	0.880939473421704	-3.5359261716691703
2.022786672819677	0.384314251866819	1.459744733722395	2.6501223007787877	1.4082894580590428	0.6650313491759747	1.4765417260014122	-1.54178620387295	-0.35876967549005734	0.5585369408243134	0.5013433627517749	-0.3059602395379133	1.94156263274587	0.9210734476414147
0.02267904974826407	1.7240485704722064	0.38638919412989453	0.1395985143712266	0.8637360895999621	1.182160550723675	-1.344901915796346	1.4105152284722955	-0.7793940830827618	-1.7324424727192205	0.01100798322121728	0.578041650856909	0.8625342093563209	0.7052325915175649
0.08872139597470813	0.6068889997041662	0.4804584487789787	1.0035595076147577	0.3730747517254482	0.9915974366065665	-0.4056494939521668	0.4558103304041666	0.279784553250289	0.7811798379865257	0.06621113138399011	0.8053087524423477	0.11799924498020298	0.30980295246562567
1.094443097382917	1.3252075588385068	-0.1961294714918751	0.7944540942959758	0.048332882319021886	0.7065737500281475	1.2405037096353402	1.4808573341015911	-1.1532251421146145	-0.14114264248331915	-0.5495049985372465	0.7539751509096718	1.2386218768738895	0.18896878300277417
0.8156058741660607	0.4894237106011884	2.045046403193949	0.5675188884663547	0.3192993030964523	-0.26612672233176693	0.6763092632113993	-0.05744380710364279	2.2999844210438494	-0.8956301745269502	-0.1803183015426201	-0.8551384727140315	1.4776649623062732	0.22835700240211945
0.8483023102216003	0.25665186386542144	0.1064561648957323	0.5770499090474361	0.8001713274187162	-0.4797028340516074	1.0394712787077345	0.052767220729987886	-0.1781044061006338	0.25277145004019735	0.9586463836319634	-1.4864328864582954	0.06223706684619897	0.21254411805818893
0.8432166022345684	1.0853895404413563	1.5935046314645744	1.2747348366732139	0.9683343454830136	1.2900884102126864	-0.5124579542356636	0.649672463862448	0.376479245052994	0.41637205196712457	0.3163857551196906	0.4675146679222521	-1.4000408183890294	0.9755942258016933
-1.9720694183415168	-0.1269534935281389	-0.2406095871935921	2.178362984073179	-2.7110954660153856	-1.5147852266044914	-1.5240436586196429	1.0649244854448234	-0.7913621844847097	0.402902549293398	-2.4258624762057726	-0.0045531181192049715	2.7914143103029914	-1.3241910468556313
-0.8900421469294919	0.03304116250843375	-1.1852708775758776	-0.2814840323409521	-0.6518256875012243	-1.1327920627903056	-0.8234506903428427	0.6466810763264289	-1.3273390013173525	-0.3461571591021232	-0.4688295424029849	-1.2712287739758292	0.7837252764731889	-0.5117125385820613
-0.7664029667581164	-1.1207734923813453	-0.8973935135853868	-0.9096977971699223	-1.646948766366502	-1.0096507233088574	0.010470848003058223	0.29823840949534886	-0.7980120203570189	0.03394009921539695	-0.7992101099277015	-0.04019219405661784	-1.6576958042172893	-0.9681773772350967
1.6731995904162469	0.9023071793220481	1.6241616900347882	1.3215166589261529	1.1867850991908537	1.5275774975259424	1.1056872401097262	0.004952424245436568	1.0810761498336197	0.357184504074219	0.4776723967648703	0.6299694681333763	-0.29429300437505485	0.9581943256497971
0.6788069716711611	0.7438935213588161	-0.3396778161641937	1.1147105937485648	1.2290757551841431	1.1624811442454208	-0.49428361598442677	-0.3620137967259688	-2.180399765195565	-0.07753216461027278	0.4466206667661622	-0.00948667928368446	-0.036004867322806534	0.9683027728589587
1.220858481295172	-0.347189463332106	0.2541306266996308	0.37770454928541464	0.11527191688111166	1.0130676051125092	0.9156360073624074	-1.2299884875277236	-0.7165104979318404	-0.44012251740421765	-0.48779308871575777	0.5372714836279118	-0.8100253743233504	0.5528087040491982
1.0588556436479104	1.4747029224128418	1.1406436100779904	1.4798531057766686	1.5622115170720265	0.3161018914078456	0.19834560233982235	0.7835958341231022	0.21546854916744326	0.20002102056604443	0.987496398008794	-0.9738229172010916	1.0329965226835174	0.7979461174022768
0.20623867730750556	-2.3803760716511224	-0.6601719948676552	-0.3386133361416408	-1.9009278222150328	-1.2554950796643929	1.5751567975623506	-1.915805523728283	-0.34100790357415456	0.9045854529165019	-1.2941203620888875	-0.5645992519309961	-1.5314102302230708	-0.9246107113695382
1.4324231732607424	1.0560637482217907	1.5200378506332464	1.6939670903934043	0.025676433436040647	2.022771346605701	0.35937247121720245	-0.3780667260382917	0.37889474419412283	0.08453409275328728	-2.0350550675684738	1.4152621676002353	1.046796215568501	1.0735445407310653
2.593062356626282	1.0536230579964934	3.263825483486128	2.202986773817352	1.476264421392469	1.226585493486419	1.5045886357786866	-1.2938199385874622	2.0042150637164626	-0.6156880566028612	-0.3584927167525652	-0.4051457272256724	1.6861311565490564	1.4926887898391592
-1.9850314322853932	-1.2783839821705525	-0.6454383151202249	-2.1192673605413703	-2.1386225566690342	-2.2754584823355835	-1.3426821755398648	0.25724371323367073	0.8971817591570828	-1.5469361620715592	-1.1969137673211232	-1.8954509283075396	-0.7226668383011786	-1.288196842450519
-1.1168444474619321	-0.5058021857007238	-1.4259795789127634	-0.29153403408261175	-1.7804915891697854	-0.38828267494996105	-0.21467637672067852	0.6963608333921787	-0.8476625120673792	0.4629588249223119	-1.3705113140092124	1.064119029803377	1.0302669802264468	-1.1296720817813204
-0.4262956799781571	-0.8076994109777191	-0.7770714306912225	-0.46559499576241314	-1.32678251715763	-0.6840956769579577	0.09464755714683529	-0.25776055139788867	-0.43491395547724554	-0.0521817856969387	-1.1284868606387133	-0.5050156305089492	-0.46674718187877506	-0.5596936437632309
-2.0373425705982164	-0.7418802511497127	-1.4501231325011108	-0.5355849793710097	-0.33284223285526426	-1.032872648834004	-2.197958547159627	0.2394383075986402	-1.1634837840412133	0.21976149560859368	0.9158905126772156	-0.6971746317507932	-0.4578892776112329	-0.7939653801866502
1.4600561503458254	0.4247137155865288	1.596933658908916	2.9506061012671343	2.5415025952767727	1.3913092730059773	-0.5387818086107211	-2.263058615759731	-0.31000723964767474	1.6134280656719093	1.2649228499839018	-0.9860459974916017	-0.0019418176200974597	1.7829372485663868
-0.05898396370160609	0.32405473194773016	-0.17340895112152535	0.3383508209408878	-0.3246790609621653	-0.11945971865298086	-0.14011642216998801	0.4706957103979805	-0.2755144509407787	0.11909197621809467	-0.6050447006349229	-0.41202556651226757	0.46377751154324126	-0.0511181965997064
0.4685293329033922	0.7292934533871303	0.6637923045195293	1.4073415610937121	0.05522514337701312	0.8049905896701022	-0.46702620681581736	-0.0603833983404163	-0.0865739715791961	0.6935600306565709	-1.1782212365576543	-0.07602625726704985	0.4673507216261227	0.6720533480661555
0.898093506723826	0.5444959872870798	0.046702351396684105	0.6076456045429066	1.294375202131513	0.619867514755855	0.10126929838934377	-0.30335170568242487	-1.2605330747084593	-0.5446423874139152	0.945021941749861	-0.595081755478543	-0.2953464198864067	0.7855762946738161
0.9062907920382709	1.5418297717482126	-0.22800288223972665	1.3966395929674538	0.7464830904864626	1.706164964104858	0.16933330263990454	1.0666790782883526	-2.030822862507907	0.005199558484508821	-0.1386021129943276	1.7061682576844361	1.3326719356679932	0.6352879376416023
0.3251283917614184	-0.4078293120290891	0.3639846023238852	-0.30461106444995933	-0.4176522477814225	-0.764400009512499	1.3471480802153162	0.31259262796488124	1.4693233744940735	0.13774421925500996	0.2947382305741036	-0.6999724432623461	-0.2992980246299214	-0.5355252838820336
-0.16279504467635475	1.1720252847504713	1.0124962615378053	0.789433982757094	1.1487222437370557	-0.32842058602614144	-1.0261447486397608	1.021139975764493	0.5606123370382831	-0.5151420327025028	1.1241663285220103	-1.0608501097110932	1.413201949250711	0.27670090944163345
-0.40630862686360714	-1.094407760377105	-0.9210387486188776	-0.4964900915710103	-1.268387147091601	0.2119390121946505	0.2718204517516076	-0.32523112804477056	-0.6740996000087762	0.22142442914787835	-0.6636939699126755	1.3401964305825922	-0.9708672525701133	-0.7050956330362199
-0.24759294954697936	0.19217190204858609	0.6253056600849588	-0.6708781459981077	0.25072333347739634	-0.5917721014383207	-0.5812962946296379	0.43300141986126234	0.9288802115126952	-1.3695887614115627	0.5251197980909462	-1.326207633938759	-0.46334439076976247	0.0250399282857812
0.5026145120611738	-1.2431559119072684	0.09861641741363866	-0.8136875731821684	-0.6420126689725474	-1.0092370415113008	1.282045080668269	-0.7296150110940328	-0.023991522978276617	-0.6415189046452808	0.03600836465362003	-0.8634699906144223	-1.700452494887646	-0.4652964062733194
2.5253288316945226	0.7465584861762548	2.0183376395050017	1.0093115027854178	2.074125098938194	2.266082860381789	0.8941765060563065	-1.4457249128675356	-0.11956550121166672	-1.490313523665916	0.6932365767841886	0.5681933340839235	-1.1218561994443679	1.8383646737856496
0.8780010821703392	0.7385744210708773	0.16318088191059948	0.7087582826790731	0.40808120569059153	-0.6603614534200279	0.7087895168455037	1.1952841041350373	-0.7803129932953402	0.6173897385554495	0.5282318701720825	-1.6589642756825764	-1.3165416583414054	0.28471229025813605
-0.13549400292976702	-0.19678711208175104	0.656451853128527	-0.7061983930571368	-1.0401203141396769	0.11939465134589933	0.08000638676801423	0.8298934684005759	0.8646694803390437	-0.6198757454042827	-0.7759565015503735	0.8332628507469056	-1.600444426838279	-0.3746343077544407
0.5199902670603007	0.5042110737195561	1.2504976751338512	-0.05690548104902393	-0.46682551068302075	0.8500349350583217	-0.12878960335220535	0.2966977849486666	1.0783943489772425	-1.0511534430474823	-1.3471926840528214	0.3761792703766827	-0.7791963551330766	0.4820316737769714
-1.9687558557146732	-1.7440986825641633	-1.6513779467594767	-1.0490001958300619	-1.0156878116718926	-1.5447848517026284	-0.5244546389692687	-0.2934434411736775	-0.23520160957021974	0.1313391948207323	1.0173205160793037	0.33997850069469565	1.234083227034278	-1.8148492632668125
-0.06714302812413826	-1.073031307156303	0.5639983932166606	0.14502640812591686	0.3586272163896687	0.3468415278809228	-0.31571452411902423	-0.9841136050133853	-0.16402046569544296	0.35017122718201443	1.0642106711561776	0.8558664586235282	-1.9443545331868268	-0.09369223751090643
-1.4729963623777875	-0.10922941429913224	-0.8066652297867906	-1.2963310773047045	-1.364159584000968	-0.16124552637595274	-1.4711708882884729	1.1429271106349594	-0.3188055312236404	-1.214295265451793	-0.9588227661105644	0.5853767341416182	-0.571456414483346	-0.6806943977834387
2.177137463413318	2.43605409274055	3.3672571268604514	2.581191946945057	1.8454397189971659	1.240858974274798	-0.10791854387240932	1.1029801769220253	1.4781678498782478	0.7847964125348429	-0.03215165591162924	-1.4124982047310806	-1.4443384869232103	2.063133683971977
-0.2541241039187848	-0.37590650272973736	-0.4004858535823632	-0.3457145936209658	-0.22781474585113337	-0.037602533572209634	-0.5036104735610788	-0.40089991784755413	-0.6965173258813002	-0.7203405031688223	-0.16122610237745366	-0.29745370845396585	-0.5069535589281706	-0.03397584023557073
1.0252352146139068	1.5905911429945432	-0.005640504172566452	0.45390519387389006	1.469523630184829	-0.3810893534429193	0.5167051529222445	1.2889019041868255	-1.5435474407756329	-1.4659181714576441	1.218578349390253	-1.6035350891144473	1.3753226828157865	0.5421854639192907
-0.46950778411769795	-0.5978972517873007	-1.4779198866878045	0.10384795605271996	-0.10049448970702518	-0.08517884074878324	-0.13124456733999398	-0.4457318540039732	-1.908905997216242	0.15716274889963772	0.43449138213426997	0.5554705764568478	0.9892946506291357	-0.528317069510744
-1.3457345547454664	-0.7555808710294116	-1.2889525888309306	-0.7787919905756525	-1.8610473254203164	-1.3584427911474701	-0.7560311417963995	0.8126137241219474	-0.7850670226576418	0.3091229261811521	-1.089274104748238	-0.7076309322915482	-1.041487480108474	-1.0348516094808853
2.6227583034581676	1.5283780492356391	3.336620703735068	1.727413999453847	1.039258671656603	2.1069293311736823	1.7310321336844998	0.1918082862417754	2.9756433166096024	0.15861089080217053	-0.6290730647609286	0.7023164562176005	-0.46938546584610136	1.5071701706597942
1.3354715546111307	0.08982026397681264	0.22223302494314373	0.251278336845854	0.11212173131464598	0.551575986598915	1.3767073070568876	-0.7519331718236977	-0.45768368197112336	-0.9113031445365076	-0.6983381898953211	-0.019622965550035246	0.671217216639953	0.4067367237430406
0.6381980309362307	-0.04138062394690582	-0.05325111796842169	0.5286405612085924	-0.4677022259917201	0.3910302137866021	0.6755228892987875	-0.23165897598416518	-0.41758245789507514	0.3652994111676418	-0.9448809979057594	0.05596059328764743	-0.36511153941278035	0.17063706952614935
-1.1838497997430593	-1.7196038929668926	-0.8230800224900825	-1.9835031976407034	-1.831292947243199	-2.3751067052776356	1.2154218199563513	0.5403323977693902	1.8759312082594386	-0.251255111341893	0.35177690163881975	-0.9823902428764041	-0.35195241704798685	-1.9734128482189297
-1.5727362189125764	-0.3402478112471376	-0.299355507467385	0.1196336085223601	-0.890466167111323	-0.6579605618861362	-1.4393361394729067	0.48818186905473304	0.5025795690856103	0.5914707884031655	-0.3514735105214002	0.2002909959889266	1.1413021275546582	-0.861417358190909
0.1333195629134849	0.4994959556304926	1.4539132277736895	0.2726051753073788	0.36537074547966036	0.17470084940050265	-0.186937892346908	0.4190893840346551	2.056519600456192	-0.29741357269393637	0.19581346121128623	-0.39462491166417873	0.16864564066339283	0.21431319707702098
-0.5352023447129658	-1.4066957209138269	-0.3131122241389812	0.35258734335332453	-0.597899923396488	-1.5397855447206483	0.8257282780329869	-0.7914660319527054	0.8751202122486542	1.3072956741370452	0.6806211052469097	-0.6379687138622686	1.3474424766732842	-1.2013045970768605
1.3344965863545941	1.4079233224273096	1.6685894969983366	1.8261319396485232	1.475470550793063	0.8026016907770518	0.17511856170441714	0.3701829896329729	0.7631335551504953	0.7318511359888459	0.4826838115193354	-1.0072488993875874	-0.11194703717116601	1.208202936081759
-0.2666706102982589	0.6639452988293969	-0.6238002073155666	-1.0569828703288124	-1.73537786857526	0.7015477655713341	1.1025417544583354	2.6529488062372586	0.5261531024998297	-0.5492567547600123	-1.345909766213596	2.403667927140815	0.062210575176296586	-0.9402660999482175
-0.3014618030783576	-0.021604638741457877	1.1078187550378331	0.248043473411087	0.5957751933651344	-0.3181136480581903	-0.10401729543106095	0.11918492537990576	1.575429793000109	-0.7447007448172568	1.3981307916358405	0.25867147595192896	1.736277624983905	-0.44037111896618236
1.17188279617208	0.15373332972427378	2.852761019377046	0.9409571951184481	0.9894867572474636	1.4764591099643891	-0.6089788791732548	-1.7578010654537801	2.1060485934262294	-0.8949409394010269	-0.412890355889468	-0.06487875667269205	-0.9675113190786071	1.4019162328122632
-0.21580657520028712	-0.7193333735490249	-0.6204765607174282	0.27480118807624143	0.7254805952621196	-0.11493434297038654	0.567418067445673	-0.2520346860604974	-0.09752259169468365	1.0713758170218188	2.155987116797671	0.41216012849462613	-0.029856377767166632	-0.5621412863592932
-1.4440267707400045	-0.20009357467440897	0.2945001154052014	-0.3947869173471449	-0.6096565918651193	-1.0746646138888571	-1.278845665031346	0.700795568806468	1.541829108963286	-0.16738266589112413	0.06331072983118524	-0.6358233315508869	0.9470658004450777	-0.8099840760473053
-1.6383505971003935	-1.4141570777379293	-0.7326802746280036	-1.363785275273273	-1.4836544445820952	-1.28507804418609	-0.7768980721383062	-0.46707877483978777	0.7307763476152187	-0.8397717014695439	-0.5598852160949871	-0.244371892986814	0.7526235305441847	-1.2844345189428934
1.1205616766323618	0.2758488842111516	1.217591458314307	-0.5779175020910833	0.041480111320757906	1.6899013834932117	0.6506989774271561	-0.5436696688614808	0.8715285900152177	-2.317634921971454	-0.9365415372382722	1.3845111432429216	-0.34446319865680447	0.670943325259401
0.06865570527314369	1.4983410457908626	-0.4328403718195025	0.09052698061651865	-0.08346641406294802	0.12546193865722258	-0.22847181059531535	2.048102048633132	-1.1785743937812894	-0.8847671044129337	-0.5317112240276285	-0.07228194650882389	1.0235668430978397	0.06476644799141551
-1.8243285049536422	-0.9588135667403455	0.05363277417649773	0.27749000641991634	-1.001394427732476	0.7356835896541362	-2.834507530318866	-1.275674932710231	0.34009777455067147	0.44630579656479363	-1.3469765518756684	1.1600345623339434	-0.18184571774083064	-0.15703946356604073
0.9230323323962025	1.343945267074562	0.7914414357575795	1.3201492903022414	1.140953263934539	1.2162277974691929	-0.23403216744572333	0.4151450480847255	-0.4319542131960191	-0.052480394749089374	0.09313730963861522	0.1641489713895392	0.6696426457507717	0.9609297090735723
-1.8792409171330549	-1.7360529748512266	-0.7816064499939762	-2.4177059740837934	-2.6918871309581784	-2.6324408052450807	-0.27495112199327876	0.586951264563277	1.3874381337214572	-1.030978848060071	-1.079194999105666	-1.4255518766710054	-1.1188798648484426	-1.8644477606195042
1.9005813514497274	0.8558433455410969	1.225352951456577	0.7785063078388438	1.9693590838671455	0.5516095088722708	1.545172362445457	0.2219388189305418	0.42926324521290826	-0.30830805257559263	2.0580260280075215	-0.7751179254821529	-0.7147323782341122	0.8656265298295942
0.03174241738260377	0.642116854403874	0.8501385331210889	2.656980477290811	-0.1720764650669916	-0.4817411422505033	-0.062125290044608816	0.4992504494579557	-0.6362458484811058	-0.053278071912685375	-0.12096087465603939	-0.18827386841721466	2.6671634196348135	-0.19086609919786215
-0.35783646119490486	-0.9665542004821259	-1.336477848371504	0.05387902108785214	-0.279707760752375	-1.8031142624948548	0.3364155881556782	-0.3937407701586651	-1.2397562036680703	0.9421397184798372	0.7453446865912783	-2.2416308652167833	-0.46872496668627467	-0.636564745049672
1.6225390305138923	2.3629423230532085	2.18292193066326	2.8888895567482367	0.9886713601007858	1.3911486214460853	-0.3255771026716095	0.711635099478745	0.15415919040581097	0.5813413554478521	-1.4078556771588537	-0.42420718719891987	1.5111012636076877	1.6337410106444237
-0.20335619589915954	-0.5276842271930373	0.06750907935491812	-0.49310743695924575	-0.2087257428982509	0.7472086066826185	-1.2297909835285	-1.6891113776171107	-0.7441952614861991	-1.9673343077295369	-1.1576235644033404	0.06317241836936494	-0.12547436745804555	0.5108774728688382
1.5601430986173406	1.1296516990145762	1.0674391871054112	1.756451885121437	0.9145784222252298	-0.02365563414179439	0.39113240717131703	-0.2867366390256101	-0.411735799117411	0.4240030093057368	-0.6452042783962026	-2.5617427027067072	-0.06029895656656126	1.3137534737432546
0.8380513496149289	0.6861784740049643	0.6325289526365269	-0.1894721361621583	0.23279599581798366	-1.2066478340631388	1.30292425520278	1.027678827115095	1.018888363460701	-0.7973224829869842	0.27583460758993716	-2.2961335140694334	0.4098679628489692	-0.012402414833886535
-1.3589224620039846	-1.0238068369942703	-1.1952238890291098	-0.04678647695963756	-1.5735943505574161	-0.3108087275812076	-1.0876790914794305	0.4930821962676459	-1.752960100177715	1.4165482585282665	-0.7755999828831788	1.154145156256576	-1.976094026720691	-0.9244373494107198
0.31199959647744596	1.0852948407855065	1.288957559585758	1.2946326366631147	0.7750279006009869	0.5718684098820226	-0.827731746352107	0.45496116904872075	0.8485815093235957	0.4630705951807567	-0.06167781877858015	-0.6590601773854377	0.20427618767398498	0.7714629018214771
0.49923298748820233	1.5755338000668164	0.7086222087108369	2.5282425256059318	0.8017487166708979	0.7416228745687256	-0.8909962727910723	0.8722307857596623	-0.4893108416291887	2.078922249562445	-0.41088136913956663	-0.647506099155522	0.49181920623314307	0.9538314873643904
-0.12113540498459785	0.7973679555072191	1.2841107768312483	1.1203867118636746	-0.36361295544492983	0.19619513919629505	-1.227084368362386	1.006773809963065	0.8411797976957378	1.0249751893631012	-1.0363313571452328	-0.5174662443862621	-1.2833945562948563	0.4499825807883513
-1.2262261259124514	-1.5116479203053352	-1.04011497394981	-0.7056277072086556	-1.462863405886707	-1.54621180739261	-0.0480598080614152	-0.12197794870292598	0.27986784103208934	0.8251719585176683	-0.05804625960032525	-0.6659489300239321	-0.6841145901358451	-1.3016382330564107
-0.35295696673593946	-0.36385504038739314	-0.09085871851270061	0.3891674316580087	-0.071122932398198	-0.7721097245038044	-0.804175820842325	-0.3811796844588235	-0.37107011738058526	0.4648431342453346	0.08312146961003876	-1.5564280063214364	-0.7588299758659816	0.016618765461097307
0.17567499625386085	0.46082049598844216	-0.686203372089673	0.16680844791107036	-0.199147356042956	-0.25239197956521586	0.9302905115423828	1.2763765396528464	-0.6952169079387774	0.1129968313476168	0.256594932100145	0.3383593464934084	1.1554853182065141	-0.5361024914445685
-0.8022689339500053	-0.8831606999064181	-1.6019309307209297	-1.1160440457344056	-1.686163028592159	-0.9274232563186506	0.950874994782528	1.2164015777550852	-0.3634566208215884	0.4324920412182932	-0.13910918437194728	0.6565991886831308	-0.6814073986806848	-1.4767201668233323
-0.5006027853110283	-0.7836964886979858	-0.18390768663396628	-0.433965981791231	0.34086026165428485	-1.4462903592413685	0.07482855087240994	0.24886665505808842	0.407649626504208	0.3394177884770137	2.041034928068476	-1.3753763172971079	-1.1651111362253688	-0.6999942544877651
-1.1318285866647937	0.1968288046982125	-0.6748000462554815	0.12304445898689814	-1.030918519076308	-0.11021257742986475	-1.2915256614612092	1.0115607428228635	-0.49320788059802156	0.552250262102351	-1.0348284801921577	0.12385972429306788	-0.1373081009168052	-0.3826460208121445
-1.691215718658111	-0.9949966593902326	-1.222134127822342	-0.7578673213081685	-0.7305420404829531	-1.2429781526786	-1.3575766462346963	0.505529286266841	-0.8491747572324368	0.380721580863168	0.8382886769741315	-0.430050605934707	-1.2828137278855818	-1.0417514855732208
-1.3938044631599884	0.8633220254648971	-0.7160296214119845	0.12296523174356067	-0.7898484504044756	-1.058372602085905	-1.2399179010699128	2.842686860667756	-0.06274439819974298	1.2353151409622343	0.07905438694049814	-0.8250935635594774	-0.5341835147680946	-0.7354533879821377
3.402441699632563	4.552291338562971	3.1848138252062315	3.840183528848554	5.179756046722986	4.112776100997239	-0.7375375362127868	1.5242235957391022	-1.0597598283270238	-0.04246411099700809	2.5593857420236317	0.3196722848081578	-0.5791490654282572	3.753586994205161
0.14202894110026	0.5411020317075583	1.366604646732585	0.18408855300965343	1.3114446874529087	0.7447736367299616	-1.4510024827563877	-0.6257860332296723	0.6438949123774721	-1.5640368295331009	0.6572112573223503	-0.6936308034012937	-0.2539696534368605	0.9673675823327339
-2.0766713103927943	-1.8104792599153166	-0.9202077749759626	-0.624846898599358	-1.94252099112959	-0.6326978014327718	-1.8488966857069786	-0.9023129767776085	0.03149498767394536	0.642462341639791	-1.158607393212016	0.5550630938345384	-0.8783807642818107	-1.0934153209923894
1.471619380100058	0.0017648845646405231	0.5396615892006654	0.5168003685591117	-0.12308510463976438	0.18772529759945053	1.7713095213503867	-0.1114295258222626	0.11311462412082834	0.2898900750617237	-0.3731679647611961	-0.31520582385831963	-1.0052744179553612	0.26967748364907035
-0.8807408939520011	-1.7092733023525297	-1.334893201757065	-0.08779291579131487	0.14315809792615752	-0.4664441932744825	0.13609078597405355	-0.8930819489625491	-0.5824443521334682	1.4278142761429418	2.1830418782098127	0.7045251086099874	-0.5908655794780954	-1.055251017079381
1.6416242765220177	1.1959280934676064	0.7395221514020918	-0.16536826073005184	-0.1578709362664284	0.6118576642029325	1.5916660190141654	1.2474791713842632	0.10741821922840757	-1.4165911811327399	-1.025788354213561	-0.21160586233079287	-0.6781991114153808	0.5830804129201248
-0.8772488819199039	-0.9022626764954809	-1.204595895281064	-1.2478912223614544	-0.521432548890711	-1.218514983672498	0.2199822485852522	0.707250999338254	-0.39453287699495787	-0.31022878117904074	1.2992314350023892	-0.3290860713304831	-0.9295752988463811	-1.140698216329157
1.1496019359270957	0.7342836090313997	0.2467416742196329	-0.6048558889405169	0.6108667206857213	0.5529118548061905	1.3309114059671114	0.7168600205843447	-0.14075213638293751	-1.8507014215420428	0.5110678645593292	0.04346570293636703	-0.1205858496960858	0.32828476662001
-0.4581040540908129	0.19894103164960592	0.256103248452931	1.208775023519829	-0.18671772773253809	0.6688825027113916	-0.881842219452524	0.10720379692222791	0.19485931699536832	1.2044734768729568	-0.47922342475412344	1.0574326080206173	1.0223452151568007	-0.069850289535091
-0.10308997540711881	0.18723670533570236	0.4174166950210377	0.31526858769397753	1.2404468095237737	1.1607515617328699	-0.511969587701249	-0.03369334530126911	0.40220367152033437	-0.16038892918955605	1.7220660826963128	1.3266956371635545	0.19469867677675196	0.16851297716111344
0.22797028233769834	0.36123195841768	-0.5004022008461246	1.1593385772963618	1.9607560653728222	1.0955411834190427	-1.4013258240901516	-0.8309171093838725	-2.575753446245257	0.11861896126122567	1.8240455034544418	-0.0799113960142273	-0.5845912659915393	0.9767004772463114
-0.8447478199957954	-2.538492972235959	-2.1460851784783865	-2.0216188001934903	-1.9197989319975226	-1.743290297971954	1.5475866145539419	-1.116459742096429	-0.5675713925637602	-0.5980779466710049	-0.08618833539008892	-0.1979055333375049	-0.2519135057902975	-1.8182344258200422
-2.728108954648945	-2.6703097833769602	-2.140868217750288	-1.3371142250084436	-2.310627136736895	-1.8510991237842285	-1.4237405254073652	-0.9626460183381684	-0.41129669878440595	0.8741374192474524	-0.3758536494319146	-0.07454861595810136	-0.6149707931027043	-1.9697280137535182
1.195186564221906	0.8521477075787156	2.542840110666706	2.500870522149612	0.7469006559854616	1.57924420653133	-1.010459741000334	-1.7651345177197204	0.8406063686038666	0.05433078075106389	-1.7906254281559009	-0.11585029655584474	1.4414028661891725	1.6229478449727135
0.556215249483258	0.8437662631232564	0.8782943381181005	1.0655956211668163	0.3075375222026113	0.02442655480142175	-0.2879449789752482	0.08522182777586002	0.1350385282348883	-0.13104587385392788	-0.7521025615359197	-1.1131469228398703	1.0226760694705046	0.5880979525636395
-0.7159063500103415	-0.08065139345322346	-0.296043652336976	1.2264115588502869	-0.6540340345953319	-0.5652176376624611	-0.8171410994426277	0.10181057637393116	-0.3439667201874667	1.5622895445631628	-0.7614134091481898	-0.4172981308154853	1.2144022643199215	-0.38461819214156645
1.4394005890608979	1.0457349323505447	1.2175990195120772	1.325977271266055	0.8884861723385393	0.4001539856864249	0.7557883197968231	0.10040021455088463	0.3864792105371176	0.23413725092673	-0.1616810522062186	-1.3092619268444154	-0.001082276526483838	0.9857112589253108
-0.6624614447309184	-1.2863171219270852	0.5041824678641411	0.24611528480895425	-0.4706762781644011	0.8400313160310618	-1.6345373328471604	-2.48152725946257	0.3677979278420467	-0.27520243809757805	-1.1237575402089333	0.641834819775993	-0.30902557873177416	0.2644043494968115
-0.08804624834806452	1.0352051612063267	0.4635317653031913	0.46236222580716185	1.1668263621357107	1.3636975416411543	-1.1868727095595022	0.6826251795652286	-0.2325045554064043	-0.6083815373526781	0.9021153363610482	0.9428630070805398	0.12983486739129352	0.5996630799889309
1.4540672169444282	1.6140963022788748	2.08609637666459	2.700300447858714	1.5551484166244423	1.4439690634717663	-0.3294195541767487	-0.29839285471774174	0.09120430163028029	0.25321366019228314	-0.1603380622275866	0.028010909945496994	1.700503603861526	1.4530312943372146
-0.43951936802418323	-1.0083960773672902	-0.6463021057854228	0.4360130218509478	0.7034046243943234	-0.9290262399614098	-1.2961235937653552	-1.5741413992415554	-1.8677876738564654	0.32929120732633665	1.1863046029192426	-1.9629717640261546	-1.2150535506957405	0.17909947231679113
-0.5332920270334229	0.9708436682369941	0.16181003806094107	-0.44140258872061156	-1.2780685380232397	-0.4309835699507828	-0.51311543582783	2.178701272950514	0.7025929035659431	-0.52161367809858	-1.5709160585929207	-0.5751129949233565	-0.2957116043350426	-0.2772347746663057
-4.230227461096883	-2.8730353425152537	-1.6167782617090363	-1.6094961993011343	-2.80506284168359	-2.230424600671043	-3.297017993799332	-0.5661300085230235	1.0370303880916767	1.1210796435622292	-0.48163917308598114	0.004855700723343479	-0.8121753747830304	-2.3709222624448336
0.2932086149976697	0.12233098596647674	0.8185596270436608	0.09797866146335554	0.9652219249723522	0.43651305593644774	-0.48750327067413635	-0.9686335315678447	-0.06415298207523577	-2.013402094551157	0.6064288232747403	0.037292339474417346	1.508811953194496	0.4017487142682843
1.9690924458035028	1.9872122089667312	2.4888652465947647	2.573421673442111	1.4411925152571263	1.349709881957827	0.5055779468119216	0.4669095044418136	1.3588130160692709	0.9738642358009659	-0.41683780514419516	-0.5684013639959604	0.787323255685643	1.5496018551645143
-0.06812527242784772	0.18943289575664835	-0.28396034696983496	0.6361620719355361	0.12037227292628569	-0.37591078105891707	-0.4229775479941484	0.2875670221973074	-0.7273462999144409	0.6679588085700909	0.16700336071443572	-1.107283399639741	-0.46321012904912306	0.10953470824808853
-0.24952997428019336	-0.028829474399224363	0.30489579578913056	-0.7477253441872094	-0.5026406719686894	1.182495504551377	-0.47279628866969525	0.024577672983578106	0.49917839200735753	-1.5133683372534317	-0.7655744459521763	1.6491808734232474	-0.2034374129021262	-0.0028885956089459864
2.177035926606697	0.5551010691570737	2.0205177288236755	1.1734645036768525	0.8105907023681489	1.2581678909334442	2.196610063391933	-0.5249126489773468	1.9950531508050056	0.14661133757395042	-0.09632636593307736	0.4589261355564602	0.36890500014893046	0.7962676585136956
-0.8089931572734114	-1.4721267698694072	-1.0489942082244235	-1.7180291702482742	-1.3314037947116553	-1.208118762787852	0.14471729996838192	-0.015397749910495173	-0.9966279252669556	-1.081504728472424	-0.05796592388179207	-0.09968768928996968	-1.8042034055816991	-1.1020474388067703
0.26396902774457276	1.2625450364800967	1.1530585865640988	0.3145116744277804	-0.5488911853109169	0.7360354077392863	-0.27917660762158214	1.5122848750479745	1.2500153771953924	-0.4073207436997498	-1.5072160962557724	0.24153237983670336	-0.19955431810385996	0.3950849750720841
-1.673764063083805	0.26600948175869743	-0.7778168933237768	-0.7308816014541715	0.12548811920063985	-0.9709963064021068	-1.7306799463945153	1.5017768164218879	-0.22039294408691334	-0.49356901207794346	1.2675841590861254	-0.8741392820497963	0.05572822944279665	-0.6462022539829946
1.693845155212876	1.2054515377185744	0.780089250022114	0.8504113607437844	0.6626833963436556	1.8461737329103285	1.5167474556086509	0.6775709394271215	0.05079374389240901	-0.285188494830287	-0.22233450716984746	1.5908421735543858	0.4406691638198486	0.7107751412983317
-0.8017131022922859	-0.40352220876858685	0.1297123056795787	0.4201585753675522	-0.8640686484346772	0.34391148738365507	-2.13546368314226	-1.2051637311374939	-0.525905398072573	-0.19337989181781606	-1.9773405314052521	-0.407159995570898	-0.437228666359531	0.4070217631858157
0.9194548152351247	1.928365286580032	0.6868386506346122	1.459070012951584	1.2490467738362903	1.207761585505558	-0.6505038154099819	0.8439171746160787	-1.4507264213912634	-0.8895918508756915	-0.13217768624724596	0.09434523516917169	1.4624435610958846	1.1295262695912078
0.8286466291006767	1.7045480839713263	-0.027161255125786377	0.372305202029127	0.7798831235372135	0.833238249507964	0.7573156334331761	2.0529020700019083	-0.9879879342230518	-0.9986199516785661	0.635270142262256	0.9744631210373499	1.345058173849183	0.20379520720034489
0.8045568050763449	0.4637768843488256	1.3783280523838646	0.3573285992280534	2.171305170974615	1.2817737943244023	-0.4098059588764471	-0.9864530233016691	0.5996097721475809	-1.5081572774398995	1.8602509916956445	0.1355350910999918	0.2458987331250689	1.0064689517048133
-0.07152131360172737	-0.7303034698639435	0.36429950235362735	-0.7175171115022165	-1.6365783228496795	-0.5074262632667688	0.612764189914352	-0.019111969624717777	1.3193596429774361	-0.4154870896716102	-1.5578060721645108	-0.14718302367511482	-0.8067517068216871	-0.5574859467247754
-0.5610783417346288	-1.328534502170647	-1.6472389787393817	0.22522056079931885	-1.1973195717815426	-0.7000040858021126	0.06202121415826329	-0.3136485705683074	-2.3931011334109598	1.6449916183865978	-0.3357704881437813	0.2101456708444066	-1.7124274690222687	-0.7978598660252086
-0.4990734595942217	-0.297084895136592	-0.2281961088575249	0.2734275238472355	-1.5557181068621802	-1.1958121254345147	0.13649371851092912	0.349070576677661	0.41623488645965956	0.6468955100426231	-1.6740544893712375	-0.9163552353537272	1.126858039789983	-0.7318988491011852
1.1723299160437712	-0.004634978743001783	1.1352215453208878	1.8322824638649635	1.205817262876714	1.5362865859025512	0.18513994410012344	-1.8061219061291354	0.17687694397029197	0.8760793127047503	0.2174890987597486	0.6279210109921599	0.483086395382228	0.9824208858580338
3.7280630653176816	2.634410646286092	1.0587297276019036	0.6981845060174419	1.577655582906954	2.744046250127305	3.2889756234953897	1.6413594486199932	-1.1038200823894349	-1.930879350661833	-0.12110326400193577	1.4105962716041351	-0.27918803867060354	1.7054325848482168
-0.06883885296396505	-1.5366780031823497	1.1316160760879423	-1.0380786214096716	-0.9868951012556887	0.144499384237741	-0.470285865657416	-1.9491475957883218	0.7343661491121045	-1.7883286845059303	-1.3307526660919418	0.3279601848633464	-1.8539178323913905	0.003594120768921273
-0.4008173999382095	-0.9345336722973535	-0.8180699137376306	-1.4495716453552432	-0.32390876446260475	-0.7347751622115464	0.746668241336048	-0.022976335404757943	0.09683717823093818	-1.2202252005023946	0.9943653326122883	-0.08008036688940089	-0.18766143696700496	-0.8832155836610978
-0.3039264196750179	0.4377905340608752	0.07075598900535218	-0.6118652214491785	-1.198578921664738	-1.7833181977991217	0.41120564761272227	2.518708545650277	0.4605279635251898	0.15734252236949453	-0.42351895589817484	-1.7067584053597484	-1.6422812656366217	-0.7449783402019666
0.2113460839546779	-0.31292375575691495	0.053415846263089484	0.6940843121378574	0.36718138525648925	0.6652453033536974	-0.8739995884515785	-1.052172113540955	-1.4001594994371032	0.10972114894829704	-0.023150578478132042	0.056046860771906404	-1.2679536667538736	0.5719702457184327
1.3516028285417938	0.9990723956042368	1.6620585719534824	1.6474488609750049	1.3154936330781266	1.2257421640949147	-0.08677171299571439	-0.6748462707560179	0.4480816927390049	0.07189364767154895	-0.1474671923418326	-0.6108147313536781	0.05711514898208501	1.3925571282614304
0.16845877231047166	-0.3057083340676413	1.09563124288546	0.19409551876764336	-0.13810176347416125	-1.5102645830939807	0.21723597616095527	0.6130952904414649	0.3252947065359803	0.6311056492878006	0.346503035791295	-1.943553615686808	-2.3495788524766184	-0.2036497378371966
-0.20423807444369935	-0.9716597020470322	0.6520987157988328	-0.32080488872232904	-0.4826925965408144	-0.15673851569968808	0.42548218903994317	-0.5101432236325167	1.8938175513365942	0.19529272897947847	0.29438149463907437	0.3765705318649063	-0.5755973988077476	-0.5504542881059726
0.7515694096984767	1.3780532077562326	1.972314895148891	2.243342075244402	1.4869285766485578	1.4619040507999528	-1.1194655822651514	-0.08238274685275991	0.9652754822941149	1.0177300798175313	0.0996672781305231	-0.19454910514158755	0.2201183294271167	1.383459189982465
0.6861275112926855	1.7707754393559667	1.0554212966066325	2.109404593151893	1.4010544702991168	0.5518279017315284	-0.38367782720037835	1.062725795022201	-1.0884906090293043	-0.8377736670507289	0.9471405304380368	0.0013476301332510164	2.2682981927287735	0.6794803237968913
-0.5794825477226182	-0.5471253130355366	0.19058408142569372	-0.9365796141124338	0.0010177830241973052	-0.3659470200321526	-0.46339307205438046	-0.10168935185111982	0.8706337798936628	-1.121042473838775	0.8045771635632653	-0.2607650381202578	-0.5107312091114055	-0.38396546010258353
2.346427596634692	1.287304234688237	1.9717270414282986	3.5672767813162563	1.0854120673115535	1.5159640926725817	0.6962731183037677	-1.2895314629834502	-0.48964577252168834	1.3551529259713473	-1.4161284504333178	-0.3466859964079297	1.6280323409880686	1.7354166442806933
-0.2699766873855254	0.2000364850122598	-0.756470195743349	-0.5277543412047843	-0.9613229214592229	0.19633309340040472	0.12947381386491158	0.8252840395175429	-0.7414437742508706	-0.9122032917595623	-1.0702202092110804	0.9175356275714929	0.9094508975777151	-0.47702411821380897
0.27972590197370406	-0.5467274699621603	0.6198743068176658	-0.618086850902196	-0.11719724648418484	0.3619566732394976	-0.6025076056438768	-1.2601464960201223	-0.33473146169818996	-1.9077455853010579	-0.6609699343389164	-0.26838182093585083	-1.318450928931912	0.4730506134362955
-0.3508435911605581	-1.4891079494132407	-0.7373002259551158	-0.5212045198106198	-1.6735398203438914	-0.7110921524519369	0.9154631446490551	-0.7979198313403165	0.32844979884153497	0.4688541166145173	-1.1067074261441336	0.08181786894813525	-0.2936811240952318	-0.9516198257900045
-1.3308488186451009	-1.5260793086755915	0.0547329120031842	0.19421583840925427	-0.8821686123253996	-1.6050668302766846	-0.5900090345793277	-1.065507083283323	1.454768434229668	1.0378485319899693	0.11269475126828359	-0.8724383519958562	1.2702172101783396	-1.1408185007412655
-1.1963647602548364	-1.3150108841928634	-0.6251593053015156	-1.3189580701606751	-2.1120151205948794	-0.8184570482604645	0.3733136108190305	0.1016371186188767	1.3002883903520779	-0.3890391541287486	-1.1969356712803239	0.9759666964932848	0.821409519549648	-1.540275059274119
0.4080732295609327	-0.6500875237058352	-0.9556779484522331	0.3795702146031672	-0.22328610445977548	-0.8319178464838258	2.2923020084879293	0.5188874976753758	0.0741269815453678	1.889075377677277	1.231226471345682	-0.018509862834663077	0.2626617926712296	-1.0139523808453066
-1.6278539421800255	-1.8522617020784296	-1.6560537179810366	-0.8953411398504374	-1.1836359202432105	-1.4486075734413875	-0.08330705145226953	-0.5039457194519675	-0.09889112633762286	0.6762166758712195	0.6237946378834648	0.10735225207941203	0.626000560093714	-1.6750943824259916
2.316169906482589	0.08832302591006114	0.9908749047328927	1.1212555386831151	0.29983785389473455	-0.2772699170301621	3.024426741041005	-0.5246916950150832	0.8701445929508114	0.8531459548630832	-0.17314493238545348	-1.5429158516401065	-0.26042785996863277	0.4552236149128376
-0.011754108197233349	0.24665769992624564	-1.1500858497602366	-0.8370595526421571	-0.7955158939102673	-1.160297322320098	-0.018261912749233566	1.3861585911762189	-2.727072575215667	-1.0940947087636668	-0.6546125811151031	-1.4838127741495615	-1.8676941843792336	-0.2114986179036389
-0.3312372493368064	-0.39515461721242706	-0.14812838970146416	-1.0894227847745523	0.44447803655701096	0.08479309892769189	-0.526762542819011	-0.09510367367213039	-0.298808367947758	-1.697356703015483	1.2590562551183697	0.19438285185935808	-0.9478415729566882	-0.14852409841781117
0.45127831057496864	0.5272522399459663	0.9564321719607778	1.02817569032697	-0.057385607756526125	-0.3306750515709181	0.022782313099058125	-0.02917225514544425	0.4878491519057988	-0.09911756916759457	-0.860026770259402	-1.0363567936778364	1.419149301756971	0.2609257326818387
2.4406221755311033	0.0945903140746408	0.7404428005826053	1.1665928592346595	-0.14784732175796145	0.6335500327323336	2.7868129312306835	-1.221015860133477	-0.13576280029479698	0.0081625843361326	-1.5763059949479499	-0.18616909901365264	0.9727613066059685	0.6326475688335332
2.5481160886404934	2.023948630713775	2.4147819810607265	3.4591881674644704	1.7135364777018847	3.3102727384516264	-0.6041170817701448	-0.9840771589693388	-0.8661126707817935	0.980220446229149	-1.5355119091081626	0.655630559109079	-0.8602475095261608	2.78644442800061
0.41510086151359044	0.6726458420719021	0.6398372839523792	0.6301199810598332	0.13138461337542706	-0.5950999901966046	-0.03749182781562603	0.8660509049120128	0.3115907118356189	0.37454039393711575	-0.06594813265431886	-1.747833712831498	-0.8226253394788589	0.3175403670204663
0.5591104545873187	-0.14322100278515865	0.4890066259038126	-0.5588084391438615	-0.3496724946479086	0.14367921805378803	0.43105197456969124	-0.026817682157830428	0.025924838657898304	-1.2445100245778218	-0.48392761450151267	-0.0711932072851023	-1.3035827070022794	0.1335861479099955
0.2930747055018371	0.5232748288815662	0.6578751859325689	0.2934758245510905	0.41829678618531985	0.9972760480909635	-0.94593115694651	0.19526116709230273	-0.6978204873547356	-0.7360903273174788	-0.11732152823503154	0.46195083776088686	-1.3979585739936813	0.6857098434249208
-1.4185494620073138	-1.2794079670316414	0.6763147607010284	0.3220132764916581	0.33191455992941754	0.03198127464603229	-1.186437904489453	-0.9468609424281567	2.308784252593699	1.3888190017221274	1.7386765170237628	0.9016284164670803	-0.011544771840923522	-0.7089824472065628
1.8132061649074398	0.5437098321547212	0.42580346811130254	1.5374222407907987	0.0981943999346771	1.0724792355413477	1.55609965555911	-0.009543489712419674	-0.8446591575954889	1.1966035094679848	-0.8006831339276086	0.35987506996257507	-0.9716708814922289	0.7437701022806188
-1.3747068594305247	-0.8671690542589368	-0.6322606822030109	-0.9128168276724641	-1.4826322825487144	-1.1640642457663781	-0.5984270375618772	0.2103974176499479	0.6844604037515181	-0.25973553737024874	-0.8063435857275549	-0.3860270242728767	0.548506720925236	-1.1031088490339527
-0.5543691702921261	0.2839024522599215	0.10366774247992083	2.0691292432093986	0.8297256344912967	0.9155150131146736	-1.4386094292058276	-0.2914972520264628	-1.044690492804766	1.319801092858583	0.8807601359859061	1.4159845503503632	1.7682295428805095	0.1051548948996973
1.714033699302608	3.0234745841003132	3.2220929480158187	2.7940959837337815	2.203391021649127	3.3368644921128032	-1.4391791374886533	0.6091274042668916	0.8680077180042552	-0.4668665290152923	-0.6719325260620324	1.399709570959675	1.1829720919374647	2.4214037231526855
-0.1504773783404858	-2.121764857187339	-1.2308834203183532	-0.0620927562276159	-0.531594270981718	-0.06136461900674073	1.666954554991507	-1.276560224432362	-0.09216078658373131	1.777290947493198	1.3634455058585866	1.6863559520052864	-0.5729440203473044	-1.241239918458461
-1.508322529788738	-2.291877830285085	-0.5891392419574077	-2.003056296103919	-1.558838594949458	-1.6049993608967803	-0.4701313730605263	-0.8229806454107934	0.30127054262968994	-1.002800624232776	0.11435611931476687	-0.20265817539168673	-1.821839653704996	-1.4337215122976097
0.7715049241596789	-0.32078416223885825	0.4963048506648464	-0.46770648014895544	0.20226830705624738	-0.6863447883486693	0.4176360067642756	-0.9525598122315948	-0.050405862418821966	-1.6095683547790647	-0.10602583988336386	-2.0584327455647453	-0.7763162676547708	0.4060149786310528
-0.7870659225493376	0.029519797180774743	0.6940102510213354	-0.2523134405298214	-0.8112271502349659	-1.8338980275549224	-0.7673818899581689	0.8712528932810947	1.7569400542701425	0.038166653701684095	-0.5352311812657358	-2.6858589818383543	-0.4567605689176677	-0.4018798250043485
-0.24770980943282245	0.9862430748951071	0.9827959381045919	0.20667582805188275	0.23494302804079722	0.20263353348581375	-0.9706363587471639	1.3099756551029371	1.1395119747223303	-0.34212916542689004	0.055176738475520626	-0.4285757129524734	-0.3626443978773898	0.27278656140882274
1.9054411298551917	1.6846152619260177	2.538144370816956	1.4101267812199947	1.6543532708385653	1.8617550193566448	-0.45711236385384824	-0.027959343119635948	0.1679878493994529	-1.055263940754743	-0.24048935647485128	-0.2562867965298848	-1.4823733167336133	1.997865531144522
-1.249792030307304	-0.6224505961275594	-0.13628198488717413	-0.8954076891770325	0.26038235602899307	-0.03274577053243016	-1.2124573887722954	0.055632643400265976	0.7026878158011348	-0.7518591634888241	1.5244446780510308	0.6064986787367382	-0.36004507963206195	-0.5838211662413065
2.2263123543842003	1.8050873870148538	1.5967800652514248	1.8158493884646074	1.0036683889211844	2.243603865877251	0.4919376509459109	0.27880270631144566	-0.5934396368544012	-0.12925578697234796	-1.0899151749228293	0.5062533162949916	-0.8509960846280769	1.808004980153602
-1.7153439510681794	-0.6444343426314181	-0.6201924865402044	-0.47491386591947027	-1.126117606053931	-1.042250673088244	-1.3909525078776945	1.1257860441195826	0.11624193900355184	0.8734197448588403	0.19981249554756061	-0.06019237826926762	-1.3438659375898672	-1.051132781585194
-1.1460483686883356	-1.7861637851839918	-1.4759801710360838	-0.4318251535631093	-0.3880604433900545	-0.4803614811525523	-0.401316890077052	-1.4689676415547697	-0.9301473496658121	0.4540815179158689	0.8612240693310004	0.3983696533792156	0.07051519808884144	-0.9188862398688982
0.16094090302399794	-0.44908030179117575	1.443809709987226	6.314714605032389	-0.05046173547819932	-0.6805733091069744	0.7442118943847931	-0.9798170479606598	-1.0728730017308707	-1.4566247408410267	1.070502937609684	0.14411082354035842	3.661268403695365	-0.5934437537538529
-1.2843374332265682	-2.358506702365285	-2.2145849641733752	-1.8240212513531922	-1.221261471574779	-1.7612047718257715	0.7276777194302317	-1.026313392356239	-0.8058486176303774	-0.46933573733298967	0.8690859977271458	-0.3820265295690785	-0.05517057449216728	-1.731684552053108
1.1963141157386854	2.4868052564847627	0.1333290183804441	1.3881851025903713	1.860023440585147	1.7518603730815996	-0.24512970138407303	1.7982420181509922	-2.1347805882011444	-0.6235923203217499	0.8112926746368343	0.7455200921309872	1.0307415835741682	1.2017117288793338
0.5532678274627137	1.1239290137960984	-0.09152005557068485	0.4537568527940253	0.0035313396402002484	1.082792682609558	0.526621919896542	1.4621692114244225	-0.48906248226242316	-0.009413034030705827	-0.4030391481200262	1.1915208406143445	0.3373662574167966	0.1791542354580858
-0.23589940131218812	0.6122922441160662	0.7266171787074094	-0.8048343002379301	-0.3413492685482322	-0.9340436749729051	0.4241791633284227	1.7746920784652835	2.0281074396184016	-1.0420151003831553	0.20787571431390017	-0.797693018996114	0.7477470272220486	-0.6020724084075136
0.4204285057299233	0.2859278968747542	0.8615126733404819	0.2759087937223521	-0.24395637429694833	0.3208082604393433	0.32314898008119564	0.09843311409188993	1.076086287074674	-0.2521794290820823	-0.7846962446232691	-0.15671289365929167	0.05845230905338566	0.21517756660894308
1.5887686330891708	1.342297875573191	1.6371190030984986	1.365277765895611	1.1520377391252639	0.9602445512649682	-0.5331764743816775	-0.1769465230935823	-0.8285790497959709	-0.6920644018093152	-0.6372842094334096	-1.3371031700362068	-1.4180727873919967	1.7320803469077395
-1.2370811273805913	-0.9545913358717699	-0.734472840831513	-0.9773843756789132	-2.068499680098326	-0.9134912223388826	-0.7539932831592238	0.5232260231119787	-0.3626908641704962	-0.08967910439761609	-1.5014360216407348	0.06814545511374795	-1.502084697770978	-0.9681100101847614
1.120378504196832	0.0639385556514454	0.381381913627232	0.8262356329325216	-0.01703577673935025	0.2420439833537103	1.347254602289622	-0.446997149453262	0.16530222668476227	0.4366426741851155	-0.5743420489478803	-0.2671660478554606	0.5178510914193012	0.22856662703954234
0.39126967182113687	-1.1739561829682779	-0.8180509386599804	-0.4619642309107518	-0.3483820635201797	-0.8925951262941603	1.1646373803445311	-0.7902987045832628	-1.0561233752174184	-0.09972113669069874	0.5002441295151943	-0.8417061598614058	-1.1813685596691625	-0.4635032482844877
-0.8064083455623478	-0.6444271924556566	-1.964521361914283	-0.819516278285845	-0.3839467331315939	0.009409385321151986	0.03851359213027183	0.3950143973016323	-1.855759840957121	-0.23299400167904932	0.8290151889567257	1.1097539381655226	-0.13391787124447613	-0.8546522565877408
1.5854621447442119	2.8414235871950693	1.298920687668694	1.9923623994001471	2.5852102142284155	2.554630058175153	0.20920223087621595	2.1833933330491075	-0.42347925420696625	0.1346254234970885	1.825680698792861	1.9198745287230716	1.0984172993291095	1.3117041274997827
0.6305460339022251	-0.3627968071219657	-0.7384861210427811	-0.6664717089922182	1.0458268338854289	-0.40323794664912427	1.5037196456803759	-0.17328565583401598	-0.7192567954683399	-1.043796888912965	2.1780192113847145	-0.4131219071377364	0.4027022646774598	-0.3393658665570481
0.6985158386779422	-0.5693265482388818	0.9120644389078156	0.8676781189873216	0.6266499540437862	0.16754423136865282	-0.37754935199193757	-2.0424366439237365	-0.029685536302722467	-0.05884209976435701	-0.07397924584941562	-1.3105194232429644	-0.7722820492604798	0.8105918479674559
0.6299718229193851	-0.5069804432305877	0.9159235989522122	-0.612260748347998	0.8625917089764141	-0.1577396691076859	0.8465059382744818	-1.0573095173017486	1.3765539337089416	-1.577370734741922	1.2261672200684943	-0.7152357737851814	0.2491417573968741	0.07757691567108668
-0.043926947522006626	0.8609471656026623	-0.03055379549237429	0.7428087903663936	-0.6406186862119808	1.6415504119349442	-0.25296969371702377	1.3341873460536275	-0.19727290251854793	0.8015741791916987	-1.1685231963152822	2.2636722447763242	-0.12199352106058424	0.08483346218260261
-0.228719244230566	-0.41899131556270586	-0.9339417457793748	1.1355317847688378	0.27843482518850315	-0.03319023329287279	-0.42712699824686956	-0.23925492832752393	-1.6511996911065137	1.9195503283294613	0.886408276710141	-0.10215440847647317	-0.8824189441893596	-0.09895456972831958
0.6449838904391436	-0.4960528653161858	0.774341255584357	-0.04870612501062627	-0.7565577685188143	-0.9811968205472684	1.5558239262607296	-0.09162817126846327	1.8297041686893525	0.295456646914823	-0.5297512827151288	-1.343654870695023	-0.41540897124141574	-0.3579941683068247
-1.3031340831866745	-0.8541625291974267	0.6871685260004928	0.8506904813601064	-1.0310421029130132	-1.800321254532986	-0.5580945603275609	-0.10145488675178382	1.8400420188241726	1.0264646717912684	-0.05123578124390663	-0.898444776408154	1.9601933294128313	-1.1853282630289228
-0.029966717971372903	-0.7465225656707241	-0.5044355656608399	0.015981863681925057	-1.5035616777096126	-0.609189433179834	0.5405209813620759	-0.22877622276269402	-0.24458593765556508	0.6384483140502556	-1.5113779682815616	-0.4913844417016393	-0.7279511980237787	-0.4636665924083519
0.7507459010901331	0.8910278730139842	2.7809945960851854	0.824178890700971	0.5133835965892525	1.572012284020348	-0.5854506891201755	0.48561417553588143	2.292698355934855	-0.21807953165165703	-0.3332848934763676	1.0969894189781286	-1.5684731262839948	0.9133539929492543
2.219854101518942	0.6878333482496874	2.20897720182835	2.6623939160999335	1.5203106792076826	1.979002746649552	0.7692418605607944	-1.0240164974985926	0.3868730496129696	1.7171899327433326	0.22431100575040483	0.6045938081756964	-1.4034312770779582	1.5829295021644345
-0.845874467119927	0.011962381505928543	0.0006925434457750734	-0.9279190234215444	-2.329102298456649	-1.0601228272394305	0.39227753053814834	1.584803433724747	1.1631661534623234	-1.2511999605236324	-2.0779484757074234	0.4127266427104335	1.7077096714386715	-1.280461613016654
-1.3897232126374837	-1.0721654381025982	-1.2643154019005824	-0.08277195650751756	-1.367343667517881	-0.3002313887414175	-0.4598426626593832	0.005078333763903419	-0.2537091326436514	1.196097753214717	-0.4635440007529295	1.3011904903027458	0.7561495270984177	-1.2264423437806238
1.4334218604379385	1.3328501975640443	-0.27855746766652556	0.43006164972253746	1.004928826214622	1.4719134377728489	1.2908128703766546	1.0448828934554564	-1.5983561128637658	-0.9564276137540082	0.5312827364206367	1.3401428843218322	0.8502551824096498	0.5358694250088405
2.429294822589009	2.0612756168340103	3.132288196158837	3.299255583445568	3.830134809598673	2.145868892778906	-0.9166547473848461	-1.7239204238530828	-0.18667079009171023	-0.6506389309108555	1.3906445200206898	-1.1087401733991218	1.4966513910791561	2.7962975929300287
0.16756210542621197	0.5047440925726066	-0.3106904054865281	-0.005113224702573027	-0.06641634242703925	-0.4221383409310025	0.7770564643045755	1.610389672552779	0.03662534579855824	0.39861664150406373	0.653589406247024	-0.3837278943418621	-0.4455794466711876	-0.3723738216248234
2.9309600999954775	0.38469906851851654	0.8725797154213606	1.1868069479850774	1.5354146147431615	2.5065859042214473	1.958770815327747	-2.0017635014693718	-1.4167938256533323	-1.0295054858520172	-0.08949010391130131	1.081463298616583	-0.4666924056110617	1.679095650522352
-0.7474733075005671	-1.437470491141466	-0.14026769885304446	-1.8582198484529182	-1.1412021515483814	-0.3445186324548235	0.9749204093542119	0.39210936765281706	1.8818305216459958	-0.7662825961231693	0.8321834389010978	1.6999682622876042	-1.0056063560780324	-1.4716148405175498
1.766884719828583	-0.019503139875015618	0.47301358390678194	1.0753977500033935	0.33108734669743534	2.0304005430726084	0.5999754089567949	-1.5549303671970642	-2.033118361999343	-0.3139612735002753	-1.1496276502718494	1.3379792453640629	-1.536454665175688	1.2207460134783605
-0.326084382905144	1.0069600892356771	0.20357774607884654	1.382156503576834	0.5175154261930913	0.13138022167809765	-1.2579124376603612	0.9637250838385802	-0.3670892771369885	1.2556132341252573	0.14798485710385767	-0.820436854179818	0.025098571130226018	0.42370532470648387
0.029363222394674482	-0.49881226269400436	-1.3247357235814983	-1.0962618212195607	-0.3561838175164217	-1.3425147844439809	1.9830503564452766	1.0994673991468633	-0.23523564710491943	-0.23340862010502275	1.3373583548021526	-0.5873783433837121	0.14716599608614986	-1.1879259013993522
-0.15486745677912328	0.48967645426645934	-0.2445168529170007	-0.15380886234945074	0.3695904090733174	-1.3325591511786494	0.20970560113634723	1.170126385833626	-0.0777658389672936	-0.5162489287551281	1.0339165721958572	-1.6715114261821111	1.0680758210709713	-0.42601454144791046
-1.5174550910935531	-0.7789703028678503	0.42928911927787283	-1.4461643307117575	-0.9372189151106205	-0.3001427298909573	-1.2715233917718227	-0.059366339163556735	2.0323410517061595	-1.5310239383298627	-0.32025509420096654	0.5525179889935995	0.3728192698579431	-0.8179143533413048
1.055367031240477	0.1827511539236646	0.5475494341575972	1.3528075263212758	-0.1083473833069218	0.3935669876600606	1.494154300140925	-0.28027578754045085	-0.4291110151090964	-0.3228440118178033	-0.3593706696213779	0.9316564362196359	2.08760734562284	-0.0666048426766329
0.1425424665610277	0.12252463390363494	1.3499182877868203	0.8618139342959471	-0.7535640303253063	0.3982789230662592	0.04264291521009319	0.6564437170636259	1.8582637026746156	1.3956457253513646	-0.8863377635617609	0.5960424575648072	-1.1677854516042996	-0.03778450601368069
2.119994268455592	1.8028560065288453	2.9526514901024457	1.9449473686122176	2.9100357136883535	1.2558161042546396	-0.23938604428661472	-0.8446399768716698	1.1165671931868457	-1.0997858248390464	1.0324053676166434	-1.6990696038477862	0.8396408510359927	2.1417118224446487
-0.8260708613821058	-0.9966022098646649	-1.0468474582816163	-0.260777492909663	-1.0354663179800387	-1.0487345866257263	0.03343130944752747	0.3638721176481972	-0.49134613886669914	1.1123152283391007	0.22924882328319332	-0.24093057112590538	-1.1013833168420144	-0.9946488170851803
0.9138210949025486	0.756185807108612	0.6983487705940098	0.8220416194213201	3.226997985063793	1.4462516316130638	-0.675169570736493	-0.78849497568561	-0.9822088058490994	-1.02067457413727	3.32879548036893	-0.04119075899529154	-0.23617681837820548	1.2765181561956191
-0.774319205818187	-2.318022791712359	-1.1906725821501905	-1.4135724027804781	-2.459532365430295	-1.8850606487409205	1.0966893256978818	-1.479510898619582	0.4416268353626265	-0.30930748333645414	-1.7151773359239182	-1.0379552657177837	0.14880511697318835	-1.4600772759352472
0.8735631191559065	-0.2976472332292048	0.4833741986627107	0.20562284382544355	1.7315417755986493	1.094739615679703	0.8682348771060274	-1.0985857383085762	0.27662765497101394	-0.613242688553169	2.2853519014122488	1.0159795854139877	0.32834051258142793	0.29583610723965537
-2.5343061241057576	-1.114808864171512	-2.1427270341765343	-1.5595519200598957	-1.9550956399738575	-1.2158054997944916	-1.3877659236609272	0.8909927997080317	-0.7939397294816595	-0.3732716750952322	-0.46977434320829775	0.8193039656059629	0.9064563168951397	-1.830695807375359
-0.4854675079162702	0.7777572199570713	0.12550570389333932	0.8938765954028841	0.35415644520382417	-0.13197158493158762	-1.3082200544177174	0.6601433656132696	-0.5065070075350804	0.1476917169095883	0.04326403574463663	-0.5774585599432176	1.1990661908048408	0.14185796242814136
-0.821438911208316	1.2042436273878607	1.0260361177301145	1.3802191758163944	0.019728341476936417	1.3273012355303457	-1.9864001956513107	1.2877034301284478	0.991191018894567	1.0090949932460567	-0.6338756344682926	1.645109897439761	0.9984974276893616	0.2319220837729198
0.2469389547245656	-0.4674771947466725	-1.2057557037362918	0.6802250634276578	-0.26169833086430383	0.17807732588957476	0.4283145329297439	-0.8906049990019033	-2.1786872293614628	0.3526384850162863	-0.4685078259468139	0.4326637155455074	1.15027236303766	-0.16316866795306254
1.4765351239665492	1.028627312178987	1.7703601621439076	1.4747967467509215	1.4649685129544279	1.6064164280348157	0.286384853147745	0.4706351911407989	0.06872594991287317	0.566773423273574	0.9336008068198781	0.90956310068251	-1.7725298619618575	1.1007521698868794
-2.65633227289424	-1.3281648053750161	-0.8485429406218213	-0.8821442191388527	-0.34428428599629113	-1.8115628463301925	-2.1195795691676724	0.07324974393111397	0.952337832512544	0.4533502207813149	1.7164700118411753	-0.9080152394372123	0.395860391676923	-1.451286730069069
-1.3235728819797938	-1.97807345480569	-0.5161297702652127	-1.1310171177334605	-1.3548157578238873	-2.045933698861543	-0.5214914512649419	-1.6604194130038075	0.8531960104443065	-0.6667038493908275	-0.6075608173192404	-1.8289478568091635	0.6373759526192432	-1.1092969975272542
-1.121116938954041	-0.4393260846365958	-0.6085637791151695	-0.34272172341536644	-0.9699287303960242	-0.34197111683581677	-1.1771582023376312	0.30978821455442795	-0.2841502964816484	0.08952154385609604	-0.5856986812183032	-0.0014323818793533023	-0.5888650332871197	-0.5074260067118286
1.689006076635703	1.9183663969914475	3.6804844565252246	3.343717674042495	1.8006840627276801	1.7298303839013447	-0.08890066475477856	0.015045241058426329	2.3823721341794273	0.7962735860500519	0.13658895505708363	0.44159284966238094	1.8995033470148905	1.5294385829534136
0.5474260814486599	1.3015536721633258	0.964751314745384	3.1375817893712687	-0.0861825020435949	1.2524217183959299	-0.4816825038219312	0.7053051368672507	0.19843480747854658	3.29249731675629	-1.5806151488989535	0.6545775527943265	0.7942774219616634	0.7195151056506428
0.44470963714994466	1.2533745846997901	1.1094159936719177	0.48354408052879194	1.0755717958561637	0.20954963098483959	-0.6394186314662917	1.3966642183886346	0.21600447838248688	-0.39921293303820604	0.9993554494680477	-0.8648647824458021	-1.2527653193964903	0.6659291175459074
0.4144561405324817	0.8834392858069688	1.8836477401158667	0.8075091370406353	1.0430083271333372	0.7805208540703767	-1.4421332576877128	0.05278328059339741	0.7173294728729646	-0.5991159996738693	0.20540185594454574	-0.6413046610008653	-1.3048278850643313	1.1127348944637967
1.2510738096500837	0.734529116576903	0.5738257135418013	2.0169884759266283	1.6158418522446825	0.389601257207258	-0.04067799388610446	-0.8735365382107766	-1.1561491219529976	0.9302653869931955	0.5953137528438471	-1.7956195687030685	-0.04251335103493512	1.267153709710356
-0.6121914506297299	-0.31926885279209916	-1.0258958097100104	0.35102111536006003	-0.28257481242462856	0.5159179866637683	-0.37609039319440674	0.19632610983354654	-1.0304455076095524	0.97743520865954	0.257360265165663	1.2143857434134164	-0.13022223678615238	-0.4110200713349966
-0.21024084265291623	-0.5827804636897826	-0.2892252335713196	-0.6686194109149881	-1.3382539545796215	0.9186832972307717	-0.47846316892227214	-0.18427673332750247	-1.2812651248665317	-0.9653048828092986	-1.694056338329559	1.7943046584848137	-1.7380217436855707	-0.12461007495616697
0.3776025352169122	1.5155662061887265	0.6585750366430377	0.5026607182635844	0.2626553193144212	0.23761849553830755	-0.167212148826059	1.7139281814456682	0.3600111875556612	-0.3287349686250988	-0.3721553592650364	-0.6185419123237502	0.33630780732857907	0.4199477358556097
-0.6313083129388504	-0.7473781760117354	-0.797315235013987	-1.658451204221838	-1.059421263015033	-1.29403990399455	0.5727788495154522	0.997914109348695	0.13466482408703548	-1.0002525128049582	0.4065256187118211	-0.43138724346791707	-1.109367130512401	-1.1242532155184721
1.6758690097545452	1.42995616609634	1.648704751027136	1.951845169503362	2.1524532071819165	1.9887428748646285	-0.8427946287151307	-1.3051469817536123	-0.8669555807109462	-0.8636621000196895	-0.0845903569777289	-0.41135020991393867	0.670788528672105	2.0788866494140863
-0.41606079588664424	0.14986720308669643	-1.9628430429234878	0.1813372977677199	0.16057797576286637	-0.9262951094777557	-0.3183728285091051	1.3244837391903432	-3.1651783982481083	0.8584648272131228	1.2358716276211537	-0.9913068624165942	-1.2763544641384033	-0.38955214759982887
-0.4357928122091652	-0.6786049861712655	-0.7675722019572843	-0.8704340687629434	-0.2744607488584414	-1.0512991095800883	0.7470541929609134	0.3308372053873792	0.2507076317157195	-0.33730499184513413	1.005713001095453	-0.5145362955645756	0.28656935064315203	-0.9344211795323235
0.17426572007418167	0.49117109959763283	-0.23669316913964425	0.4747991842090047	-0.40819398826750275	0.32732525204506435	0.3643241492029387	0.8274090348393535	-0.3251338163385289	0.34018176318302945	-0.6477152970790779	0.5668178371429821	0.7613564804003556	-0.15754561738605033
-0.9630449683308956	-0.9015927468749397	-1.1216352507664926	-0.02364473998239519	0.45624110792844663	-0.08888082214743825	-0.6081021458181021	-0.4238592328527859	-0.8380647793364205	0.7034991634035838	1.8390850299870174	0.5578469429635657	-0.1264216790574373	-0.6219928713517807
0.04698350673614127	-1.1293723977856613	-0.3416696121061936	0.7656936079944764	-0.4890089635272513	-1.4260893699111887	0.6607339727633794	-1.4668117333806925	-0.3166955930517262	0.8470389299204458	-0.2723807039082527	-1.5783030026355505	1.3591655878877136	-0.5211184753347887
0.855766521112026	-0.6162238556613191	0.5888994033142727	-0.15329703848388856	-0.7843341075822838	-0.0304913474738345	1.207194301773041	-0.18720711423349157	-0.27772435261741285	-0.14444830801645045	-0.8592063023925892	0.25903710869993635	-2.058743443573373	-0.09215089840654955
1.3125766899270348	1.097915949650659	1.3186365073386002	1.315340018265625	-0.08153372397227743	0.4397168492863154	0.7733239069589711	0.6288784071277799	0.8425317313802894	0.6402579081635779	-1.3391227890697832	-0.8966312976500448	-0.3441817432769895	0.789425254029389
-1.7248337517824033	-2.116738514208635	-2.0243496207965865	-3.4187785195715485	-2.262114991568622	-0.8412331290313251	0.4463521752303518	0.08475015490877727	0.0008873457981463203	-2.4517808630264195	-0.16367793936082495	1.7546413329061479	-0.48159711409118017	-2.071269184335665
0.7626090846628295	1.7358200976425917	0.2151692107286376	1.141078459857222	0.7006453490334212	1.117021829599563	-0.04245611454230454	1.6216597392071608	-0.9355069142817483	0.29641926797708973	-0.10364615968711094	0.2363037071080424	-0.06413254284516932	0.775650762687329
-0.3374725023049087	0.6420209026675021	0.49914016063886885	-0.3524203757682355	0.404433032340239	-0.8640297673832298	0.06932121386647465	2.1021058904515466	1.4821383614961023	0.048948785926047664	1.6889596329095344	-0.8939982943651059	-0.6813123535810358	-0.4829801608872187
0.6368802933916641	-0.6683656137229425	-0.07823309349343699	-0.07783309381679882	-0.284283800638382	-0.6239975224137014	2.3008188151410676	0.6589876413422507	1.0359109887381122	1.1999273878149808	1.255152574963714	0.2230878957928767	-0.93871211816678	-0.8760157748949369
1.1051601444625399	-0.0657068494993227	1.4541201553920693	1.3844651943638473	-0.36864599279625554	2.2394857860664024	0.14745617060762783	-1.806804354700507	0.7653272994455423	0.27360467156364404	-2.311564337350235	1.7501344651454962	0.13566490421754437	0.9912427824774728
-1.1925483928584013	-0.54493796279432	-0.9095251694767191	-1.1661740904288427	-0.14230673135549676	0.19406746510149908	-0.804196896552695	0.47770697753509284	-0.2738711117387488	-0.9069281513192654	1.146849529321479	1.2850045957099636	-0.3257107450006506	-0.7664200003152456
2.272778039592004	1.1839568777397447	1.3955636860882121	0.6946898084988872	1.5359410263994349	1.1560468712604497	2.0681230138143136	0.25036370428790006	0.6435637964466392	-0.9019211693130642	0.8371616032543825	-0.07894121381605158	0.1416234309192084	1.005413968983163
0.10649635156603406	0.6569403868951079	-0.12567031356940217	0.3286870314871718	0.035234695108537606	-0.6207862605585361	0.33913595716432	1.5021615348561392	0.011009167573908725	0.5982746174564721	0.462452260167211	-1.0677821641069025	-0.4002241940339867	-0.16431169521177824
-1.1445740197009333	-1.3001725949158027	-0.35761659723205846	-1.0990778196638293	-0.6211189350246864	-1.0465749237630746	-0.777946362572551	-1.0414796059330238	0.5758843373193744	-1.0445913653141083	0.09053628287844426	-0.891728814969582	0.16730170024250568	-0.7087451714044898
-0.9099959236580758	-1.5400263226271995	1.0284767889184763	0.09678514347851251	0.6652869824502418	0.9171184984930927	-2.181395376726349	-2.1939255473130346	0.06943237363219816	-0.18070398378194147	1.1130718518206577	1.3730406663372396	-2.010466449664819	0.1784222956935849
-1.037791216578947	-1.1004130821434333	0.10884993365506457	-1.2399111378282188	-2.032028179259224	-1.3523987625856273	0.13733032325168146	-0.14214363619603979	1.6858240087436553	-1.2610719867874294	-1.5562812523070684	-0.15122253930987198	1.4013390839042787	-1.2953947172066653
1.0266070237047964	0.6678709694174546	0.033826492390296115	1.0331063040706578	0.8259930621624297	0.2534892810200442	0.47902567046551603	-0.13777494557317763	-1.1163373452408827	0.11085594577951721	0.1286859383689522	-1.0132876739000032	0.37564239521717163	0.6754074577179269
0.8938175827414505	-0.3541055686117792	0.18019139615076646	-0.07181941389809687	0.2005618182141608	1.370907893674996	0.43640914718799856	-1.4652456698415324	-0.6964999770450879	-1.3403887382850161	-0.542072519932311	0.9950388200344111	-0.2843772978760892	0.581917292868358
-0.8220338149761034	-0.8074073334603881	-0.9310279427954137	0.7161717790228526	-0.30802230619187043	0.29363970788532084	-0.9381589723131435	-1.0316955471358789	-1.2711140864752088	0.878367073946803	-0.13128448894794412	1.0136469325153035	1.0917369105800836	-0.40673738729487746
0.12613244290843173	0.8062325234513621	0.7215188894128304	1.4550712207272967	1.043026085050097	-0.14352516391390002	-0.6147078723551808	0.4647312274472356	0.39578391698222853	1.1140519023676452	0.8766355202253358	-1.1494127490398496	0.6824109678784765	0.39091159340732545
0.07811438626839928	0.10972908956590105	-0.898487431978384	-0.6761847157446379	-0.20516242293893472	0.1549320536982574	0.9946047475696522	0.9779093925996774	-0.6473160283594557	-0.8034202728796791	0.4797230988900035	1.0824505130676163	0.7908498842289154	-0.6351865228396885
0.13417213623756818	0.3630222346416093	0.5456695622230803	1.2034879692632032	1.392505221906568	0.208220541758957	-1.0190391629664048	-0.26160355318786205	-0.303930327692735	0.7507233305305788	1.4402035253927694	-0.9997491220506596	-0.6358771770847295	0.6471598019712724
1.4510394793001786	1.7332941399078103	0.7821521995401348	1.2948312985460875	0.9614793424740737	1.3229901070746206	0.3648424698823789	0.8260469253238198	-0.6960296211951467	-0.2497809735998012	-0.4594036957846282	-0.09576815327190899	0.25399199663726013	1.1868675853860664
0.15667083674117271	0.062357551047296234	1.5463486012739245	0.1515287336685578	0.4874143289196048	1.3653777303054078	-0.652165060845564	-0.867003028349942	1.6751367593239501	-1.1592510094669655	-0.13929465656933207	1.287834955481442	0.7086525535704407	0.44082885734317323
1.1589953858763757	-0.04443433877086023	1.6271469579841815	-0.27606494870977727	1.0683996797831288	0.8667755354170525	0.9989519497830883	-1.0515004206720084	1.8136823245886522	-1.8480227671149017	0.8156707835601061	0.3979124065347233	0.6111676571365405	0.46423238220503665
-0.08495447206225279	0.5351117036679145	-0.2266400584863858	1.2476556717785776	0.6441728882270419	0.461961158002423	-0.24610541742286132	0.5100550971705528	-1.3246376421486346	0.11225539247927785	1.0074110170531063	1.1258246423329044	1.894747076421406	-0.14987076991869835
0.4622741275486493	0.3115344044194445	-0.08128816280205031	1.4076178883969175	1.7244248890740175	0.2455008127974041	-0.35000312361627844	-0.6022840947789392	-1.2320607433150192	0.8900531690915886	1.7525633454530951	-1.0174325533426742	0.0814105716805955	0.6566227469506889
0.44875203857314144	-0.2566299779173007	0.26347379945584615	-1.1451833512380052	0.060029109676555864	0.43445348938032713	0.5573514230554035	-0.2415418446490298	0.277536353451916	-2.1111252791341544	0.2721373077319779	0.42993875936752823	-0.6372265792545022	0.01574044472301763
0.5186336977972086	-0.1381908142941062	0.5092704838312292	0.4781422939916519	0.8736723709686345	1.6082641909032418	0.11853600020775862	-0.6037145460198371	0.13365190028746096	0.036093393356588496	1.0691535750511127	1.8278039862730588	-0.6292507036547655	0.3498880540487491
-1.2265807428442108	-0.5428446265113048	0.5392130932224246	-0.571232119438353	-0.6126964698070295	-1.430922420467393	-0.9432460800212481	0.3006619648698037	2.0411297055866795	-0.0841550991821324	0.18400422001163272	-1.5625719244047755	-0.16248424624138755	-0.6907449561849095
-0.7248526662166588	-1.184829598809533	-1.4201857702500755	-0.1021079679137924	-2.16634046170613	-1.3679850979965489	0.4987005482593532	0.2213540739572596	-0.6966278934494108	1.5997553768595745	-1.4475999705883096	-0.587375632808479	-0.8517266902067508	-1.1472967051425385
-0.22143548987966877	-0.4204911763974353	0.04302759119399413	-0.47648295200629265	-1.7004361373491967	-0.9556450472580429	1.1640308572702147	0.8021100315520673	1.6579245973641143	0.328491860375836	-1.3247615103482224	-0.2216944895077325	0.4877468158829631	-0.9993065585052683
1.2004126377959756	1.7851694403242977	1.3120059218629516	1.1272877239327543	1.006851143834187	1.6695371420678455	-0.1681800990925838	0.7519972817124183	0.035311127924319306	-0.7774102542071438	-0.5277543247832955	0.5294937745452373	0.6850428843743152	1.1969624944219837
-0.035023943170390814	-0.09101870897576303	-0.4568669641271803	0.012383900529107053	0.5245849424667028	-0.4194072789632537	0.4071704796631878	0.31224352215087164	-0.267162253125192	0.14947898636125706	1.3383072980082882	-0.5329352179138661	0.10128199178980579	-0.2986212206242472
0.31843250038475523	-0.9888617218323614	0.5556494163212121	0.3973773970849539	-0.10498159269380705	-0.7771882417414671	0.7384503671169175	-1.262708983937853	1.1902141681334943	0.7021463567968587	0.20916450924746702	-1.324434106663819	-0.2834451062798378	-0.17454731021368222
-0.16054568107901607	-0.15131355968735066	0.32569031218357986	-0.3726065246634545	-0.17505386622617203	-0.20971116940812	-0.23032950558270995	-0.23844179284987482	0.6379670882833212	-0.9752645918911413	-0.2738153922680022	-0.4983063750492876	0.42389010606324024	-0.09302650519007384
1.8484494712611694	2.468462667909355	1.6441294755575142	1.619894992672409	2.3921001788815848	2.3119368500749404	-0.32655448077576815	0.85837417152346	-0.6146076111092282	-0.8980991704535345	0.7303396334243382	0.19377354491884066	-0.23978333729468393	2.0013948324542157
-2.139030665523311	-1.165602705586695	-1.1599239296815582	-1.2019468969392386	0.06102791148503961	-0.8370323355369856	-1.4758299989865329	0.13313746712005786	0.21404308321466803	-0.2787134103268325	2.179186751085594	0.4671293947257029	0.3111163552822681	-1.3077084569151836
-0.8848176643019364	-1.0847822283801578	-0.32996572372147703	-1.882992869548958	-1.05159275241357	0.31405681492808235	-0.550152336255349	-0.47305635936376705	0.38806140588657617	-2.202320183741209	-0.4363584943971663	1.3700252991775925	-0.7003038063516978	-0.6608876514915579
1.01502248399074	2.1177892707499475	2.302373938787464	3.751167642514997	1.407243780627595	0.6493920719318166	-0.6769677565093062	0.72256519876166	-0.3490412177775565	-0.15440203382229264	0.229873746346012	-0.5751516920429947	2.5946939131541944	1.1653113688621126
0.6633382670247743	0.7380542527296954	-0.28388336961373256	0.936842931779391	0.7933658688652026	0.949584979293046	0.6547268713485925	0.7692913620264261	-0.8690440081511125	0.7544821648777952	0.862505333164605	0.8883952160548775	0.2648022134128892	0.22351899283126186
0.9531328397584278	2.233765762435212	1.9419896771535545	2.0800310242161957	2.537092760103918	1.4016995040124605	-1.663889411908932	0.3997497750046327	-0.03322554154559021	-0.33168609118353753	0.9328504110343387	-0.952552797184088	0.8000758624787772	1.8339007249366768
0.24903367829710182	-1.7070829003134684	0.5975809643459445	-0.8229114957337118	-0.18551864283100272	-0.20329403896332462	1.1025379031552223	-1.7428577395468703	1.6946155525664695	-0.6695627112703871	0.7738003403147536	0.2741568643046951	-0.708676733852789	-0.5196329098147884
1.1508634223295147	0.964926013553852	0.8599050068626154	1.7252558063381913	1.4975040591279485	1.162497760030373	0.05272779640040201	-0.02307737996891676	-0.3729763530478183	0.8895069818480025	0.8615235927479116	-0.1300355397887151	-0.38010901925870594	1.0547942453869432
-2.556192379455787	-0.41715740602533724	-1.3530823201243618	-1.3301756262425313	-1.472755006923469	-2.0234593368631426	-1.8152427935696709	1.634327716756451	0.04652197910825539	-0.5074717873321442	-0.05938368127004396	-0.841364005913752	1.077747905621011	-1.61330361720341
0.012101637066403659	1.058261117691745	-0.08791699097759614	-0.6935465587758767	-1.1687383962173556	0.027465206480984106	0.748387085825032	2.453258519142734	0.624996367642043	-0.8639183317870323	-1.2486791453238741	0.6407482001297086	0.5624172344418396	-0.5261774406822634
0.12516157850361342	-0.5295000463192683	0.6328201767908547	0.8628324090848161	1.0968937724134495	1.2067730808065056	-0.8883113169784377	-1.6695682498451394	0.007914935513505023	0.28022324725801007	1.0336225766244271	0.7625455657282924	-0.5144710737496081	0.5751351183377368
0.4701704936750041	1.0386679033961526	-0.05359284264776401	-0.40539519574735505	0.49575855669677493	0.6031288572714117	0.7552361156675151	1.5914043422978301	-0.24783780779374087	-1.4201249701322112	0.7480114989523369	1.0518626233084838	1.0535546224674943	-0.1268856264760444
1.8798875724186583	2.1960245861563155	1.1488248736051272	1.8933058113128893	2.184603945827764	1.3611076084302836	0.036213076939730665	0.5081796089259197	-1.1657028641695637	-0.4305295087764898	0.5068754863518271	-0.9110801890918849	0.6888090477983221	1.7533550112410992
0.11054051246623853	1.2640636945378536	0.8839536423106037	1.4446020951267622	0.05510927857180181	0.04089514048414805	-1.2190944925300184	1.7451533005140663	-0.921666856464495	1.3285269098212542	-0.6427932024078172	-0.8220416278319638	-2.0199028175307543	0.6209522777355646
-1.02940108374669	0.021213075505168155	2.2742469565889882	-0.22740967603965748	-0.9083355384303677	-0.20885817129678508	-1.7516294964970167	1.5051907950420136	1.0112160168882514	0.0408308417966671	-1.0669608507760098	0.41980129977902625	-3.1051482271718576	-0.2608717560856683
0.8476413652472388	-0.022209065499840475	-0.9636762797796399	-0.055717749912958886	-0.5563238566352371	-0.6822532884813108	2.449892882806044	0.881068204641238	-0.7240690758965267	0.19156977774243186	0.0601823668656928	-0.0045495660830574165	1.0983943266895984	-0.770528853622503
0.2047747319519414	0.693698945325156	0.5398062795269034	1.477602501109858	0.5946332718505157	0.5651757558020405	-0.3551056329804203	0.2411999200712478	-0.3487346436532365	0.4057901463916226	0.28252675846645325	0.5821807119141879	1.6181861929849564	0.225341754685416
2.6525534218312026	0.07082297914559676	2.3206091110447984	0.7343190480246926	1.6610791153083928	0.8594072702205116	1.7232055510753381	-1.4878176280020798	0.033475563237937773	-1.1326164142854245	0.7334075358403207	-0.7068495122253864	-2.1334485158772245	1.3902032591222895
1.033077753374899	0.1774358477643464	1.4366811647888855	0.9939868555932243	0.18073265633766677	0.8459197277686349	0.4414950133277428	-1.1236133765425946	0.8903353052055367	-0.47734490199127055	-1.0266147560733052	0.276314076515274	1.210197535815425	0.6095643665268181
1.8868418079106792	0.531960874395447	1.1930728559951183	1.066537109570815	0.8194770187124449	0.587445787052872	0.37409962132565433	-1.1225549883844113	-1.1487402900709567	-0.7820530100341793	-0.7833043803433986	-1.5534321204674677	-1.406335703137827	1.486761008053659
-1.350153730194719	-2.049180902710029	0.5857489964524083	-0.12367862988009742	-0.5077977548111983	-1.6831956249141053	-1.7852839011140054	-2.0342888852835133	0.7678826226113107	0.536341951708379	0.28320957894453097	-1.9481815084663194	-1.7401194102385962	-0.4805836894922021
2.365772112786666	0.8796472339664245	1.958582603578994	0.8141212375752382	1.0622431561379369	1.2103861251101429	1.2521992225166299	-0.9811307163060109	0.6324665162608263	-1.4467413245535454	-0.6802425901628596	-0.8695583965349181	-0.3965964255797229	1.5476449488659756
-2.0411666321294826	-1.4080275956802226	-1.2811251323082662	-1.33838464990217	-1.9426352605557446	-2.338585180130478	-0.921694152790715	0.2707135865207087	0.39467584118374927	0.04620810563556803	-0.6208575909748468	-1.6777976718464978	-0.21597873772246945	-1.527260000048154
-0.017671637339148116	1.140194070668752	1.3585225346833378	1.745629801901111	0.87593487637545	0.8394464280955407	-1.0970460903405308	0.7680960818271898	1.1930907361024234	1.3184185434783795	0.35119064571594166	0.27754870271002363	0.7581827981241777	0.5276998619476023
-0.8921803267996677	0.3240099034635951	-0.081006694043377	-0.6353097919827284	0.7161149336331956	-0.6337980693087782	-1.6123559438840944	0.5986850296146813	-0.20328411722594286	-1.3466274008054124	1.2507842131499736	-1.414750285022844	-0.2942445800803502	0.023647801710856384
-1.1391825750511613	-1.623085467084655	-0.7317409407181569	-2.2356398272095923	-1.0033202194255768	-0.6607216842394946	-0.3474729515328912	-0.7897092075476821	0.36549167569609153	-2.1957022540198814	0.23060997051228715	0.3371059033098439	-0.6140556458728487	-1.026448813381476
1.4127412886891355	1.6907938526647484	1.25319695129645	2.1473817758446043	0.12168178760850512	1.2504129382963667	0.8211812814104087	1.0849711534935433	0.08861606071491733	0.8223033935658133	-1.3547954150934618	0.8442243144175061	1.5252223034514933	0.7347666998783238
-0.6285485632577841	-1.3257510320313033	-0.5431148922076765	-1.365131259188855	-0.6013075551657505	-0.8948001369725062	0.4488355349589682	0.3629887240231847	-0.49877945013516145	-0.4428158830436575	1.1592415086738184	0.5496228501091843	-2.0977846757560896	-1.123987331293996
-1.694691337790414	-1.5884215924753813	-1.3526403502113953	-0.4593079482967134	-1.0867987586354297	-0.5236637525768276	-0.8794624965900274	-0.7565403713306554	-0.29144952434958266	0.6929172733920252	0.09681958884944938	0.9873764495356181	0.68339484828291	-1.27117633933357
0.8499924135047041	1.231950519889766	1.2131332137986879	1.4410629137035804	1.1924766754286318	1.8321743568229003	-0.5161577326556154	-0.14579397035474212	-0.695811493565222	-1.2896207865211773	0.08205422159493025	1.5590949210002691	1.8438623587168623	0.9506544303592389
1.4426427118850562	-0.09532164607703408	0.4277294872601155	0.5037282866820967	0.6699470546892462	0.21570097216894873	1.4048654641514053	-1.2467002306042607	-0.34878781134019615	-0.7751172166788048	0.06944932682460891	-0.6271018525432429	0.9141478104415792	0.46986893019720655
0.48449253769626127	0.6722081170680647	1.5296393714843837	1.4352675839342317	0.1435276322611156	1.4232577525782975	-0.1746015543765431	0.4377880054867218	1.6195826484972966	1.3412491796766355	-0.45003742926531226	1.2310610238623685	-0.49587767474217	0.5087108487244656
2.330442169482334	2.2466292964703083	2.6920839657101925	3.0113555785040336	1.7796758104762838	1.7233370016818628	1.1912966613656248	0.9318374916560604	1.6366389497887714	1.5700624104451966	0.22361465943884798	0.27665623776000287	1.1023860654109523	1.4670495883944816
-2.062108044724225	-0.4882120573778982	0.5594320811527406	-2.2643695611760775	-0.5975174621344309	-0.02426906172329657	-2.3326196787252935	1.2028142024373925	1.3718442747798292	-2.3937157444042767	0.77237689155849	1.4522219959758382	-1.731844635189888	-0.8635316518023561
1.0695674510695425	0.8977927038707183	1.7884380871903225	0.6898692264746173	0.6018329074268659	0.9177178370418474	0.5939788311273457	0.286930525004466	1.851038633206444	-0.42283112995348865	-0.2029235066744421	0.14441009512698347	0.39558452225801544	0.6465174844164356
0.6575464759370798	-0.6856099226685052	2.022302363607061	6.893137268947382	-0.5806632731667538	-0.5965685756067917	1.2515811913706731	-1.6651816564425512	-0.1685401738708167	0.550247021697506	-0.17485458658094002	-0.027622265865618903	3.5495306169413396	-0.3964070521912425
1.1954575798631233	1.819913702322582	1.6004571100371372	2.036420650504771	1.6619018321210062	1.67570819313464	0.44270956791359506	1.3726684156310176	0.9892327978074086	1.1306680644914704	1.1702539848837354	1.3167652379765893	1.0504760594645357	0.7862174410510644
0.08957506042753549	1.3939156484844961	0.9929570344264602	0.7041179696857695	1.0958187378737327	0.761765290596538	-1.0832979706099193	1.1354590388025325	0.4428340100147855	-0.3482994409013861	0.6386130777119092	-0.2734797124357175	-0.06840304016873507	0.7263208332367238
-0.02698306956552221	0.736148208224692	0.2634375560072736	0.5475784706910964	2.379237385437516	0.2698265264848836	-1.5459075547113441	0.03410402119924898	-1.0113668367255768	-0.6505260383908754	2.765253676061142	-1.2042462385612425	-0.5113650738914141	0.8179588102834254
-1.0333809767362467	-0.8235680871001299	-0.6581818208351289	-1.6577956690482605	-2.0819554348855265	-0.9204735953822024	0.3152133600779465	0.6534504706011383	0.9970913875589545	-1.0852382864241883	-1.4425741388479298	0.2672693014135495	0.28550389175661756	-1.2727391478121364
0.2902720502871934	-1.2030400683605762	-1.1159530886313744	0.040356035646122446	-0.3494745318325081	0.08997654237985686	1.8559554237334135	0.1004062662836466	-0.8080576795109359	1.6370989367932023	1.399077021618838	1.7324576396913305	-1.3468423690260507	-0.9939153543255539
-0.6134848211291454	0.5903062076869945	-1.261905443358069	0.44696702030915136	-0.8699746861395448	-0.8450964995128509	0.021277334588699844	2.0108204539185643	-1.0002008337147474	1.4153338260660524	-0.42057999204468544	-0.5772327480022231	0.35165712799524745	-0.6865174902631936
-1.749031236839465	-2.234220558359112	-1.34999853374047	-0.43716535319587463	-1.5660740462812002	-1.046050069735488	-1.0124895179821194	-1.8442327227159614	-0.2893402049845765	0.7835741290772517	-0.7265812405728685	-0.028406949719298528	0.41979669645796647	-1.2116402640211286
0.763824254167	-0.5515984073155075	-0.7264240050979663	0.9486857377977768	-0.704715857884252	0.9317220518761122	0.9136455194491486	-1.321118569941321	-1.5320106763432046	0.7740318683091244	-1.5649622982058273	1.0720442248937674	0.592457180864205	0.12258129847644411
-0.1528344361031887	-0.4835225644489064	1.0352511954677424	1.7583608656680592	0.4265969923229306	1.0903993211603076	-1.1940807010236405	-1.8274127572752557	0.7402471870688324	1.400937108482473	-0.27468588294916074	0.8739987141792905	0.8753517903926659	0.43785473183771373
2.721601172782992	1.9262908994908472	1.2326030349552157	2.389290348816311	2.387411095512093	2.3429061616161904	0.8642984092133055	-0.15717873398733365	-1.565993842616138	0.24511787758038048	0.604332473755551	0.07729494623228018	-0.5039950215057117	2.1213971441843897
1.4925360788063582	-0.43784410139273444	1.6596941753014856	1.7133975895822318	0.36125178862368046	0.9798300535147333	1.4809994132215427	-1.7427399355110151	1.8083874819643684	1.5014649044866333	-0.410402719753988	0.3638948840053745	0.20963965311194832	0.565871929291485
-0.7256232857738336	0.21026332087940325	-0.902069072875752	0.42867902916966727	-1.4912870656911574	-1.4900894598789	-0.7722545729744574	0.8422145610189876	-1.041886390268701	0.8717731845615027	-1.9937352502421575	-2.351756181686837	-0.08364448518536462	-0.2783365186949164
1.2169075689014315	0.33134115660585467	0.38284321868630034	-0.352059337117283	1.568920845397108	1.0036364796329902	1.6146704187614307	-0.000346386638852509	0.0006080460726876832	-1.8541442977076008	2.153830838034418	1.4060545052724058	1.210385115460345	0.08947196549709711
-1.9816796697959846	-0.6281967364274039	-0.6166552339683393	-1.447560391738611	-1.0468517127307402	-1.362445193759306	-1.6418881820300824	0.6137010183074622	0.6446306082362264	-1.0854620206715717	-0.08405459486446361	-0.9310232917040963	0.03640670571175177	-1.0036986885542316
-0.03491120170078234	0.45531156794963845	0.4982100231431573	-0.4845136859484343	-0.3871966195737865	-0.3250185121951368	0.018744018705442275	0.8597464171685996	0.9187161351812129	-1.040178938114048	-0.5444365454658981	-0.7860071054810018	-0.03626777073562293	-0.05328272820439675
-1.223789874161497	-0.6735200666961159	-0.24222906776977077	-0.25784495508817007	-1.2268406830838314	0.26869043368654	-0.9574158873310842	-0.013275675248545345	0.6913359252064584	0.3459072194962317	-0.9354805154620597	1.210373252593326	-0.040943798621182546	-0.6573659018227521
-0.1404716243436096	-0.41330703312362616	-0.41617279216954184	0.4063123047027729	-0.3761155222500532	0.3113875684146479	-0.18959096424249233	-0.35071786998000354	-0.595718884499836	0.648386079431785	-0.2950046681612311	0.400507585766679	-0.4852280184454351	-0.10583070744653698
-0.2129816671917291	1.084762685433212	0.10206761061802958	-0.39957474162522344	0.4524972024571322	-0.5503542850792463	0.18309736399036303	2.1573643922584465	0.28908840606297453	-1.2765368234469494	1.2620170766228993	-0.11121735484143551	1.47023326293758	-0.5037026025093718
1.4874693909954013	0.3488145610800594	2.233984264576016	0.2598356885652934	0.6301924735430992	1.7320480562754241	0.8910055030217822	0.13799019763668802	0.8346189824563397	-0.7967124086103522	0.11399537649839353	1.9024533340031244	-2.254262544315779	0.7168729513612024
-2.0046205302488183	-1.4770652684552958	-2.2141000020725037	-0.3803913726281831	-2.304880816603612	-1.1502766531557047	-0.512708328714271	0.3612485886417783	-0.8160259386569565	1.849350168015755	-1.0180689115151387	0.6415440096903691	0.18911430748558827	-1.7316372831374804
-1.0035156904686289	-0.10480405979797996	-0.6718734048971331	0.8051504219152106	-2.237542833059529	-1.2626230287394582	-0.49567049764637117	0.7813663790712367	-0.5053582316630995	1.141253440241039	-2.5629380525618606	-0.5858867316234428	1.629082418031227	-0.8994403708469674
2.9509298966923097	1.1885160816900755	1.1859763967164314	2.6720430101229162	1.7052950211642743	1.474089918166176	1.4132203143727162	-1.538781887511611	-1.4697241772807437	0.5805699554117402	-0.6755616178562123	-1.269748950912442	0.3264245281176543	2.046500308573511
1.424883710108786	-0.23400888749261395	0.7432424485464806	1.5279337519772185	0.2196827295495777	0.8387992952320563	1.874287584398726	-1.0544763638961356	0.42047022783079574	1.0524923436888174	-0.1752616054957965	1.106226475527923	1.3434553367041309	0.1299858635042412
0.17280452023014892	1.0583615409699383	1.2812758474200994	0.951882501828273	-0.27777738120167894	0.7331419449714297	-0.8563811235506116	0.8066974177147402	1.0484965966889679	0.2823375281680121	-1.4216863751080566	-0.15365942713487457	-0.2994835803993243	0.634239806420959
1.0547977973433553	0.8895723713504844	-0.08148040485339803	1.0433569036841308	0.08845958077315422	-1.2009380980446682	1.5934256937585385	0.9910232867117338	-1.4171377508206278	-0.8191424407967811	0.07737720674711511	-1.6134797664731992	2.1184002074819666	-0.1287216421729492
-0.3424838925050877	-0.3192909418659348	0.3523115839535803	0.7539373812893175	-0.9185035594529549	1.5345558272249904	-0.8751128264690959	0.13424202774636207	-0.5211108154165367	1.2507984484714614	-1.165361113425871	2.6990365094981428	-1.8609470893237468	-0.027646740649002712
1.8486910074036371	1.400994219051384	0.6142652083532688	1.3052910481612119	2.1444999745944084	2.0909386757400377	0.9893453153928441	0.242738896718496	-1.0518733507512352	-0.2505685392355345	1.4819232270893048	1.0772975704859724	0.05257214110136499	1.2448364528000135
1.5733120040828623	-1.157660507312711	-0.17525600803288965	1.4125002184836868	-0.3601518787395666	-0.10713794034345654	2.608983541061526	-2.0185171432482707	-0.33509633342684286	1.7754479947596555	-0.6581776787552353	-0.21344190249150835	0.8343053498447546	-0.1134112913326996
-0.6116949215111533	-0.616293719064407	-0.3814533984767642	-0.4197062364443213	-1.889534814085137	-0.7325665412048751	-0.1150523545885072	0.37947378518284075	0.22222595049615737	0.27612287779336675	-1.7786453621162017	-0.31979593573723064	-0.8769332253229509	-0.6685913451095212
-0.963352203086238	-0.2070291072072877	0.35585014448892055	1.0573270824276184	-0.3218298192425939	0.7301212106107982	-2.3758873740732978	-0.5161957994313341	-0.31630064855026074	1.1200748727508805	-0.7717863770516531	0.5290157872698001	-1.0699397459258815	0.316676321636689
0.8970524193799161	1.4902366636976871	1.7679529624751629	1.9556933827409801	1.686922822800576	2.2121556109248024	-1.4431520624154475	-0.5011793062986258	0.03969501016734988	-0.14021806826975922	-0.15998433456501218	0.6407326821019393	0.6263271328315944	1.6656788209105438
-0.10408278698753769	-1.3562145142420607	0.5649306881869824	-0.5510150302874166	-1.5218561315973003	-0.5694366846167025	-0.03520928142999737	-1.1549926456832664	0.2847856536483725	-0.4829025457860471	-1.7285609079237212	-0.3685380432765043	-1.8529536999589047	-0.29262818684032005
-2.215374487917832	-2.361803274892908	-2.5941977628474593	-3.0442021564824007	-2.386497881473252	-2.0944222169486713	-0.18651461282401852	-0.16444513461654944	-0.7606485566604518	-1.6626832769860056	-0.210172822358185	-0.16634847725695323	-0.43628939242039494	-2.1758783156388994
1.1708377435034145	0.2045259288879832	-0.3706364865682457	0.0066733147216063715	-0.32155892601762537	0.2519800304818851	1.479506009359149	0.09917656371138152	-1.0303299960602872	-0.5845006010386999	-0.7805022010949001	-0.2565495471386388	-0.3733313243173302	0.21968625552462032
-1.137119713952249	-1.1058616470267575	0.13782833818955775	-1.477442074995362	-1.4098668841539932	0.20096212858614448	-0.9066935042373866	-0.432397766102923	1.2254183559482879	-1.4544121849843874	-0.9595026611207482	1.254734019757045	-0.7227025639655555	-0.7018824745718926
-0.46821945742369236	-0.6661068691990684	0.6322178405014843	-0.8780211444339461	-1.307243284098412	0.5217657253051289	-0.07649374114701796	-0.531972235179696	1.5804567509949616	-1.5445031284350106	-1.5242090556364893	1.685993858354766	1.1358746653066085	-0.5740984611525726
-0.11481574350722418	1.0063320119857382	0.37003988594998233	1.047768601855031	-0.2008848493709452	0.01399120611053617	-0.47800447912176874	1.3418782301806746	0.35800198283811796	0.9915089897572603	-0.6557483903675495	-0.36498198519587904	0.6420144776031305	0.07280217835670744
0.4870277572353772	0.6724495424794683	0.06877087178235503	0.6621542471616487	0.9108783480373308	0.8580566341960149	-0.049648538225601495	0.31667603556390905	-0.7212724746040629	-0.03506278886019171	0.7140198524981087	0.26471982850851805	-0.08775179882187414	0.49999428090549775
-0.8634247249735197	0.8762157511524842	-1.3416950778703902	0.004971193532467139	-0.7241208825264859	-0.693319408283106	-0.99620403817643	2.043698471143846	-1.7429873002886522	0.25068827915806835	-0.6241311772140447	-0.9712058136731287	-0.22145905579119482	-0.30571152037558463
0.4688611964416055	0.17041553797085618	0.9800255190930951	1.8892332212681282	0.3062284272951551	1.1514459717705292	-0.37336207001978744	-0.9409372706660024	0.46251429958182416	1.4501524392216987	-0.6874235702439496	0.7263330416567165	0.7961337448986776	0.5757511513907221
-0.03179012448819135	-0.1905028873167646	-0.022470209253071083	0.8969471600527806	-0.27882360396277994	-0.05292763327849263	-0.61014315220398	0.027442212368979202	-1.236526768610107	1.2096957494282419	-0.35947575842541857	-0.26701270998883914	-1.709540751662147	0.13493993559427733
3.1922606215150697	2.071954386646361	1.3364887750401566	1.830119493140056	1.9815592597217484	0.7757689329478179	2.732926771350605	0.6339449254049261	-0.9741770480685025	-1.0004926845310895	0.7126651400123565	-0.9287301745070454	1.681963562208778	1.3551947189616498
-1.0548167842330574	-0.901653055772727	-0.9311704701529643	-0.5861526844973597	-1.9051240828674092	-0.012741737252934149	-0.4561327545699205	0.4190320207635821	-0.41304107547457786	0.4645596846283126	-1.325229367058428	1.382260198058119	-1.1120273623029149	-0.9306667957702933
0.2056949151780667	0.8367404914038356	0.4066116319725461	0.634378280353968	0.9517343741853943	-0.004122772281481946	-0.5873158007320441	0.6090453415391205	-0.20128950039327329	-0.06961732964436676	0.800042826999058	-1.193166873739095	-0.2282583529495106	0.5169649570702654
-0.03561234160060234	0.8229813540445391	-0.03587008158143266	1.2040308166421398	-0.021990758850611344	0.977951717907382	0.20966084289752562	1.5261147718103616	0.06887850356462151	1.5446420329090162	0.18248226079458413	1.9824221881182358	1.072233891522829	-0.3071342873462436
0.9028983107306467	0.1879421150485831	1.7025619938532075	1.6557860162810136	0.6466863144264764	0.13178365849271412	0.7359128550542097	-0.434753078105683	2.078734209398398	1.6781550229483404	0.3298188284773912	-0.8720625911879599	-0.031636653656309	0.4551212926432547
0.8366512420766331	-0.07113252403204662	0.8886134177696112	0.60424639353919	0.9898689451871545	1.4576136281820662	0.3046830607392838	-0.9894022617115799	0.45053337769523316	-0.21570618026147653	0.7764891245601594	1.1278936073072248	-0.35376975279512624	0.5932627835539265
0.3844506126281493	-0.1516041212544847	-0.06942826786586559	0.16472030063195073	-0.30619546149890986	-0.33173668891549146	0.40874399305795966	-0.49626791154481575	-0.29104950590308276	-0.317573038828648	-0.7526075672906951	-1.020375669902078	0.2873405303827346	0.0886885195958578
-0.27584578046070796	-0.41493818517072495	0.002312707611458076	-0.5983455674868998	-0.32516706198755185	1.2797829597796255	0.17279663601447992	-0.07257111671796522	0.6945009219794386	-0.7297345678101115	0.07873966883816497	2.539078628385464	0.31281466986244916	-0.4339584491124357
-0.3970484483297151	-0.5151885140555517	-0.6484964766825231	0.3916382036820123	-1.0712542189745855	-0.4696992373452369	-0.0023240999874145746	-0.06889104750357114	-0.37328937306733684	1.1026205759746026	-0.9961430069916317	-0.38769292342685435	-0.2047376558382842	-0.43290635438575215
1.2420323991984321	0.8831564279436612	1.681344761676925	0.6673806969651969	1.2309740882234794	0.9101517669738666	-0.43806109462839565	-0.3257259536686405	0.009195291615009375	-1.2092719641474434	0.14208199924181197	-0.8032203807607758	-1.2989380013817513	1.3383796004211956
2.176945350452553	1.3264494016319708	1.8152850756412493	1.344145414072894	0.9323009694130105	0.16582888924904382	1.244624006378517	-0.18372454420345657	0.6978129826314146	-0.5016589741756565	-0.8394576857316547	-2.3462299695807975	0.2773662434809608	1.3812108794578526
-0.17846486765424624	0.559301826447563	-0.03289683810275623	1.1375062156717626	0.8571210399833752	-0.2142166919357535	0.11729613426197275	1.0019665864724383	-0.8616917817477049	-0.30148816413825785	1.9606061015066394	0.6404907684998626	2.1970509072826405	-0.4812883068924281
1.8573005226979789	1.3751505256799035	2.0701254772820508	2.243710761127069	0.42128439006372576	1.437890048380052	0.6582998476973565	-0.17164167852551743	1.0692169369728686	0.9027979614307218	-1.756338648091128	-0.2162421979540436	0.45205303434441396	1.3877249259263311
1.7867697220824574	2.601437767336292	2.5265842062318544	1.2227134445916368	1.940715408429053	2.779842260306528	-0.3988580427338266	0.8756515228461906	0.7855079154182089	-1.9336120739157616	-0.1888516247130872	1.255307605612098	0.8823127211612978	1.8995843093963183
0.07880214886362041	-0.7293112478106311	0.2664388073154543	1.0391963197799527	0.36836406153646173	0.3845762526751233	0.09614612507617701	-1.2511686574375607	0.4252665513062637	1.362526646627088	0.5782986535729165	0.29025504043237565	0.05340773696921974	0.0107083992580614
-1.5509119675874574	-0.50018179843843	-0.7155969372528241	-1.706693232152059	-1.0436354363803302	-1.3892256059291674	-1.2865458170129302	0.798966062513457	0.14951589104012997	-1.5887992849390917	-0.11633883638246169	-1.1516869991519436	-0.5589026491363648	-0.8677809061192313
0.8605380941499099	-0.09878343727725936	-0.690673039823465	0.15812648339948687	0.26834591718438294	0.046745841807137145	0.6304945182551056	-0.98515035185115	-1.8956344483583694	-0.9135557631024387	-0.3708669591585915	-0.9383148995973438	0.3516616139004108	0.4219744510533484
1.0652402918970407	1.0973938028398331	0.7371232066125117	0.213783598062539	0.005376963705465476	-0.8859795096451977	1.057206415091965	0.9694745591182842	0.2782709093169149	-1.2277369894479815	-0.756333769084187	-2.0423006359438163	1.222674178497821	0.2711742316692985
-0.5510617737036577	-0.9594681777209115	-0.27743509266318545	0.36040622804473404	0.2306171049787219	-0.37949997674444796	0.18748329899491883	-0.545671394961872	0.6646780699691637	1.225837384113874	1.4541880338602242	0.3833460312319506	0.6706371310574688	-0.7661927669552822
-0.39910131119631254	-1.6447646553801183	-0.2029920921210901	-1.5299666475348983	-1.131403677250304	-0.34382263930479895	1.4560467117282274	0.44884544016413963	0.7140168127534812	-0.09519402279165554	0.9014902695828656	2.086185753511853	-2.0813462957393214	-1.4978026603307377
-0.5696294350572171	-0.9827011076925615	-0.621926335113416	-0.7745925905218165	-0.6939765497061117	1.06135513306272	-0.9131700137110778	-1.5565575031394525	-0.9797498144325905	-1.5438128199157874	-1.0753679372411746	1.4947473802416942	-0.06872734836223741	-0.035021136136442595
-2.0077525814243935	-2.832039907750683	-1.6356508339242368	-0.9446360842661836	-2.051515530431368	-2.977945923669273	0.7327775637625912	-0.9232001276905067	0.48474372096383905	0.5944774361901991	0.7031533535727112	-0.41421577808425886	1.9170793284672505	-2.661535696829829
0.16687093595010377	0.8776805776591987	-0.19757823150435513	0.8659199107580482	-0.4309912069534156	0.7493042241982428	0.20639744978671837	1.3018407150506748	-0.46574944585206157	0.7524303617864618	-0.8378008432107935	1.1926611997051104	0.9200909864427469	-0.0874420486597556
0.0878013058741178	0.0030929522170281554	0.02144114075572698	0.9352415865402373	-0.052406120774128984	0.5263889068533452	-0.32073904822831645	-0.3141485068958653	-0.37956419550812015	0.8976816385558102	-0.40735209989231613	0.15589656060894055	-0.233476658476777	0.23827738804990273
1.0473851069027444	0.9692371886263056	1.1631459876930104	1.9374674047097107	0.6163258309965909	1.1760048552433526	0.8112523938297226	0.7515781578292299	1.0346241324989716	2.030065116159072	0.16332142729597282	0.7286183738520091	-0.10860995007007472	0.5400122839427827
-1.6039057612998735	-1.1136411996639577	-1.6119104024588766	-1.7522425484042916	-1.745268898104006	-0.6583182831479536	-0.6468305157355998	0.19779517356092552	-0.64713317672071	-1.2001595710719324	-0.8549216852900363	0.6097230974560536	-0.04170013556423656	-1.2239782766876657
2.2121461835126954	1.9333388081052316	1.0051270111258417	1.5996437730658035	1.6102215463827134	2.3276286209570314	1.696700631773747	1.3098507473127194	-0.2820035364599179	0.41804905188059044	0.7712258459543947	1.596039647681979	-0.12008375758518453	1.171445111234637
0.2828502470849182	0.45900836067744216	0.06360590917248282	0.4265637301254462	0.11853644417115199	-0.10816636841016386	0.1730409389763742	0.9725498197227314	-0.24181055428890608	0.48605642430748497	0.3681633842121485	-0.47877915477922356	-0.8842213928812527	0.052322747420053925
0.3906046238342142	0.732314671391832	0.24293635820883636	1.2012309904901182	1.5688358182658795	0.7094012106378736	-0.5300523263675184	0.3594424432270961	-0.7284291692083643	0.7677134199068635	1.7453590324107255	-0.14347982310585497	-0.5328229622696249	0.6232137979094994
1.5446267365698205	2.452915415803011	2.920193207853416	2.7374596714132666	1.7050768599127917	2.37886604459217	-1.6766065783107151	-0.24179424563921328	0.578382979831013	-0.2662388590761366	-1.4547425488393757	-0.2990875623379708	0.8547637014145412	2.427039222903631
0.25785323275873534	0.6433671560705324	0.5662083039692261	1.0225494935974115	0.2893896493739457	0.06339175822744017	-0.22499975905742117	0.25533027962346794	-0.021945092211531694	0.06630231531643896	-0.21392428095800628	-0.34463773031394007	1.334285235994541	0.22331194109754343
-0.8965996437874991	-0.8865264769442787	-1.0393496627614314	-0.28588327109711054	-2.0282155984397168	-1.2421317594745722	0.5462451155938647	0.8063947507296143	0.3672531161369378	1.4511012062670239	-1.0998505544130286	-0.2258741260763779	-0.3962750552661085	-1.2911083163288255
1.0089431907812674	-0.3651218892778964	-0.7386089672240659	-0.347788818928714	0.36258356927669805	0.01085337625099446	1.8272397308021529	-0.46578821588931135	-1.0485535028924475	-0.7735708023248957	0.747200885139465	-0.12323097506379474	0.13825358152628398	-0.11329967604956637
-1.0738307485276677	-2.4060800208122903	-0.6690506233941129	-1.2428571148639516	-1.001589314032328	-0.23182193307720989	-0.19177062103597411	-2.2288868054889344	0.539899249929255	-0.6365194635987322	0.11054013333564491	0.9780917667677742	-0.29296205510498385	-1.010155526497933
0.6916651737610704	0.21080673856729293	1.6302144818501934	-0.39877078057374205	0.2395557663066242	-0.10259764345863387	0.2421909391457761	-0.09990621677101372	1.7912089491921894	-1.5311606724364442	-0.0789082505610817	-1.1205521589203173	-0.7937129583199255	0.42949306029388623
-0.2591603021338883	-0.3320080757195105	-0.3931814750683166	0.5427983944771659	-0.4014247779422911	0.7034477069986856	-0.21213116756788075	-0.33415483303667787	-0.4167950783525566	0.7898735956270166	-0.44983625155326384	1.0794938778557737	0.06176063709017875	-0.14386730331553957
0.6545620385216118	0.38835442778301776	-1.291008631274563	0.40044726269250663	0.3212350337518305	0.0015949170863894802	0.49094131755980486	0.419203116497217	-2.720749518781114	0.052093108602251255	0.29382806226864716	-0.7045042503431541	-0.6282918995309194	0.2624909377908714
0.2247372546455808	0.4052240050911105	2.5720583746216956	1.2756366950976017	0.8908864930442645	0.7269790773147293	-1.6753639121735688	-0.4280842953501175	1.4922291331870992	0.3654955783305109	0.10301004260235246	-0.41615667897529623	-1.807212942500383	1.0235171708012576
1.2965177641439776	0.03654780204380015	1.5436979765386276	0.8304763334836749	1.0789997727609983	0.49024786821402544	0.4981954531173196	-1.6091163607324097	0.9609520089483152	-0.6283551716558108	0.12893601461671975	-1.1028221978254993	0.2251441042437616	0.9569887976344935
-0.14336328073795557	-0.3031705171894688	-0.4598058835851608	-0.1793312120892028	-0.2398717372943134	0.2909184794562527	0.31864212025037364	0.021627264486030383	-0.15611769256629351	-0.15324949777421776	0.13367712802039147	0.8821663143770334	0.4923816551330244	-0.41462320690769194
1.485745697795207	0.3010397542300923	2.293440375420355	0.8187427122218481	-0.23993767775171493	0.4694258524428184	1.3363217834123449	0.5575553694556784	1.2125019868702553	0.598693216604809	-0.9026710503926497	0.2869518016661725	-2.371787466667334	0.4408640258901521
0.12874638183964476	-0.06800999017528031	-0.22912264181830455	0.920846410309605	0.926613628918219	0.7788070482155725	-0.5725467030489687	-0.9148897552748999	-1.110448580481558	0.3803714414163308	0.7446892059762891	0.28831102607631265	0.32361060858188456	0.4162017412732827
1.0635820881260705	1.387402087906312	2.001957601893718	1.1714799306033261	0.33364753257415136	-0.015146276634662392	0.08971801424424863	1.6191742469487735	0.8013393216330639	0.5751532390608285	-0.4564803396094449	-1.2440378028035248	-1.9033897615418434	0.7965754920454167
1.8925179084729253	1.3926224925767268	1.5189880479645224	0.9694409001132717	0.6928538308301103	2.478692476101883	0.9182809788398186	0.3250737671467262	0.3547926047382194	-0.7359490650914163	-0.8444859022363134	1.6968211078301125	-0.39032087707999985	1.2756424077046908
0.8041091337649178	0.5691011024949946	1.8658351321171103	0.9242456693417839	0.8086568492308526	1.2417068866854306	0.009530189619618507	-0.5813399623244636	1.3143523221272708	-1.0104574023607396	-0.00735640102256705	1.031431238620767	1.5230314241289826	0.6132987950638762
0.24419618474135202	1.461830087571748	-0.08885998971921139	2.561454611175789	1.0159564306765865	-0.028741821431510828	-0.09453869757353418	1.7343297994252214	-1.1202076675316897	2.5380771061276404	1.1680365128336188	-0.25379049090940925	1.5296416922482967	0.11530386946695584
0.866190854154625	-0.04268238611574143	0.4784478600326388	1.6238008269553523	0.6957127009626941	-0.2197873051006637	0.6986385103967493	-0.8880035936694378	0.03235920377635837	1.4111989134507548	0.3709689315544608	-1.1444413056634635	0.8075107126662623	0.3286176275526688
-0.4054281587666226	-0.294177715508026	-0.5275376277678873	-2.00856244139894	-1.8959472942820856	0.17834954755165422	0.4270283381551459	0.7317941787466804	0.2689667144846895	-2.4643164399234614	-1.9381832311060532	1.129540686669051	-0.1867916943926057	-0.6958958838775131
-1.0189610690890412	1.5240903971094157	-0.6788639541036763	-0.06866456928671422	-0.6969949796049727	-1.7205805521946413	-1.2300667022547607	2.8942570880712295	-0.8021785730771261	-0.37525672316667197	-0.7433408243939976	-2.317102838167414	1.069679934155668	-0.4263998425644555
-1.2757059794487264	-0.7663459917907474	-1.7025776203426406	0.06729019193767194	-1.028707984070699	-0.8643209594065349	-0.2241054037812494	0.4809990017156486	-1.1767746544978124	1.1348616357172283	0.14097424236284634	0.6203873015884397	1.2363170688507201	-1.3022088065902804
2.5939633169895724	1.9495456254831511	2.7500867252332313	3.3702770064842023	2.552492239689091	3.051670100571945	-0.1632679482743096	-1.2496702297119153	0.154263473825618	0.7685235327093299	-0.243299166029432	0.3677882839083766	0.29775166715692625	2.639797429878915
0.31591465128428975	0.6493378555084216	-0.38134672622253907	0.4247987626087615	0.3442140544936919	-0.3272127591714463	-0.2550840005690004	0.2564636208247917	-1.3817972747162326	-0.5269581202845594	-0.2399028862241406	-1.4427936970594526	0.6065822591629082	0.37414323118096493
-0.9472829074721321	-1.4625649191230334	0.11245840703985874	-0.9076134836791461	-0.5725235783503042	-0.28403086616415235	-0.9204094393395884	-0.6871391691498039	-0.2913001150286425	-0.5129878519213181	0.3668140090313922	0.7437203350531114	-2.1339323204006164	-0.6234949535530278
1.54509037487062	0.7399631601751009	-0.22929400911751702	0.5735248766674513	0.4022636289245465	0.3502007493348794	1.792615308728375	0.45014890107732963	-1.1463144236930944	-0.16120543212031466	-0.11267131176947594	-0.5119893563384758	0.060563852365121684	0.45776104905567877
1.0633493118215425	0.8389996710022896	2.1818652528600273	1.5194431134276578	0.3219839071152812	0.23272900970960855	0.5575392749693566	1.2953092173049128	1.2250958595086692	1.6654444577642755	-0.01895581950287419	-0.25098737685960193	-2.1786130707284728	0.4975367547650365
-0.49974072311193907	-0.4789848968334045	0.009844764886785318	0.4085861252313624	0.45055544125646524	-0.33362428527289056	-1.6788087227716537	-1.7927083543131448	-1.0879587678134441	-1.0698374285317915	-0.14048782233819826	-1.2313960854957928	1.2615113584851163	0.34433784405745904
-0.45797334053734295	0.33947418518691336	-0.5931297167631201	-0.24841236988117116	0.07410413996972863	-0.33678049047808767	-0.7386433373249081	0.6635660081803875	-0.9325529433157234	-0.6516159451784646	0.22120323608724973	-0.832295036607664	-0.11264781460327189	-0.03613585680066474
-0.5114845151085612	-0.4077819037306679	0.2119378601757304	0.248883156660741	0.3718240121756362	0.9335206034172919	-1.3120795349110266	-0.9227494072265914	-0.04717899372903772	-0.1798348824084099	0.37423366284037857	0.8830428106281384	-0.34963967600349916	0.21579567580598666
-1.4182799255926728	-2.230645356414908	-2.0748228638449078	-0.9123508582131334	-1.8066157205468687	-1.0422287017105971	-0.19949611301461315	-1.4187326420479258	-1.2446363551366544	0.4381086724080256	-0.712544103703337	0.1654466914438194	-0.21191544590364494	-1.3370226820054232
0.42012796094533994	1.727262123033235	0.3455728841519557	1.7530741123291125	1.9353241757071582	0.3556660204058192	-0.6013829454186954	1.5314987995803477	-0.6926692611799317	1.1619525884417505	1.8911684239326303	-0.8198761095500675	0.6185663859381821	0.6846495660973899
-0.8507602819700808	-0.7074840235010753	-0.8693956132122507	-0.21879098242266617	-1.7760858470165555	-0.016602359949528578	-0.6154295111485942	-0.40826617202341625	-0.5947858686934596	0.0230837969634518	-2.182367369684672	0.6178694473254024	0.5010683886246172	-0.562737998011949
-0.4567447000292877	0.36417749457745807	0.624188911731405	-0.06325023645824107	-0.07614685201654459	-0.5915154107195553	-0.6990591181595404	0.6404749112727581	1.1569346625212886	-0.4493665197908235	-0.0875499354780407	-1.090946895078988	0.473964792604182	-0.1149004107070332
0.4697880343889256	-0.3005374457638264	-0.5095510197225801	0.6872396358288511	-0.00931344895990946	1.2887350283424566	0.008990511078794458	-0.5657230489666771	-1.9062164604026781	0.5573103732362413	-0.191576745746524	1.560611333814904	-1.296221691360572	0.29814072188829427
0.5243646594288306	-0.12868295223444748	-0.6280571440156307	-1.6086477584681584	-1.0570230465726853	0.48978914574756194	1.7392073356576847	0.5498153314089518	-0.27988045138974804	-2.485087702239385	-0.9457686705583599	1.7290247479236505	0.9921548430018574	-0.65700311968019
-0.008971853585828596	0.48616694831900964	0.6023013442955957	-0.9513793275249558	0.25002149146838026	-0.17727846262328073	-0.08801784931205657	1.1124247759381587	0.9603806406710689	-1.671699462017898	0.704948821885976	-0.4732565324017123	-0.6343740060862642	-0.05441311602663275
3.9222467963751755	3.655328211954256	4.142514807818527	3.269971803498765	3.185065903813694	2.9586937498842474	0.7715627460944798	0.30384789444426247	1.1968801139192542	-0.7052684860894862	-0.4759199821087982	-1.0228299872088134	0.4173179529983654	3.389555884688025
-0.7339761494042379	0.8475193212650332	-0.36952288867636984	0.011121293848788516	-0.4693250358152462	0.849060298703793	-1.4637448175381498	1.1718241541293484	-0.843850295113204	-0.5557730204999737	-1.0229129468913145	0.8545791143566377	0.0397692991328782	0.13647096896084845
-0.8942354728268358	-1.0185491240557973	-0.25515522256990303	-0.924994327343503	-0.8067907336959829	-1.4476457007532928	-0.48035879968888	-0.8735711608632345	0.17679166776820418	-1.6630185332720364	-0.3661462941689988	-1.140904632368473	1.4570167300184231	-0.7858097735415412
1.2616184573026379	1.8090892231729279	3.690681174117616	1.9852031254129905	1.7952091431868642	1.7059892959007386	-1.0747051551537008	1.0542483884134175	1.4316364288277905	0.5114957817750001	0.44470238244515375	0.32601175192736576	-2.419896510748338	1.6605194922745452
-0.6587606635975033	0.151428344815626	0.17331820578213158	0.19170111927242545	-0.40433501861599874	-0.6203886416243384	-1.1790090535938724	0.045667532121948726	0.030771369223538476	-0.5464414646027217	-0.8043110207956689	-1.002615047076789	1.1357183287649952	-0.10311584021054228
1.3954092317899	0.5964365197395486	1.1466902991228851	2.0301315050385655	2.300142824416721	1.6848989711143039	-0.4502086800990163	-1.194699067841458	-0.9906392982121554	0.7290842502347623	1.584675310594587	0.10374100253482325	-1.045668007053512	1.5223895618551258
0.30701867824673157	0.8668962299985641	0.02324458336842611	1.567283470431521	0.6443707072701328	0.9644685833545147	-0.30578363478638587	0.6157999104164779	-0.7221070282445166	1.4346615588314187	0.24622897755125006	0.5542941279709659	0.28678043515593205	0.44006019671749086
-0.6792387459189095	-0.05551132295759956	-0.026147996716028868	0.22172570581287443	-0.7585344213969069	-0.03201547402524865	-0.9670561760274423	0.03290941963969426	0.1635718754850571	0.0956785697880379	-1.1286997946899635	-0.018824701653419228	0.569492903751138	-0.18915555549164373
-0.6571359136806005	-0.49000730635378253	0.4325077623737143	0.8643230493622742	-0.10245678170326805	0.38506066363905	-0.8506493925280415	-0.15954657915822676	0.9777589691501375	1.6980634199715994	0.467427264171614	0.8100960901135473	-0.7044329365773718	-0.2533927715433721
-0.96208361370006	-0.4677767925864402	-1.3634156415163918	-1.0067510809369775	-1.2510453561761734	-2.1106395900396686	0.9791847289060501	1.9435189906918708	0.3606294968069622	0.7042939085159241	0.6374696223667032	-1.1935928083983423	-0.22143900435516153	-1.5896003861305303
1.1557800371228668	0.9577158894063913	0.4092781489585307	1.5891752590812018	0.17222186835423084	0.8122931808072653	1.299963100837772	0.9551245568163367	0.11447268115959013	1.6542291517889547	-0.3520916638063972	0.5062899144547288	0.3274690615253689	0.3191473430115155
3.0930761029088645	2.5674938407794548	2.1900077748539686	1.9935773442506906	0.5688584393395348	2.8390367443254343	1.672356434667991	1.4694863376853786	-0.0638758616724119	0.007591482795009459	-1.9554770543884037	1.4008175741707727	-1.2212368426355333	1.9300494066953342
1.1805529413267557	-0.38041992894228305	0.29542870348643213	0.7347923320415379	0.8067919528299855	0.5268125302818099	1.220445456219763	-1.0852930347489071	-0.2018003136537751	0.4059389800179456	0.8869618163549736	-0.030564139201337836	-0.4893255272447891	0.368620997356019
0.2738249911987023	-0.19109952872331426	-0.8629955539010155	-0.6495824702542768	-0.6118708409809819	-0.7038095952388521	1.6774347298845491	1.2797327264245488	-0.18846110990965476	0.12680783866328932	0.5643089049450929	-0.055216964268684346	-0.6380252119852636	-0.8313341221809908
-0.3406064831376655	-0.6988799871938927	0.17284885889683735	-1.3147056871809402	-0.8916451637299664	-1.4750535347021645	0.9841307539840766	1.679019643879754	0.019819896265589734	-0.23759813143249367	0.6652833543605554	-0.1950229149198632	-2.5961659311632737	-1.1870585872890902
0.2547296457857285	-0.027899737150568982	-0.5648795385928019	-0.07653031332863702	-0.08492190322843768	0.5179486614088495	-0.06560092116420606	-0.583953559922446	-1.4013304669749442	-1.0812466295063374	-0.6652906867604619	0.2671240235474996	0.6312696230905299	0.19621847418479263
-3.0949341386437923	-3.197518823110552	-2.1259430745957557	-1.6945645489391918	-2.3771958629753343	-3.5647925384414068	-0.597587020441671	-1.0260922169817275	0.2768828940280574	0.05648178249286279	0.6179055701075558	-0.960218760886181	1.8034390701312528	-2.942551306947766
-0.4536874007062166	-0.6160264345333661	-0.4915104820132582	0.1320721619593046	-1.1337804632731279	-1.3651711403142168	0.6954716224989282	0.4093552755973857	0.6913942398980407	1.3015630262515647	-0.4514477668810641	-1.0413249672865694	0.3373258788295607	-0.9291047756577097
-1.0922702146135375	-0.6510989618102754	-0.5931622925333029	0.01446945515052267	-1.472243414732173	0.20059119223182664	-0.9418458096004604	-0.20539101914412541	-0.10941587102582599	0.5705558295235421	-1.5739651076474994	0.8801748099504852	-0.0017548226275104692	-0.5275133857982981
0.1136528852413306	-0.007880730345238	0.5009527525088142	1.317118804944823	0.9009999973738042	0.4391823533439123	-0.6198107014722841	0.06962390510425466	-0.5938907808095576	1.653823616833813	1.3530289014777501	0.2910422552761054	-1.6873983340973124	0.2878245934116717
1.097036919793009	2.024229822585136	0.8394864674912579	4.150770215733925	1.3845089840223195	2.195511545720518	-1.6658212068173586	-0.15053666344846714	-2.0418353732598966	3.013637128826938	-1.210412177519373	0.0024940092783328747	0.4866076900835401	2.017230282637508
-0.14640981686536048	-1.3650345657608254	-0.8220814443907483	-0.7091993225362898	0.06490894398186264	-1.309478376679772	1.10377001211806	-0.6474634315404311	0.033216734709122654	0.08176205603305038	1.730404796945986	-1.0069958121927594	-0.4605858150637685	-0.8844393438238131
0.7364983680696496	-0.38460595066170156	1.490773855655239	-1.24336298284298	-0.45494952511588543	-0.5691388547133504	1.1366437021448306	0.3568664639792135	1.2666296034415288	-1.8229300182341863	-0.18594315890520582	-0.4836661146475039	-2.1263300655473136	-0.17345981593976686
1.2992761606928322	1.4572731798767142	0.012915181024364841	1.1166807179553988	0.7376493976560755	0.3037134638575598	0.9552970948701316	1.3182209308234367	-1.1486439407667082	0.4134364838122965	0.11864199851220814	-0.9853350095578672	-0.1548317497714106	0.6973069713369344
-1.463161521130999	-0.6771119985072632	0.014408346436618036	-0.36494959479727196	-0.8218034544580864	-0.810445440321953	-1.1945971789207157	0.11331512585190201	1.3006663653309227	0.29781715702799866	-0.12774493843975182	-0.40040578492518597	0.11849245579891293	-0.768799565178187
1.5950327964812314	0.13179124301467793	1.2501417495497724	1.328121344867859	0.6072384085878317	1.5282325054046226	1.437376701640726	-1.0052685980527725	0.9036912689452086	0.6507157857886566	-0.21262480099574646	1.0468051065747033	0.1610709046400274	0.7027382209183359
-0.6611062144733539	-0.2627157237649258	0.24314722576878822	0.5005482691829009	-0.47884049747400076	0.36873294797236456	-1.9558479305610774	-1.0601906385608684	-0.38948983418730343	-0.14227500298449178	-1.4233288020272423	-0.4431367734577308	-0.3759065786645716	0.44857997510450953
1.5227702291873166	1.547214160876624	0.6849138443460999	0.31429763009102896	0.6313791635642436	1.1254831799484961	1.3876935460453768	1.6602322108441168	0.05053342676807554	-0.7488424968303548	0.13090525798150854	0.521940613388345	-0.3761248595808152	0.626299806286317
-0.5988337941454965	-0.9727306211475365	0.02961151078881019	-0.42915732653485616	-1.1820418174521723	-0.5161028870889314	0.17414283756064394	-0.36634345902806364	1.2561921498243975	0.20366983331287516	-0.7153112585783916	0.02149458747420415	-0.12777689757138236	-0.7273691662164219
-0.12828238633220163	-0.004371223156303172	0.05504016021587137	0.3532603970393825	0.34808564726195235	-0.06417024682073916	-0.06074627730029768	0.2955389112597965	0.2969406462792946	0.5496096520343251	0.882231548550734	-0.2070867771944343	-0.23678471197655712	-0.13433762751686962
-1.5303296139231097	-1.0182241649446901	-0.6432119274998294	-1.6470841351740242	-0.9301812682789424	-1.273175048378045	-0.4495735968453032	0.41017831658861004	1.0320406339037862	-0.9712696045522	0.55691643175871	-0.3511871845623562	-0.009386135734745093	-1.2624539277509073
1.4231858923753475	1.7215982066882514	2.0252619009246935	1.5972786288771796	3.0690106346199997	1.3133527094714705	-0.6380135425333572	0.20262102121422967	0.4065948796676233	-0.3838655675108627	2.437900745062663	-0.9492401388310474	-0.5753589613808162	1.715097386235877
1.339097300401535	1.0220148038959764	1.11669347544754	1.6957064689147205	0.3264911736342703	0.04495664407446037	1.6387556879330432	1.0549031864917802	1.2837286855212666	1.7424412060387497	-0.08631844400299188	-0.5994424058418237	0.6921376086802329	0.25064537026486183
0.5126582974840574	-0.057836291075041256	1.3806465483679906	0.9040338750466106	1.0126496922060375	1.1082489372337399	-0.19409983385238577	-0.04841597143339014	0.10210510610291125	0.8009661865826785	1.3011054412680572	1.3611670675763214	-2.1440217405698947	0.40001763989897177
-0.5573278731334153	0.2582769641331013	0.4090809803796459	0.19870604107701148	-0.12683868145798954	0.20063999909654756	-0.8849156357113266	0.4612786379874522	0.7836316880941686	0.011123752119494327	-0.17896917854791516	0.15012686848493	0.3077477414630096	-0.08003976695197196
-0.3014310968869631	1.3588190020168105	0.10290788894604239	-0.41178649957882374	0.3885983709794957	0.6195940794374594	-0.659171239212979	1.9452015007255263	-0.2981736765124176	-1.8293427233123176	0.44956929563435094	1.0816029334866666	1.3370005772757811	-0.07570201387366149
2.5907540878143998	1.717469736133365	1.8895283286604083	2.2389083305676443	1.0980278356943973	1.8817853067265615	1.066233904788212	-0.15237543248802626	-0.04331632744040212	0.3615452599990801	-1.1879240469995251	-0.3157694318087313	-0.38493821676563594	1.885882638979308
1.2062806686441336	1.0713699085259942	0.653006513839779	0.8367940566784879	0.001839016301249774	0.9229141520318975	1.307253087681774	1.171711152958408	0.42194233989858343	0.44437015542413605	-0.6109873079346415	0.5480202102368515	-0.1383490156242098	0.3960130198757914
-0.5194218582522496	-1.5583867209395705	-0.5620880082174785	-0.5271734303116427	-0.866701257209977	-0.79202845906084	0.4729373982043915	-0.7916920077225329	0.381449741751153	0.5089955323321814	0.332705231970858	-0.014119269857032135	-0.8084602841467534	-0.9216794594767002
1.8414403386947222	1.660305430988883	2.3285673533455946	2.974324638550762	1.4352758125798895	1.6103078834812843	0.10689042559683667	-0.2921979721507156	0.8315108967042261	1.3422690893953346	-0.6189864411078299	-0.24109136742447498	0.9692366196480545	1.6417768903497014
-1.306825593010665	-0.09396979025088448	-0.7233843856364046	-0.6919584534313311	-0.304227245507783	-0.5649102853344119	-0.8982025234429948	1.9681525815463714	-0.4466743429611855	0.37484392793014154	1.4226750462213522	0.6596528201369736	-1.5850438356531191	-0.9578525720480836
0.7898849375246955	0.05581120947257223	0.4967271799894081	-0.1320181955353552	-0.07695182761427957	-0.08486078195540381	0.5536294408721835	-0.22676138766873077	0.060149735894372634	-0.9494724269931307	-0.47195380470012493	-0.9564160810438322	-0.7624763292414115	0.344363307922093
0.22993068380459694	-0.735633657581011	-0.27593816834060514	-0.3860687033555493	-0.5155643361817637	-0.058075908171218465	0.7467531126750308	-0.4372278265795836	-0.0908709042016563	-0.25834401516619365	-0.09136861217951886	0.20046831745916766	-0.7285791301614428	-0.3275811356009723
-2.3131695389402562	-1.7830648712342732	-2.2235911856323813	-1.0772764638632868	-2.018657082520178	-1.4508376268539118	-0.4862293911505046	0.5689031788428658	-0.2812941227001633	1.400497371089598	0.17511989462293254	0.7105585638065521	-0.27327894878791703	-2.0697509887824093
-1.4680932151977877	-0.5262354743036107	-0.784561526462787	-1.2442768535837874	-0.579365276626559	-0.009152014006182096	-1.7060083450813643	0.10876828469523386	-0.5079412285769331	-1.444649048604388	0.016713312583210075	0.5303903735337189	-0.39916532351988504	-0.5116633804167741
-1.7552539676828243	-2.3531936803133124	-0.9098501572635431	-0.8598028633244265	-0.717946391484502	-1.384781671102528	-1.711050814941156	-2.2082637045424427	-0.3462544459366047	-0.14919741725232613	0.4817608417852402	-1.0992942679105644	-0.8713824555649428	-0.8539589664748582
-1.1103060262571365	-2.0814847919876875	-1.7797223502849446	-0.5268694592808707	-0.9404424026399661	-1.1782658813611162	-0.076834597318394	-1.7061404641932523	-1.136765636652641	0.537722897044387	0.19674612795855864	-0.4299764049659108	0.27486065227979317	-1.1127726439276948
-0.48746990035881765	-0.6087732255639953	-1.655911104388654	-0.8671499036019932	-1.0527396776197904	-1.8613605227305001	2.0221767145751595	1.976142455124635	0.12805688367713536	1.2027738193489272	1.2353599539815965	-0.5171471975505579	-0.2473736148802723	-1.744983975662722
0.09047435578111485	-0.625102789595444	-0.9030240860706049	-1.6499827331894052	-1.5852033193545714	-0.568357315166683	1.1353796551956188	0.34142645287234513	-0.5012121391239159	-1.7619607599268814	-1.2756817945089094	-0.04964030422165582	-0.6782653748680638	-0.6943055863452383
3.0667165343325906	1.4099879888195486	1.2622188986283824	3.227493261922964	2.425421836052395	2.273484844489103	1.6474186664253123	-1.1695342336223729	-1.3451256213009892	1.4234874981621823	0.5410412710995719	0.2451408814021538	0.6947529514025902	1.972757938712454
0.639667403452237	0.15876132585564381	0.21375351973034648	-0.40979563801190333	0.43080858092921165	-0.48486181783550636	0.5399483793450105	-0.2898116387022432	-0.1151238945802645	-1.6140788579165544	0.1693063888158851	-1.503021363262943	0.4700377402791899	0.23864076102115175
-0.23137845266420431	-0.8163149870551618	0.26846994120028467	1.5626442346821778	0.6175683830196017	0.4995653654430099	-0.9534963452527448	-1.9404847841154587	-0.06330931077025861	1.675175499943101	0.4507278439357228	0.031657768245025635	0.2940917164326974	0.28915754012757383
-0.8704363241406332	-0.6644880260995112	-0.25868442215642273	-0.3611061481364877	-0.4132127628553401	-0.49394688648778295	-0.6304787968109836	-0.38189237550047267	0.3091612502464856	-0.4234619644624047	0.0829477588567423	0.027362003360833106	0.9537148250548665	-0.626095565810201
-0.3161318499774449	-0.7693332947880145	-1.4098771319009855	0.48656883324623157	0.9096605008648655	-0.4054889090008368	0.19902978420496992	-0.6445545300731386	-1.6858921691121285	0.9219172987457528	2.194434962952262	0.06291804954179687	0.9138764689519262	-0.5653758705345167
2.3771949692051124	0.1063284867314227	1.1910585236264681	2.464467941787695	0.7924408485057657	1.2251691545782657	2.2108076054625623	-1.6694588231542005	0.15159277008068392	1.7108533520930567	-0.4791727863353295	0.32337341118487706	0.9587977820026748	0.9162442242234079
0.156337211758765	0.7922955379438659	0.40641387299374065	-0.5208430194083913	-0.264484364216473	-0.18874747480076703	-0.27151988388240367	1.171274961011503	0.17167985515890496	-1.4077549329101122	-0.6048705777397485	-0.9456456126514716	-0.6486413682290778	0.21925883498277965
0.13446295195695032	0.5519953045520459	-0.695062716166943	-1.3625295989527764	0.22237398233937444	0.6382254185957595	0.041807760372848016	1.1529416819872542	-1.3298049801118728	-2.438400692811119	0.5842223315329246	0.8072597753859068	-0.7095246515480518	0.0021352256693037775
1.0144350237714106	0.5988644645104206	1.4685363331073844	1.6597932803709075	0.28379030860786814	0.8895175166742646	-0.21053095476195982	-0.9034322860693726	0.5593807586333115	0.5311533469262177	-1.4285518135203594	-0.738109124487224	0.04182949802855436	1.1325579365463334
-1.414694517657159	0.2481903506538949	0.5977590716806247	0.6916116524425973	0.6916234362143487	0.35985519220911383	-2.855426611801746	-0.08591368716523942	0.5299700950805613	0.31759957379467874	0.6532204090994898	-0.19354902479397004	0.11245354033839051	0.2772478548853604
-0.659928205703185	-1.7609292042304814	-0.5107995109178273	-2.161645675561151	-1.112778505623631	-0.8807218327600128	0.834884437597769	-1.0660573159907996	1.0770200642374634	-2.196108632363413	0.03855664045681341	0.4167576056040344	0.767238331603987	-1.274742480956799
-0.6215949887092719	-0.29221767417054717	0.876949296950716	1.12458033170771	-0.3391723889700136	-0.9727443476155262	-0.7769098115704993	-0.4523337122924216	1.1415845658449288	0.7284666208491505	-0.31419661876967664	-1.0126120185790755	1.6463332941140043	-0.3500841056178951
0.2693303443205398	1.1622585318714986	-0.8817376526984481	1.160636903309869	1.343397139940886	0.6386898863547957	-0.7687958814828465	0.5668165986335698	-2.961146401506072	-0.2111560080308499	0.9768819092427248	0.02759698446193433	1.2835228634629565	0.5654639999987655
1.5900504049396198	1.7760406693683537	2.0421509446530677	2.0371603475506634	1.6695330107038129	2.5379823019250813	-0.22450502568266995	0.5631853831719034	0.5010880287042192	0.5765137549928333	0.35506681576207827	1.3315304765123932	-0.8292266322289146	1.6039747659109946
2.5725049311054526	0.09726922862168841	1.0795259717318806	0.9032428577774554	0.07951224798503448	1.0234589008729873	2.9289312985589757	-0.7509247426163606	0.43423032089376973	0.1818592671510153	-0.8048797586789304	0.29703812135284313	-0.7672089508129947	0.7012658643541037
0.925897896183048	1.3695893331788613	0.04099432338336073	0.08268561592807722	-0.09099083602214036	-0.003871986224466384	0.8021461115266462	1.5150178757411987	-0.616663493490665	-1.0034526619859447	-0.9141196726464553	-0.9220715919712115	0.4545130928938104	0.3696759891553802
0.6276382070861651	-0.08147600171050567	0.5384140552900845	0.7427593637314397	-0.15006848716266905	-0.3386774481678394	0.7555063443068165	-0.5034304017851722	0.5740195609905767	0.37720596133092715	-0.5857211946830491	-0.8733075219119599	0.8421993522432561	0.05214236891194637
-1.6366101759981846	-2.7477868412608353	-1.6449522519126327	-0.9095209066833138	-3.0244517130869237	-0.36925524840436175	-0.4349818401967679	-2.2934706090770787	-0.39988742089006124	0.42898859575616843	-2.754056754339938	1.4152095018596624	0.21116893833944886	-1.413938263482478
-0.5684264443848523	0.10691415389934622	0.9184802832820333	1.5050082243230114	-1.0450687743377953	-1.7240109550871545	-0.37705690662809493	0.5268298885722089	1.5346743266915153	1.6945482614429237	-1.1814019330254826	-1.95947865846035	1.6332684291709165	-0.5358374650781624
-0.9699102179987102	-0.3698280861175569	-0.3845577130542731	1.4591273408051053	-0.7074775614942975	-1.3858022953536824	-1.0647442406528302	-0.19532070745275826	-0.28358309071336435	2.173231122897256	-0.676164012940044	-1.6323837630775093	1.1641829680880391	-0.4854722552635098
1.3999892913739682	0.43222846150594824	1.0960594808299364	0.9201721927079876	1.483950369769484	1.4270704911659295	0.8372016578743494	-0.794876847664664	0.389899297906545	-0.3421276416249733	0.9609777383158	0.6794990176590925	0.3782352271536886	0.8335075246740089
-2.01823820786495	-2.4521474036075324	-2.154949607057099	-2.6988393848125503	-2.489085041697127	-2.21595329354454	-0.016387400178564635	-0.26804942035999857	-0.26776076100107704	-1.0988324902634443	-0.35893884964147854	-0.37488482106397436	-0.8172406783406753	-2.127869615723398
-0.3705458601232119	0.18351217407578344	-0.20261027689251615	0.9793689536742349	0.7957305411907454	1.7639093793267264	-1.0745240908070406	-0.14910548113188385	-0.7936408870000733	0.843987667919324	0.8712584625820303	2.1505629952992917	-0.0029850522262766877	0.2735724732001691
-0.8651307607388383	-0.7220139547416564	-0.7842646646048529	-0.38822715475690445	0.17365999715428448	-0.645946754517813	-0.7263730447477085	-0.43363930112514276	-0.5673296877954532	-0.21177672519156063	1.059118933905964	-0.6666944081688996	-0.08293877096565537	-0.44524261987343966
-1.9083283005667488	-1.0227473187515708	-2.2003446886648734	-1.1063819587174495	0.13154414604900033	-1.5957012609057293	-0.8735642643778779	0.5819725005855776	-1.3012352065894686	0.0799149772611773	2.5091157001286017	-0.5502738388722734	0.39212844694440363	-1.4503565084917982
-0.10964336860340329	-2.085002021058619	-0.5808171257877912	-0.668800547944274	0.6984090796779789	-0.2495924735043119	1.2409610501156274	-1.6698345668812358	0.4826738792665262	0.3004494206901361	2.9545139104048284	0.907677144012919	-0.6460362725109761	-0.9538940264276822
-0.04030237323187347	1.2345384705453175	0.6234917082308059	1.1999217570165848	0.8886123813606097	-0.11357615291781736	-0.4869983234860711	1.553217601087336	0.5673660580410858	0.9803444499183348	1.014351838709831	-0.6066098032884568	0.8902829967679774	0.12455131053932036
0.008836388734118406	-0.46081359801277993	-0.7944462363150726	-0.20771765354062677	-1.6000086705937098	-0.9699196685554965	1.5752193364865144	0.7367618281015091	0.2514274210236469	0.7225108430313034	-1.1437284627278261	-0.13635914619460016	0.694525139049233	-1.041775722683532
-0.5155698846231086	-2.2533272021469792	-0.8644152757977376	-1.845511429546189	-1.4175261626555198	-1.936354537295915	0.7174421647730927	-1.3018386169403668	-0.45113823109020146	-1.2374116743969468	-0.12821989641772644	-1.2971823466903578	-1.6546365062802848	-1.1412967307267021
-0.2023119685522724	0.3361709325311669	1.3257275131630364	0.353922040358588	1.4334410494131864	0.20557871814820983	-1.147373794511762	-0.41284925383124177	1.085530207372674	-1.2079590466340664	1.5376538591765625	-0.26124557048587516	1.338238939412624	0.3162326969473871
-0.14939352774071718	-0.8743500796507813	-0.8129132931430185	-0.8253648105633593	-0.7525687763688342	-0.6313423025751232	-0.055808746052141006	-0.653917203233784	-1.3132524606412215	-1.0481738130161544	-0.5191393040682358	-0.7664831765421495	-1.0922279060364208	-0.26355417650322666
0.3097874878918856	1.9721642936442152	2.3335434971303517	1.9797601601068007	1.6308907340773058	0.264568760708072	-1.793600344226771	2.0601028297813513	0.4689697677839462	1.3279960292412263	1.0722604792830799	-1.3182379029683644	-2.113483346689414	1.1587992651132872
-0.40991446673196674	-0.3475031718697333	-0.32192220845216724	0.4433692632106573	0.5646969713274622	0.6115030857871515	-1.0362754060395258	-0.6118288783266171	-0.8419974529320704	0.33292313998363793	0.9001815861753685	0.521647899836538	-0.5336394636933084	0.12632204786489865
0.9022082905854053	0.23298107394326006	1.1282701269930577	-1.0768915828326886	0.3974765384917818	-0.5792302630083717	2.0656310861225164	0.8982556761635372	2.4644367149177424	-1.7120056608740162	1.1885403523137987	-0.49496901145541855	0.6670393635834769	-0.4393802044715576
0.40595944088740193	0.6940300585099572	0.8861060147497948	1.4398884746875362	0.36535789482820175	1.0242573950272211	0.6054723641316493	1.032537793891432	1.4257980816346976	1.8459814454202392	0.5014463010185171	1.5476406673381475	0.6749254640393747	-0.06047771063277679
-1.894813215243793	-1.5425692653943621	-1.4578756726229591	-0.3881412144093449	-2.3228201161033275	0.25526529073787674	-1.0605411897100574	-0.5299820746149276	-0.3188813940024955	0.9560070253759865	-1.8117735552024918	2.445021919725727	0.7004143757810769	-1.364662895781621
-0.6127679987554455	0.11185744016271737	-0.14358034114679735	0.3772916612010963	-0.28460383155350744	0.28690011310683644	-0.7209710349891181	0.4865114638772637	0.07275895713156261	0.5953333965900663	-0.1742544337696105	0.45758957993636534	0.037324504982671966	-0.1875143391601752
-1.8706160671320782	0.23867733844175396	0.4275346468824187	0.45547054076428517	-0.3082729887645604	0.3231508819365799	-2.7469818916261564	0.6436098522188887	0.9087605361540313	0.34864061852499456	-0.19248467343464729	1.0198194253313555	1.1315334436099929	-0.37379526161157783
-2.145129749229889	-1.4618807170673227	-0.7513321419220695	-2.0169577697233665	-2.0361790359476104	-1.2680637790592457	-1.297821628131214	0.5721750083963208	0.708131489818054	-0.8875218597731527	-0.5078090977866824	0.372263619365903	-1.342518230971153	-1.5366820759108846
0.19410678592613698	0.1937339707506613	1.0633785298935134	0.4358229353289669	-0.15618728596686593	-0.7595767703719342	-0.33205653716459815	-0.4630557408389405	0.9234664950031675	-0.7379085045691799	-0.9647286453342575	-1.796876443914008	1.1623111717221275	0.23910518090960003
1.0203584217871222	0.75918188217674	0.29354906418775634	1.253250855828263	0.815971044547196	1.197026742031878	0.3753219240068283	0.018622465231942394	-0.8027691636972535	0.5063814468820016	0.11317199388367535	0.37704719015019666	-0.12129767168618077	0.7722679373748107
-0.21199396607492918	-0.28936978920942713	0.8976914672851861	1.916007601599571	-0.07698082079183866	-0.18611308646767027	-0.5910935598235625	-0.997157397312794	0.4169341536063562	1.094643146055089	-0.3279489050439258	-0.08790850442182342	1.8939266945272324	-0.0698606897271973
-0.7475938740991379	-0.7177552952966492	0.6543776703220833	-0.14176352509865198	-1.8164977592640992	-0.9574375309643017	0.23644156191642382	1.145695846854816	2.0224894363301513	1.500606357849271	-0.8914482858271524	0.22262131656334466	-1.6166681505771414	-1.0818391732941104
-0.15796413962807282	-1.3657620106923576	-0.5348198678264799	-0.5980868230419708	-0.20337652268295758	0.08377364498954498	0.6754473099863955	-1.0481147673297324	0.10144449631930122	-0.13463431317494212	0.8832044133066503	0.9125139458562546	-0.47776936103678747	-0.6413392780871607
-1.1321823838383	-0.0064159457127294095	-1.5921339680382969	0.22590233092975232	-0.30983989841402476	-0.9564774916193262	-1.0212597480202716	0.8400604718579731	-1.7290798632729387	0.873575042766704	0.33634320134302353	-0.9486331200986401	0.33020337528414306	-0.5764929038843418
1.3477284708844401	1.0893689015248476	0.27541766560527836	1.6172340511680776	0.9345342901185337	0.3545550263357203	1.4003106601718915	0.9414601264507081	-0.3320909237465665	1.444560539004339	0.6891088387127547	-0.4237279583816947	0.47005052598160874	0.4304827204581008
0.34899666965046994	-0.8018352614391441	-0.781157811098121	-1.0962896877887807	-0.5654650508769964	-0.6268956795400478	0.9741956126047623	-0.6237731738003988	-0.86168488341193	-1.4878133764837602	-0.23811707540277186	-0.7969720497413662	-0.5330161569596616	-0.3209681257669725
0.39804683351636794	-0.2912995835242579	-0.8942702241892219	-0.3137875213016557	-0.6685229925212199	-0.5917294226728427	1.5230160905515147	0.3530809837215683	-0.5719771378017913	-0.04807993121292725	-0.272139233859273	-0.32205985808598797	0.39840688386874495	-0.5828295505309479
-1.141894496743209	-0.3754981377508354	-0.04534170895895917	-0.08226243715312975	-0.23744436636477373	0.4235166501178128	-2.683130180671071	-1.229694255860573	-0.7993284344010422	-1.0862964236945005	-1.000830136736421	-0.3118865189962076	-0.2808230782839276	0.4184830314222939
1.089157001660546	0.3948067315366943	1.4546683179884057	0.13275480864476952	1.0365764497854513	-0.4106776094389072	1.1973140050654314	0.033856477597444645	1.8547337238804944	-0.7437833696512799	1.1039544304455196	-1.566400274905918	0.20559179119900864	0.33337448673842585
-0.047857008039980276	0.5333858598771861	0.5581579335117477	-0.10600598735037103	-1.1995851250350729	-0.05585400771257726	-0.8681873654097633	0.6286658367661042	0.07364441884013427	-0.8780834730252348	-2.3021327890843093	-0.8625399082306161	-0.9279091784671454	0.34176819351095267
-1.305369121979214	-1.49916813401568	-0.662745895489734	-1.732381597221358	-0.6033480957831481	-1.353090158575332	-0.295926792675306	-0.7073068861927831	0.7127345757009423	-1.623111212277417	0.8265016524946387	-0.3622786461759616	0.9147129211256311	-1.2577265865251364
-0.20945659452195464	-0.7926845082294003	0.18205696926643394	0.4845331139595653	-1.2663526191206431	-0.22991230816692806	-0.22711233108830914	-0.9615403991375738	0.48454797687902523	0.8118719104535118	-1.7541648478882204	-0.46111319369354825	-0.3862518036254563	-0.13850990802176483
0.25449557380015814	-0.2313843527182404	0.24040213518263845	0.27799766371092005	0.7061220511387003	0.5715340668403579	0.3191060038920034	0.005340092007925514	0.2540035139023421	0.4256462614105613	1.533227985628796	0.8389990043073633	-0.8648963967353509	-0.061609128575925515
-1.5789865288561062	-1.8892496057760861	-2.353165492072032	-1.1831450135493595	-1.49863368333201	-2.034283668962253	0.9908133263171914	0.46207413993846486	-0.24277155396207767	1.2903329400915478	1.1144218465377385	-0.0032676978999167158	0.28796780852451476	-2.224087651444068
-0.20976953140016377	0.24960704668430012	0.5169843511763588	-0.055488126266087984	-0.9168154723743873	0.21986263963169125	-0.3004858250891614	1.3146700472475126	0.38062569271109403	0.20687559280535825	-0.8277980082574813	0.7414964723250538	-1.5949987078920953	-0.22019524008578834
0.90950760908664	-1.5535920789974338	-0.33782461514719775	0.7946212278094847	0.18637011008682872	0.6078151064358024	1.0915138994066427	-2.38851144333512	-1.156642104642194	1.0424722640077142	0.4376123975738047	0.6951829186006454	-1.1227228054022047	0.10405934808407921
0.4650627300729085	-0.5159268058238339	0.3355825098729103	-0.48227525819498407	-0.5897800749558499	0.5139713961465244	0.13582550018544545	-1.2181807808581004	-0.02457464086803497	-1.5261846458731816	-1.3467131377054598	0.04580541602142182	-0.4626672106774616	0.30751510482651867
1.5350172959488129	1.890845165942519	2.0224382299810433	2.77305305791508	1.0707681758307759	1.2093049804517064	-0.12477725125980411	0.43503543842022013	0.7376120730201332	1.5190919749148297	-0.9242563095838073	-0.819124972824213	0.5153432849443035	1.5267552459015263
-0.5483254160900813	-1.8631712630153394	0.18260029414026463	-0.024551163872575665	0.29124906619256113	0.14627430689497153	-0.9345810681355476	-2.2353069742210723	-0.3330949712565859	0.20570285195663812	1.1250590529443698	0.5900884955211038	-1.6845415484454767	-0.18507876879360077
0.7982916217544912	-0.6268386525568657	0.18682593920852175	-0.15729793587436136	-0.07502596205127533	0.07764098225111175	1.4603348530750764	-0.9170772396159421	0.47402527089525004	-0.4703074073639562	0.0027045827635222546	-0.03418253474432511	0.11919108821698976	-0.1004305264306983
-0.5951199315318434	-0.9300836736923452	-0.4392025432097315	-1.3002645445902594	-1.3587186903735167	-1.0311283731111984	0.45619630005399503	-0.11169056872256447	0.7705419878197395	-1.0742798042548471	-0.8251116308258605	-0.5156559408637018	0.25977514119859035	-0.9150243606985247
1.0417552654217217	0.5932537998412926	0.7812040401045127	2.052807151013346	0.5212619207508492	1.657153529095973	0.6392605559369648	-0.022669433573636506	0.24060928663224443	2.073789789831014	-0.14278469293117613	1.3759508435541434	-0.1323883622414779	0.63333313243377
1.270057160700516	0.1571899453033191	1.4098948842553913	0.012050344989558814	-0.24672816796310226	1.1104498780200205	0.9299608113231391	-0.16526935485454192	0.7997296735200032	-0.9565977900524583	-0.9772709880535773	0.9001640828755506	-1.402242784093746	0.5368001150347934
0.2804271959124433	0.3506042911106787	0.04969129195644463	0.447219241505568	1.0447224660723868	0.023152800929197248	0.14549721684598	0.5519434727379372	-0.18498088439364146	0.3469788575704268	1.7028137880022716	-0.4490891833495134	-0.4778589241928334	0.11500999230648308
1.4721393137864893	1.3290711410828666	0.26510242394335537	1.6594109208212955	1.5631129840802769	1.8280174568163923	0.9725905005201712	0.7332050884275433	-1.0164064095618142	0.94942598049114	1.123300109982124	1.2580770274262507	0.07692682870392735	0.8737627222855552
1.2747862344869105	2.0938340140845897	1.3382671651998004	1.6495247302791614	1.328319373137743	2.5011547521691164	-0.34705567297848927	1.2929920985656578	-0.18503988957020825	0.18969459398722496	0.012056959361328508	1.5213390408796938	-0.45197779385007375	1.4084343137152096
-1.1338809993144638	-1.629830729650546	-2.4692328867018976	-0.7981751221612656	-1.8171206467995167	-0.9893447236146714	0.7045446139310738	-0.16716046824515257	-1.4871791584952752	0.8076018765484835	-0.4666776641548353	0.8326463436331021	0.6142159598900784	-1.6523776406814703
0.6146410360699361	-0.9529063719725381	0.9276669906659025	0.9977301429637014	0.897440864588944	2.0748148851125476	-0.9138316139140005	-3.0520691031771956	-0.4176284816284053	-0.2216569583930089	0.0019376218487632089	1.493151123919411	-0.8227036510669471	1.0428758201471686
-1.9356271926065296	-2.2618725634331587	-1.8244275180119973	-2.6264811960152272	-2.7256695536822555	-1.9967792551315424	-0.7612994409106494	-0.3199732853859945	-1.4162760479541607	-1.608842100469314	-1.4077593681549927	-0.4035974411143517	-1.8929340807490511	-1.691301776051752
-0.47841781675007056	-0.7516379837506757	0.0695481484884064	-0.12046607130948395	-0.35594647439748456	0.024222013918706597	0.3558049466174699	-0.20902699574988773	1.1447985281885684	0.2449098216659612	0.5100923508897379	1.2636367485080406	1.042636240385806	-0.8347490343779044
-1.679170426800038	-2.652478318111463	-1.0368069210050388	-2.3378947292109564	-1.8587472775955902	-1.6160002737372514	0.15996954445948897	-0.8597878118710464	1.0878211255135424	-0.8079229609242105	0.39768828874793494	0.3507025697740571	-1.0765564288595424	-1.9212943452169262
1.5316644920561011	2.1945390266741436	1.9864696727251248	3.0434448933966527	1.5910586088548024	1.8682223398834126	-0.6509743465042859	0.43568857373970876	0.16634413291043124	1.49173101871933	-0.5673841940119365	-0.2969710685533449	0.3670092005335042	1.8597240423236177
-0.974909150900704	-0.8516638166815929	0.3406204524654555	0.09514939988885482	-0.9198994351065792	0.8766494074095372	-2.1434393937029133	-1.4940590201154622	0.04367167296433345	-0.32600772083596036	-1.6318661732098538	0.8910831794127879	-0.7642109264263834	0.19761378067296118
-1.4665080117435505	-2.201626850874786	-1.0715739691541013	-1.7787583672245013	-1.8514291783359884	-1.7089785607248538	-0.16705428922385482	-0.7779629938164805	0.3347857779814717	-0.5509461192575044	-0.2640126532823557	-0.4747707196686785	-1.1006305298880077	-1.5147229486072957
-0.7366457298673371	-0.7982150683240055	0.16716969944418575	0.1822234083070534	-0.45063243812155296	0.6248576410402519	-0.692897254606757	-1.046822806786924	0.10416721465655669	-0.7867820188347374	-0.20252210919541136	1.983795014753977	1.7743444489267859	-0.5249902740372082
-0.9872684377321439	0.11089384161615623	-2.068173970718324	-0.5192377005147423	-0.5909998634735705	-0.3726085213025516	0.08284282086088117	1.8530265626659894	-1.7124690460679899	0.35581859016485534	0.703922527610205	1.0399986847704226	0.7261587153517064	-1.1461538390537787
-0.9647865734837329	-2.135930645927278	-1.007811675744412	-1.2593287895603282	-1.18391653689607	-0.8579092635974206	0.07474247079082987	-1.1068508611434373	-0.37862647788635123	-0.2010367649126532	0.3346142066295877	0.49975771905515454	-1.4250770636894183	-1.1868047165033322
-2.255602244008918	-2.260122372932628	-0.5964227209975927	-0.9098605066646313	-2.2601173653490685	-1.9627413063515353	-1.0520965453477926	-1.2149477258573171	1.4289578236451472	0.24751269601327755	-1.1032832164055812	-0.3764635970116183	1.2979859717863353	-1.7907509317755046
-0.581545507427231	-0.6875820782149097	0.032393800339831524	0.12253629747897032	0.1415876795825013	-0.48844621658176757	-0.09940821284330355	-0.13634701820170664	0.9740100774361958	0.8729920123914634	1.2450101730714882	-0.2031602240281037	-0.22028335109177594	-0.5617171970755305
-0.4578254616196079	0.3266694954415909	1.5216324738533005	1.3109669219037468	0.3801129480722849	0.8262602926548337	-1.1508377946534456	0.023677053510779526	1.9459408306718051	0.9751329779317883	0.197216772525866	1.1206180867465367	1.1767743793728234	0.07710838746055852
-0.40047758455287796	-1.1343061919013642	-0.5894037164457512	-2.482051267499699	-1.3270780141983265	-1.3209852171260743	1.0280398695664936	0.39384712174261705	0.585403141413729	-2.3188549488630965	0.011845232168563083	-0.4331036732880544	-1.0491430916041062	-1.160785846626113
-0.28948391334435986	-0.2504951037266343	-0.7340885694377998	-1.1783154950912627	-0.37857728354798303	0.03364035553944	1.7170322991416074	1.7754515780324758	1.0251017682413195	-0.11227951613944186	1.5625076440369667	1.9937099776031078	0.21176034135178112	-1.358118118816476
0.31168947417359816	-0.5266261109776376	1.0854532260050564	0.7226276018673959	0.14517995319824267	0.21352913240543236	-0.8969339938183646	-1.5335437930473181	0.027632152736091653	-0.0014342619664613184	-0.5532804602532716	-0.8232950548302541	-1.4044339966413226	0.6743869641790178
-0.3431235351130083	-0.1649151241614628	-0.8366529731595398	-0.30536814035182913	-0.7092231927185025	-0.4466735950966542	0.13167022351978935	0.3749171514192871	-0.6721407962186448	-0.2905400399382045	-0.5151765533839378	-0.12707703009562576	0.6802348410363833	-0.5259123832203118
1.3039832012133354	1.0655088134941748	0.47420123370586054	1.9551848475576075	1.387349964586267	1.7332531705920087	-0.5586837496283625	-0.9563209838050761	-1.9311290753314316	0.19295312503144574	-0.41991702928681635	-0.1654908464510399	0.03321699298550372	1.6326580051801196
1.098243682340113	1.0662972547051641	0.8057525005909307	2.1390149263662375	1.443912638859303	1.692856095853312	-0.5478751708077446	-0.7657638726950557	-1.355878858229731	0.1890232249620939	-0.01239306206864459	0.6536056983269976	1.3471252481379952	1.2563305286945983
2.4558296137975995	1.282759828950814	1.7375673536291312	1.1639680681550721	2.299690441246225	1.8615203116072332	0.6046952103004526	-1.3602721902290797	-0.5376166219415914	-1.904221465546009	0.3356216846753495	-0.6297892310743304	0.2632070133447309	2.0462817404193157
0.4535355400318536	-0.14379659453722382	0.8074600922649505	0.873772433131835	0.6239388033808186	1.5125598433660126	-0.4621922983762981	-1.5311077399113007	0.10402892697599321	-0.3176475229647186	-0.22218359909275204	1.274031660201848	0.8176057829275	0.6113468928240565
0.1952944135089426	0.2582835771811197	-0.1511881508635496	0.031217621366644743	-0.05613781170191867	0.3372907738292975	0.008519721690641042	-0.018349445436122856	-0.7673347568482752	-1.0811756655193727	-0.4591961770237593	0.3736117086577913	1.17052016674602	0.035189211093589405
0.7589335237356298	1.2153422739386308	0.9015566106184714	1.4641200229547435	0.22731688089508162	1.5851174803509482	-0.5409614958454466	0.0039658658244175185	-0.8423198394403808	-0.7050334459549378	-1.4410524840447714	1.166326220113868	1.6045038701578178	0.8920619804124167
0.9908990495408199	0.7195452998007335	1.1665197676117727	1.0714215895254864	-0.01432626520864222	0.5347784750503091	-0.15531405016430982	-0.21235208215886803	0.1582562186902591	-0.020082991719745837	-1.4519373085751455	-1.0051273556963063	-0.671771068301234	0.981310762756301
-1.509573210142921	-0.6044645302665429	-1.4621115515750307	0.1213679693572225	-0.6627137598673776	-1.2609124850242104	-1.2188093663653425	0.42328940301733237	-1.0908566522091072	1.292810904189513	0.32569345532640703	-1.0668199738138942	-0.21007257314789957	-0.8164236574473623
-0.3002792137451072	-1.0596543553299906	0.07038691029858246	0.5158113580599135	-0.7341143153200714	-0.44914488192815105	0.5409335571535372	-0.7247953358032049	1.1667781600569216	1.5675412397296007	-0.1822277190750427	-0.03212532582048902	0.025146506212194306	-0.6298064550905065
1.8021161212285282	0.2542673702006605	1.8566031170139594	1.5702063086074058	1.210221118813483	0.3838373789183261	1.2300347898297426	-1.65588848443615	0.32213206262645433	-1.3144591858309456	0.31314409728254067	-0.6182762783518184	2.0256530053975847	0.8426698597828335
0.9425431864921909	-0.5629129664367454	1.607735526437105	0.6337735325257872	0.7918862584611674	0.7143083174681389	-0.43088885883521194	-2.949568625008842	0.7322113652493629	-1.3006722816224274	-0.690603801561767	-1.0565934702412856	0.2593706302326423	1.1549540825220315
0.1650577538867133	0.4314848820537938	2.0901094551228985	-0.20318624520393092	-0.2766117726746781	0.6405930598974874	-0.7775978465827982	0.585074419169357	1.751566629222094	-1.112814321009417	-0.848780530536688	0.4096919347258474	-1.7458063663609364	0.42960150382436696
0.20922740749212326	-0.3219422688623632	0.4922898503687173	0.02822077281383016	0.9513951066904467	-0.16593455929780693	0.8167652147747542	-0.10912561002977345	1.3292357652935929	0.07300207753791844	2.0236507628398903	0.06434334406126091	0.5779517170131838	-0.3720572462471359
-0.4987492272998016	-0.2963363527340806	0.2491023239628425	-0.6325175048634224	0.7013194258603564	0.16392512615389732	0.05272160841237576	0.3382788003444176	1.321541492186385	-0.6486917922412079	2.017057495676331	1.065036403545853	0.6655454860716933	-0.6324127301550698
-2.1715074573874844	-1.9404331356351467	-1.9925563255957313	-0.5608527824595386	-3.007246111697121	-2.125446132061243	-0.21986753532589542	0.029509891957670262	-0.13369564712450535	1.6281809995420926	-1.6608611344193702	-0.004715738065830361	1.1920987411082344	-2.1965588190313956
-1.2565444721986965	-0.5093781422994834	-0.8806825952368937	-1.3346183550835873	0.7281160832984557	-0.686489089125301	-1.2295889653389662	0.15089840929505074	-0.5539439200639746	-1.5648709945582242	2.2128550576968196	-0.5410197069020549	-0.21274450077852164	-0.5573682877208095
0.2764633276733993	0.3767595894103306	1.2047807685212897	0.9944003170292636	0.3494150815241145	1.5891015591933786	-0.6816338087520096	-0.45578829767709367	0.8915721224308123	0.23897101843569155	-0.5014028749803292	1.2028167853649547	-0.0899361280944552	0.6682197936354778
-1.2273610228704885	-0.9700420624335775	-1.3449272120499687	-0.12494941945577864	-1.1312882385886962	-1.5035658255997049	-0.04921908185063004	0.4686451743739333	-0.20844930188225494	1.5407729536921384	0.19975614470185454	-0.7966834793037159	-0.13785396501598135	-1.223658374054741
-0.11297494062968755	-0.5124534529326832	-1.283680969199607	-0.5418261656662609	-0.1399178197574235	-0.5076119636285936	0.27837989228019416	-0.40322078515873333	-1.6137667760458383	-0.8071999172266374	0.2198488569936897	-0.5959313467221092	0.3403115804865744	-0.33858329793475805
-0.5535123550894233	-1.5911333653054476	-1.0425885930520689	-0.02558299129512176	-0.6126409732020486	-1.7324996817141751	1.3381841941373938	-0.39278096860098816	0.5517535881454183	1.8813738511358649	1.2380970668757578	-0.9263222760907632	0.10110127722982916	-1.3756850395908204
-2.573654887616824	-3.3077081133109707	-2.676263454154369	-2.080372707345296	-2.129543964124162	-3.4217903942491548	0.06296345223504633	-0.7419417165379607	-0.09885786659319805	0.9020975229861872	1.2018122835042166	-1.4221923594616417	-0.7157186129811137	-2.7193993607919715
1.4997375551959045	-0.9333108587852371	2.5273962654297444	1.4231867111801222	0.8009924133416887	1.8531927054988544	0.9509236278378348	-2.2105181315070364	2.0404959008572736	1.091865342465362	0.4472476661437549	1.9099592731990942	-1.6910028580497054	0.7312005917289257
0.0615304483177363	-0.09408722670046299	1.1217865093020363	0.24825003595051834	0.07335651595075497	-0.5616442726939264	-0.3147386079311716	-0.44835890773169673	1.4993907406104419	-0.21720697182389925	-0.16971136137232273	-1.6202331180375735	-0.1972228732522199	0.21437269258899905
0.5105348897683555	-1.0782003487329428	-0.1479095134378594	-0.057350882641982126	-0.516724045947893	1.6324830127755843	0.0232171442599849	-2.1126040221699465	-1.1286754475672491	-0.8459815396853572	-1.2152369804899181	1.8982665223795994	-0.8963052863422546	0.36862312183747586
-0.16466465173833	-0.6416010801101031	0.5836968563111333	1.1617721363149718	-0.3686487165020984	1.4339495934721542	-1.278995825424351	-2.001289004658146	-0.0005636416579209227	0.6689915810267212	-1.54644600872265	1.0894396818913135	-0.11181173011434341	0.5815346687076534
-1.103664652774325	-0.763906004869587	0.030129173417130506	-0.2535859347086086	-0.38545127578428756	0.11107653619114222	-1.4463375072067715	-0.6990284952476017	0.5001106840733948	-0.19451169910674637	-0.06960808076800191	0.3433967816883675	-0.2891503997785202	-0.286658827765322
2.5359565179407255	1.7521128656166718	2.037079452861316	2.452562921392068	0.7007452923114708	2.3562034906894613	1.735534857292485	0.39582743610428467	0.9540203960162217	1.1768202332699065	-1.3489227917977547	1.28468160283237	0.5159391495196387	1.4114285740501733
0.978433563669318	-1.464968975503289	2.0004395890959916	0.05174762962605502	0.1431455036054658	-0.33078102110628127	1.2100487261380788	-1.4110377179555258	0.42512115778369014	0.10846212033584425	0.33343328163777713	-0.18339034110453753	-2.973984196247697	-0.023549505480434333
0.7397156319075535	-0.28573193516926804	-0.6300813810375281	0.17232340070693858	0.24847038964894308	0.8253436437835368	0.9056924531757597	-0.8316025063803796	-1.3224906086349812	-0.4447850423675385	0.06442904017773039	0.8795301801942311	0.46971671380935076	0.11928622589708954
1.7415225313749967	-0.6487375839212689	1.14788041675889	-1.0293302617285038	-0.8159155999245249	-0.7828109325167624	2.0689081211448275	-0.896787635015488	0.15262848157563005	-2.2333282325201043	-1.5234566383343313	-1.6472637263731431	-1.9667471807275752	0.2826844332335389
-0.4162588339271054	-0.8008997226060042	-0.5772252879313624	1.0310198186127475	-0.1660071075607925	-0.4702058914487912	-0.18073765772281633	-0.822032354807085	-0.43726493135412586	1.8975984625354116	0.23612489182497143	-0.5915361235015955	0.037323111648818436	-0.3151449320515169
0.6994280930944657	1.5892679733560713	1.2981066858908652	1.112217459197402	0.1919157300826984	0.029882739630259003	-0.1934578894274159	1.5872120018508493	0.8569808136439425	0.42427327586568897	-0.7482616130067552	-1.4696329269087594	-0.492414795987388	0.7354237314430395
-0.3981236009570859	-1.124191103031258	-0.26794297154506497	-0.1849809504070138	-0.04987392585296223	-0.5368573367557271	-1.0269296354330524	-1.608421885403251	-0.9834485106452686	-0.527375938943894	0.10694477395746456	-1.1484132114355214	-1.1298222397418123	0.06682647615905513
0.710679811101061	0.31361197119152506	0.4037439278317864	0.03389648066336892	1.2063843695157934	0.7591985841788255	0.6243066540425278	-0.09375609961183083	0.12663263204619662	-0.9974375178468917	1.4126926199490808	0.6265783124580728	0.6987299379238675	0.23011964337385007
2.3641320134771378	2.9492625514021613	3.022883974119023	2.4580487498151253	4.3741859985879525	2.6446492732866327	-0.5243181114365149	0.29375455427280184	0.2823437510439022	-1.321566081407661	2.782657780748635	0.13525910340015565	1.3076753823603937	2.5114747423664014
0.06842784215847411	-0.7459310085036609	0.12544048981673897	-1.032934485319809	0.6451713657157705	0.3592259058572008	-0.3600386856815769	-1.2292411196595112	-0.30053868785751664	-2.1332615324571926	1.0564297229825397	0.10941314447285383	-0.8493517688860883	0.1614840170692635
-0.9062008623811939	-0.5578238978454036	-0.7604653733734997	0.2839052936804918	-0.8416035821170709	-1.3895240889521747	0.574339116745088	0.8776490517060492	-0.025343346701141373	0.694853899195621	0.7203411448319273	0.22927402525958224	1.8949085337688243	-1.463395035622798
1.026999412377046	0.28711986687204627	1.464666321365868	0.6442235671376533	0.8549531029365964	1.5337000907493081	-0.12285596539908412	-0.8007990952403277	0.5133569663771324	-0.6577387847295295	0.0955125384875924	0.7644012176409398	-0.9816423615760749	0.9639277963314579
-0.8843458851980163	-1.0146250660621683	-2.750778807430665	-0.2413362660831404	-1.31519159691751	-0.6212720381929348	0.8122559922332734	0.9759789987838555	-2.271202277443943	1.8749234403109591	0.4604415665683718	1.1502152972187387	-0.6448908777001031	-1.471234289792461
-0.6156673054530758	-0.3666654081785752	0.3517851177506562	-0.11439704375349519	-0.6057353174758353	0.3680694818126077	-1.057788409196507	-0.689125617726644	0.5865185521528875	-0.6827394438230809	-1.074351634464609	0.4727975019757914	0.6237744723582447	-0.07794493201423766
-0.6884455232354575	-0.031528738644589216	0.9195939715196115	-0.7015983050542212	-1.339868497730731	0.04053346484572529	-0.5681283280663464	0.526726483161362	2.114003379552263	-0.9233959979855738	-1.6538397683779438	0.3155887722570362	0.006256279383422778	-0.3488158844180909
0.22324492191672973	-0.7759658165053516	1.5126578445431433	-0.2387642586564308	-0.2871750115738053	0.08626580090085073	0.7321523667465502	-0.4783531664153862	2.8688794377994657	0.003262405562929261	0.3102324823292912	0.4612293401161916	-0.7850760649074117	-0.33193870367463746
-0.5155469442037366	-1.4964513279329905	-0.5987291278502251	-1.685712147013604	-1.9091784373644372	-1.6811644019319005	1.5909564814988202	0.7614668302988516	1.007896929889427	-0.12830061022318892	-0.09386075522265803	-0.06996721810460599	-1.4998301681998152	-1.6533653924723386
-0.9101305803449756	-1.5615430733236226	-2.0015617347815784	-1.7292881507800084	-2.0621752780476355	-1.045692093128299	0.2897212549543269	-0.30575887669852825	-1.5664712153253162	-1.011813629000445	-1.1734540750242854	0.0503737429205193	-0.8535300914979997	-1.2073817290049058
-1.4308163671924057	-1.9781731744792506	-1.612165407032388	-2.00530343020805	-1.121025633735457	-0.18496027452209862	0.2242255963614611	-0.5291233828031123	-0.024276995056370196	-0.9174218414686001	0.8985696447180453	2.052760278077238	-0.2519971236607796	-1.6102997200652271
0.11921123465643892	0.1942677954996592	0.7533712848811824	-0.5638302176706809	0.40013997245966787	-0.37895575313123114	0.12074027036755379	0.222187354736342	1.2355037882300706	-1.4095732563056982	0.56954533370498	-0.8950192278036116	0.4253799864216666	-0.024120614626479322
0.4434923104788317	-0.3281067031906266	0.39795228588032233	0.6660499383708933	2.105827859275583	0.10822347498279172	-0.7103268426444508	-1.69493636247044	-0.7343188639487986	-0.40675005996584995	2.3547948303002992	-1.426778307883616	-0.49922092141318775	0.788699298574275
-0.5831491094602259	-0.5164668480064089	-0.9787637590856061	-0.8665259942840051	-0.38763380670716074	-0.7152353280848208	0.4445165586360416	0.47953880219169426	-0.24522218901284354	-0.5942031716847568	0.725588811865126	0.20336165169903228	0.8358547576224383	-0.9713610808459131
0.5021396750248315	0.43203260366573026	0.4676387531855462	0.04677873849066849	1.8152772485756477	1.4848117175616489	-0.48353849135838356	-0.1284834023603173	-0.5648272021872918	-1.1903399409398747	2.1475201218549707	1.1255898565810116	-0.8179765351022008	0.6727179521023608
0.7951647785025112	0.7383866653832563	0.9649602212971223	0.5455880569050212	0.3207047277825943	0.19743769641354836	-0.3376085182460601	-0.447901589734657	0.00437652024660238	-1.1240334894389044	-1.1418928204729621	-1.5510006961920804	0.33865115548739666	0.9393973881265711
1.4556293245200038	0.5780697643275937	1.8102546413630183	0.5851173048647702	0.3327038818550048	-0.2163921479979547	1.1338137693121737	0.17765159545204962	1.6749866953619932	-0.2432229471594664	-0.26835051412516475	-1.65256696747234	-0.8852505497011337	0.6485289169965907
0.2809114099829667	-0.9207499958008265	-0.006618421727478868	-0.8045326732588656	-0.07739744183239422	-0.24469801935655736	0.7439859016931606	-0.7555897242314631	0.21751163777393717	-0.9932731870745828	0.6137108811370293	-0.13446896968089067	-0.8788958569632942	-0.29161698986928986
1.3542051691628034	1.4744669315922807	2.169224201074685	1.9433111251594104	1.3253833165556976	0.7509171014486482	0.37501144678035314	1.2528195899213719	1.4963575703880374	1.5267771474773772	0.9084923597600392	-0.4745108782666415	-1.230078728269909	0.9687909232934395
1.1228506101458227	1.267976944573477	0.7679645792652396	-0.23660576086734086	1.7385371363197217	0.9874292062781395	0.18592985300920875	0.792241879701401	-0.3717141331063178	-2.100512184142989	1.5638672034772818	-0.15250570207970549	-0.6143635905223976	0.9155045348571159
-0.27144358985242917	-0.01752306078174748	0.5982784406100569	0.7125076455428478	1.4053662898374353	-0.3957956026790176	-0.7491936931308216	-0.3344833502769212	0.7531689852221133	0.5382118865468019	2.037793683394252	-1.2074789596351878	0.24299708082996702	0.13456753321841183
1.1151086553409204	1.4785843812051997	1.3644640632881315	1.519035127390885	1.504062648741048	1.0460479415100725	-0.41099588509112145	0.5984545966599457	0.02142362546021654	0.26907193323071704	0.6232767179848627	-0.609234964971984	-0.6876410754153994	1.2570398382923123
-0.37931207885910134	-1.1048189729473292	0.08197945316760369	-0.30289360670304	-0.47781461255102803	-1.4794948270449382	0.7674352672526336	-0.5081412197182517	1.52881722991707	0.3649905015972575	0.5615253734072008	-1.1150110458797118	0.7704011495328736	-0.9540144710229529
0.9574972793610006	-0.6153763119844966	-0.4310386868186382	0.6022383303591741	1.1235794216224886	0.04640013240041041	0.9058510551296738	-1.0729704153362591	-1.599274241058755	0.4655699622360759	1.7445248606563253	-0.48974757874744146	-1.1584931724299559	0.26010457170325
1.2643707282550112	0.08712030770955481	1.496292338022634	0.8486668621846087	1.1699785976418045	0.4561497090725885	1.0693732093339694	-0.8619772130122931	1.4703755838357817	0.07357692209047184	0.9427809722217443	-0.59544179566127	-0.04662762555616578	0.6136321606281638
0.948082643498853	0.10395192323145397	1.6669467014830108	0.2662661450691881	0.5809282615877192	1.265624848954942	0.6471779678849097	-0.9751013801359113	1.3078671226835037	-1.8258915004446072	0.02094769644861669	1.5059228445410417	1.6027549060419268	0.3684617701046154
-0.3987557094553873	0.8570547318924895	0.7937156301394347	0.276042741264509	0.3320100720716354	0.9622506862222284	-1.3888291338406171	0.6483746822506815	0.6134286652705364	-0.7563157819524332	-0.20847160348004778	0.7995147220138529	0.6953011576390699	0.3289696910142667
2.053402424983754	2.833234275597384	2.5591219397014515	3.1104059104000674	0.27423232801010733	0.7142146836145494	1.2871282912018622	2.210388892238446	0.7164684173750367	0.01262485894355514	-1.5178515797138885	-0.3132660528646373	2.333357506082915	1.0403294390377333
-1.2149381463848856	-0.8392456300116762	-1.3142538929072523	-0.9847298497206545	0.6000503805422864	-0.7093830811950567	-1.17182685393021	0.10159238428867501	-1.5341551481082611	-0.6338758499943394	2.4177432664609104	-0.2019673206732374	-1.1679931902477683	-0.6666024225353275
1.1181798470393705	0.6712937929413976	1.383467537180611	2.004191898309709	1.6900409026483687	0.04002984027090539	0.16964174738565335	-0.6544125393154757	0.5735512798193293	1.067689115216455	1.0771293028534532	-1.6394754907875408	0.8563386925267201	0.892673578025339
0.3999511106436694	-0.04321630085421227	1.2677990603942437	1.280690497318274	-0.8238791795105235	0.6301108361552218	0.24118946124886778	-0.29775500540055	1.7460436244329935	1.559968642572994	-1.6006841918160462	0.401200146375009	-0.3207806751755605	0.19959283742122982
2.276653217482094	2.5360590819659214	1.1740280610202056	1.8578356756804266	1.4358117614940598	1.5623710086562232	1.1671570083407645	1.7758289511854695	-0.6143107870353803	0.3000979803296119	-0.05914693280763763	-0.2609574393880338	-0.2811940283527328	1.5268005169251864
0.4958473788350169	0.12176868334343571	-0.7766163422702446	0.807092100814532	-1.038622291917559	0.24508111069211747	0.8417985242257637	0.7666249394914593	-1.3655972970306773	1.4595698657206295	-1.2154283130249566	0.4605019136473432	-0.9679038052604156	-0.14462551929935671
-2.34478023044863	-1.1219125909370746	-1.3369207771650693	-1.0769108323174696	-2.2414152004724484	-0.8465197771777608	-2.0143466987305843	0.586040524757903	-0.43476471615222667	0.20597053831203835	-1.3319968799233546	0.5318187460625672	-0.99578567702409	-1.2743797703869983
2.312481420046312	1.316193766421044	1.182808453255802	1.269837916153501	2.2622191512047714	1.2224556818425445	1.472335024072326	-0.2528608504462746	-0.4141546334399748	-0.7890746383702035	1.3474270725277353	-0.398069688349607	0.7587562234128722	1.3161590320062342
1.5979198060044424	0.22178160700911986	1.1603780154054861	0.5169438179905843	0.110023782977092	0.3452077398987102	1.7733590639892263	0.22512828551999958	0.7044281535133645	0.1751524734868445	-0.09174965988552092	-0.09232588557694166	-1.3721865393175265	0.36114194356062546
-0.8315932448958318	0.775414609776271	-0.5295051140071236	-0.2225116959768496	0.8521639737947555	0.6538430857699176	-1.384412077864995	1.4902767033608777	-0.8227232728883943	-0.5212065076045562	1.6164626926023893	0.8657004891923445	-0.31510815836356504	-0.05572978056754261
0.577973394754062	0.7729181779149408	0.6507508055911816	0.020164965291607273	0.07505849039907708	0.929041151223407	-0.04922553779078689	0.6687126789903671	0.09395257989834259	-0.9793994107875694	-0.5105571671848236	0.44460602210184014	-0.6676658064948537	0.5052237318196913
1.58009759718693	1.9431985746115394	1.4871913319118029	0.6216231716048713	2.4409447188319895	1.3543397808067263	0.06927965630375069	1.1120389113709712	-0.08714906960648339	-1.4983960179275215	1.9186485576964314	-0.3635014556276771	-0.7520094765750299	1.4263771231039628
1.4164535183637246	2.0387304462095956	2.8365578728813783	2.9691406289788027	2.0946518341432387	0.1984845796853021	-0.6130849390596077	0.16538989882768823	1.007561611796887	0.2848517547020429	0.5375359007264351	-2.2202497640080576	1.808671843684015	1.5777621381761795
-0.36960459264511225	1.1059095068958833	0.7917593477896421	-0.26048757824445634	0.26792364518511913	2.3558875190749013	-1.3773403765927532	1.0711300056838884	0.614078000660595	-1.5534270009874453	-0.32435594148308744	2.9254922318881205	0.27548893225795235	0.4081337170339598
0.3660392456399146	0.4849429691825492	0.77302287166179	1.5127111567272484	-0.48829986550794413	0.35606566935256445	0.3193277623327572	0.3030084756062761	0.46434704156924417	0.9004432619430803	-1.1194846598958732	0.6301830704588953	1.5983550493839862	-0.016533126058013634
0.7470931766570935	-0.4599189177288349	-0.3050438824021081	0.2437328405056741	0.9099289173397196	0.18890688384198917	0.4300147419567002	-1.1553285223652865	-1.3186427572274253	-0.3866447968372221	1.1066587639781278	-0.5657409335880903	-0.7305762394992235	0.3793934435901817
0.5793269039062767	-0.06940523255216408	0.7487567159618884	0.629459900250192	0.06571548959613843	1.1199387524131483	-0.4346093758198429	-0.7336006039384314	-0.5547170625867259	-0.1304573489626161	-0.6609531367872289	0.7251374182893634	-1.4504253686094082	0.6608402035327764
-1.1018083203819817	-0.366887508140901	0.0580370927731686	-0.3534891831618994	0.30033077924050944	-0.20933207882610172	-0.21652406312551234	0.9888582536789057	1.775754743964557	0.6501243632008661	2.1039620771188146	1.0694585079514218	0.3819596098219137	-1.0365943823126271
3.0451929820238863	2.853189392047945	3.379535705018688	3.3475705988234856	2.59838376531376	1.6469781124565182	0.29405642218968836	-0.09704282006888382	0.8330529522174789	0.2507640031666312	-0.49392782527858764	-2.07159073520913	0.802397499980779	2.75093558409312
-1.8479013357238092	-0.7750443234474623	-0.9854770917150497	-1.1280299201757296	-1.440599562548505	-0.31992791784465374	-1.7809069416934888	0.48498667817228797	-0.3715071655589191	-0.5252272565230919	-0.6548971586435124	0.7419407830813577	-0.8294050134762108	-0.9001553276555929
1.2522958638915491	1.5157697265083694	3.187994474246471	1.8023363954683005	1.4955759839638065	1.647292304190007	-0.9835698953563052	0.25329084951546993	1.8121998028449262	0.1607797514989727	0.05718908435362195	-0.051066725297882594	-1.483531416111714	1.6605015000214303
1.5686088412904653	1.6620687959243923	1.7594832779262322	1.881680112696417	0.9466884788222457	1.826345298861432	-0.4214100805595303	-0.2683286217231348	-0.06769224399560965	-0.2386958943436284	-1.4605004550161447	-0.2808342898918586	0.13235441410697624	1.7965950861368778
0.036731587769805646	-0.9465641864274952	-0.7119409656426323	-0.7627426458783061	0.2009902875788747	-1.2458562403798932	0.41948369823419795	-1.2382367288662675	-0.7690315318804187	-1.2919403649348107	0.6772747909187244	-1.9219987563653755	0.3754989439130406	-0.2787219378903428
0.1614612162161485	-0.41853431264813595	-0.5637503805394347	0.013788993164555896	-0.6977068604089376	-0.11167527156257001	1.13427308735104	0.11916210274697218	-0.046077011471235614	0.4208345078445792	-0.331848575051729	0.5766322464880403	0.6401320919637226	-0.6180579926890638
0.17416694015423645	0.09783326422366728	1.0333368411648127	0.1917659522944009	-0.7936448408466268	0.3073399190781492	0.025879749333084526	0.6675866295449029	1.0785540654805224	0.26969577675962003	-0.9625993974213934	0.4933479230274095	-1.4221382824601536	-0.018291057011243738
-0.17121445488017406	1.1850204445358234	0.32099535582269306	0.19703976584872063	0.11319897197648851	-0.21111097942356452	-0.6856474673197981	1.4319625283007857	-0.10268475334428287	-0.9455883679752761	-0.25843023112034175	-0.5959294912765999	1.2306274025586186	0.0797174470436283
-4.3549656096124405	-2.472038114551026	-2.7607175868689673	-3.861328990118947	-3.7283336440019417	-2.829298150260956	-1.9798919405623883	1.0202965679106901	0.4569948881646656	-2.005488802585119	-0.9832209393701139	0.7070622663554914	1.2046330091958264	-3.325142657136605
1.443914679184154	1.87349919038218	2.2314799069234765	2.048267384860962	0.29861600618605344	1.240469716014552	0.14136161005131717	0.7101945615487774	1.2005395126872584	0.2511688619892528	-1.8133031702139293	-0.03054382988950709	1.2542338690956802	1.1965356796337776
-0.502810735001671	-1.911798482274256	0.1737413123503927	-0.6370761860660961	-1.058545685907911	-0.3478737758010819	0.024819588441030344	-2.2954535616995453	1.1656777869614046	-0.5045465396160119	-0.873369831760465	-0.03611099874589815	-0.04249878077318634	-0.5260265890998915
-0.08276156353718982	0.5917148301622912	0.12056671645472544	0.781067701184899	-0.32631203056337316	0.6516181343875457	0.026598325427827158	1.1009551514933402	0.3915195864216872	0.994629092197039	-0.41413677516992287	1.1522172518646137	0.6502202605414129	-0.19890231284199547
1.1107009137551491	0.36283387671526957	-0.09281441946114521	-0.02884406414129803	0.43190650012923537	-0.016746761398191756	1.3133408855208781	0.09372246746480661	-0.679789302048802	-0.8926790380746339	0.20883977726394354	-0.8855173550012148	-0.040642051323009666	0.3147288065009875
1.1282791435606807	1.3326615525592211	1.4905334876026615	1.0642517105348737	1.7786425113944209	0.961588301324563	-0.5748552961313956	-0.2552383468283161	0.08777162864455695	-1.066262208608005	0.49154761227520855	-1.0481377580917843	0.3983646282115173	1.4061316350139073
1.8986209603400828	1.4678625426941754	0.6128077351296733	0.38802367837457297	0.8274108898523106	1.6670288922235892	0.5357111651987636	-0.18835678902578068	-1.559249045289966	-2.3288814985958832	-1.2553030469025708	-0.11468970651570752	0.204360471232201	1.5400045218632035
0.2317394264361089	-0.4985154014685585	1.0834840238032026	2.6328764293821947	-0.4588033891160584	-0.903850204675163	1.0546806696032192	-0.5931565415826977	0.7084913377535108	1.156154453220221	0.14494552201234345	-0.13541794210046956	2.5627780996389746	-0.6551770964467348
0.9368058188197791	1.1127747443942977	0.5368521874021643	0.36876788421512424	0.43251543951136134	1.1645887873969702	1.3414748404124128	1.5473292479334695	0.6151109220553733	-0.21681778402322854	0.4535630268946854	1.73166686765332	0.9087079552365261	0.002635604586910695
-0.19532580107507783	0.03812691820730363	0.1378653334079103	-0.6121549222114522	-0.26060067174667356	-0.7563562059915063	-0.05275101780225616	0.8812706476081503	0.41910391120002605	-0.6504164338701744	0.33628016405081324	-0.9541151913402112	-0.9612297167890497	-0.29838952699977667
0.18052818528741926	-0.12966182424599587	0.7078509452534145	0.29639068233679733	-0.28657206606338287	0.6289820873533383	-0.43407620529232044	-0.6423668116334292	0.4951778330048473	-0.30276309916100796	-0.9112599019113098	0.16071825216319216	-0.5123882227595412	0.35823590728596993
1.331412758707343	1.742260139225257	1.1679758882785114	1.696031328301654	1.6358400937313946	2.1545432334757137	-0.2198493297917207	0.7302011085717218	-0.43492232238178274	0.29241555178600337	0.5483090798645494	0.9700780518664068	-0.43485241515802103	1.3911099571138281
1.0027786220519872	0.48731110892168694	0.4358988258063182	-0.4693715006020398	0.6159844447538192	0.20744972133496692	1.197980730579324	0.2915021948965954	0.28336211933290784	-1.7193527467090854	0.5196886363162772	-0.23334703422325273	0.6317528410100492	0.18605922378171985
1.466869931807476	1.41089012828645	1.0302793535344748	2.4954758943448274	0.9066577534050108	1.1783809982592077	0.6835458560682388	0.46351307101685696	-0.22484416896337073	1.6075608936872026	-0.2993853430193366	0.31799993151189937	1.1418861629454293	0.90440505308725
0.4742171567086051	0.9799971255833276	-0.21432990621330722	-0.27319427985776384	0.7338168551171679	1.2077484847259718	0.25751597540533316	1.455208157396493	-0.8527127240639509	-1.0158435154454994	1.0333293381257462	1.3602037971015586	-0.5964157447784838	0.22615538010112865
0.025329494038934114	-0.6658415312401813	-0.31366503045992117	-0.6796164463053962	0.9588170905500296	0.2507058277883262	0.2602214304207316	-0.8917579480247219	-0.3005395324879423	-1.2480775019941712	1.8160065420033031	0.3068289551446159	0.01294019125885363	-0.13337480067711893
1.5879340757846574	0.23595372281507054	1.3051500476646332	1.5899717313386512	1.2477211103225583	2.0863246153546235	0.5071529702567382	-1.7482604923413	0.06813413964333588	0.1727355797325133	-0.06189291856560821	1.0435837361109421	0.11685808335043038	1.2615384015497644
-0.9500232563794905	-0.7894586622437256	-2.454610283000478	-1.8811039400319682	-0.8309279846830313	-1.398261212684948	-0.07828934426551354	0.6984712255538716	-2.638016070406171	-1.5546028186472316	0.5916416448603915	-0.8227131927491362	-0.8905767810863111	-1.0304260413587865
-0.62703640780463	-1.4128804135248179	-1.1169244456356024	-0.9763470495517081	-1.841417490735138	-0.8292028103609657	0.47321728619993764	-0.8834630396788439	-0.31236946998604875	-0.571324636594489	-1.5841721051911004	0.02916916768523751	0.6284489407028793	-1.0084923778580874
-1.2056523191616955	-0.1716153263648469	0.5324469301161658	-0.3152563820967712	-0.561434235021092	-0.34252484505943415	-0.807972428569648	0.904473286432744	2.1449135693380077	0.3175052921935264	0.2559726044295987	0.3920367148448837	0.2786621729363171	-0.7700317328117567
-1.36180440646566	-0.2762383490645917	-1.228365050920814	-0.6929314430652767	-1.1415439259911477	-0.5900442489862121	-1.017768290277904	0.7039324773318896	-0.8555485656146031	-0.5151549560313748	-0.6981236610745766	0.2794627479983488	0.909645724447806	-0.8805269803532867
-0.5870400722849205	0.6842569096103875	0.6472866137642606	0.24804619401109596	-0.5509277581678405	-0.771889017989905	-0.5505433148174211	1.8067416635624223	1.5657797283850634	0.7242837817062275	-0.255113063558929	-1.0579979210251276	-0.38771297517916314	-0.32224549349123316
-0.9599199864990708	-1.8541036720388844	-0.6812859244032242	-1.3417159695709813	-0.20554889260116582	-0.43330752624094027	-0.1449863533892354	-1.636171104893741	0.34147261598158213	-1.1164701337709155	1.1114430432679432	0.4242019266625881	0.07437390170205536	-0.8872757894430509
0.39643630666447405	0.04766765658291289	0.0951067564151965	-0.4518014378627032	0.22186534801784563	0.22312960738093585	1.1608327319233067	0.5169188684610507	0.6594416485977522	-0.7690437206042248	0.8295193436631503	0.8122046849298495	0.7441867292694538	-0.4113210103476083
0.7220599766334101	-0.05327077234708913	0.556485770546512	0.5059879879356651	0.03502204329652975	-0.2071958267280597	0.48337514508612195	-0.3247550981889557	0.1748592412466462	0.1831325828354189	-0.20956574032227718	-1.0839219220077185	-0.8416183123978296	0.3099059490458502
0.16543539374489555	0.12735790030030608	-0.1658758882714303	0.3372374153299727	-0.11870865777759956	0.05383514183420854	-0.39229732640878023	0.3573723633287087	-1.4034678135028094	0.12850686364405287	-0.22540266282444937	-0.28875546121055623	-1.5165196720180718	0.21623841670669522
2.3900228197846154	2.4389401744301535	2.5904305286713365	2.889290827661133	2.76652807121631	2.6254469893259667	0.5235286686511768	0.5252942151096265	0.8179806833862323	0.7749561284493365	1.1052931092092286	0.9051573829667735	0.8597115043699549	1.9518213444903867
1.3316170910699714	0.9964460878782346	-0.02038749355680236	0.7014135969457769	0.5634929035648453	0.8024016745827698	0.7900416477505656	0.49878689199126014	-1.406192745537291	-0.3541009508744949	-0.22744093997186493	-0.27258249921246297	-0.43849400925656823	0.7848727545347922
1.3681128130845748	1.6239288104573117	0.6906933971836138	2.2857559363527393	-0.2357043369021169	0.8331711074941194	0.8471919665452078	1.175607543643021	-0.37127637000121116	1.7205970011795553	-1.8748588109403534	-0.005116486706944381	0.9737875838012285	0.7238067675112535
-1.3119282331432052	-1.3170325488660048	-1.787208186800918	-2.662775104270458	-2.8216081538232505	-1.1615419981437496	1.2134284286360304	1.189538663463951	0.4802055225059513	-1.4077208302892952	-1.3160045637996929	1.2456922348867765	0.3353147450454848	-2.0978186959534724
0.543479581912705	-0.1472761835589746	2.1482201632311004	0.7450559974418751	0.031588669731027974	1.0974814406662134	-0.1399439040091433	-0.4470533077714902	2.0153112351732845	0.443952316017289	-0.34342479604315024	1.1039438468377853	-1.5833598117262535	0.43762776344917026
2.2178166355233633	1.009910896132142	1.3692050138895673	1.1227778034717977	1.9128515236774888	2.2928185225853452	1.5952095196602551	-0.42540825892504536	0.23180387839622807	-0.579859338850401	1.0801361896502435	1.4634278464076305	0.22644163909083947	1.2198675236690013
-0.01680013622420916	0.2132894459459117	0.41994964570924365	-0.29047890508523166	-0.9000348988886904	0.863563085073764	0.10755770088351546	0.48669141238909064	0.8782348060280318	-0.6913789403465828	-1.3685749391974662	1.2987546442143403	0.17034742849503548	-0.11279488718654974
0.687334525664034	0.5910523474438805	0.42973649020858995	1.9620320596982235	1.8642393413303424	0.8612194654705985	-0.6774677739276035	-0.8793761892158058	-1.0672954307255365	1.0023323446985173	1.2535204738927535	-0.5121436180832661	0.5847256652540388	1.0017329279225562
2.232788371500339	1.5509990110830296	2.673236886559289	1.408879755445273	1.3702179408502375	1.818020918120358	0.4511565348159903	-0.5833171285140628	1.2258955340921562	-1.1574875806469598	-0.8848396251550031	-0.5202538949827219	-0.1584461933693897	1.932678526865345
1.7863041358739737	0.4644301068492478	1.6434148296291058	1.3165474334691298	1.5321659057675634	2.3623483379960977	0.39399241610411034	-1.6003972424957829	0.21477915974731823	-0.5304377616315922	0.17706133405711338	1.1360395438225004	-0.3362980372869396	1.4919280598041054
-2.327853406206877	-2.736682226350384	-1.1010120971546482	-2.089431602754756	-2.509125670737663	-1.4553920567052498	-0.9731808059788817	-1.076646662317757	0.9554312534339139	-0.4596159968380903	-0.7544892780736195	0.5440347077409712	-1.027127008052593	-1.8852688273492106
2.1044392811058796	2.7081494988591293	2.3534863812829157	3.038208588861834	1.2707881166087613	2.495256436472327	0.09635730769577018	1.1019806513032284	0.5294140759060159	1.3181518271951003	-1.293610180666396	0.4341109846035385	0.0591098341870532	2.0351391412397817
0.5663215998958371	0.6778757129823113	1.2092516337895518	1.097280945862516	1.0895891310829329	0.25491723375752795	-0.45349262027951415	-0.014200383880637314	0.6764070732428885	0.3264956267512811	0.6680854007606694	-1.1622672674544234	-0.4138146599095603	0.7691588752926057
0.3219006460557092	1.2607514664140076	0.5899907313559138	0.5553186258112894	1.1733490881544872	2.5777689371976917	-1.316649597768949	0.21614297308247254	-0.8184636221333479	-1.3433578905226533	0.07749557206990146	2.2872929501291366	0.5040137709193001	1.030262928380664
0.35001966033982534	1.034668423889432	1.2712067729512142	1.7805043708705728	0.6280072689786269	1.1896001059735961	-0.9724187516941849	0.14058865543508603	0.6178193848583747	1.0073062914556035	-0.5315335679996643	0.2575032398965105	0.4683842280017399	0.8566383850280322
-0.12353258317111196	-0.770942181386623	-1.3956575450457551	-0.5599708406402547	-0.5874696870379411	0.6530023872602178	0.37139600715899795	-0.24569247787442272	-1.7657688604281456	-0.31028023014140954	0.03267707921614026	1.6287677938610101	-0.7987117961139443	-0.46378433543918046
-0.897733125504172	-1.6803045354467576	-0.5280508029826384	-1.926913581260941	-2.7891302267184	-1.8503431080250101	1.2355835815047151	0.7118343735606211	1.4522210359627872	-0.2598932092681442	-1.2877068962668974	-0.09505624179713158	-1.4468201445213416	-1.818041130678862
-1.3676752684070104	-0.03199424465945244	0.4039967723304548	-0.00457669667970792	-1.1526049048415694	-0.28680311555911203	-1.5100784812403516	0.704119532767734	1.4996847505712463	0.40077986546526534	-1.162187459129809	0.05755277749647246	0.2920109821673287	-0.5128681607535586
-0.39454830171466615	-1.2323942763603855	-0.2357598508085384	-1.952467879423628	-1.0289314154570517	-0.634799702738903	0.32658585578503796	-1.0705329625652455	0.6112579248140403	-2.6047458724382833	-0.7314117556675321	-0.3849215480116038	0.06664164295426667	-0.6034028274120914
-0.6330615036251954	-0.547706564381431	0.006976176057509775	0.12830731025199998	0.471625221634976	-0.47025337654878235	-0.2017843231529588	-0.05176592444328043	0.8687685290785685	0.7415679074713281	1.6471202971967223	-0.2598792503747968	-0.011674057998993034	-0.5143121981156641
-1.7082389857209668	-1.397745629823422	-1.9988450279462273	-1.5673974351422812	-1.1064875001667043	-1.3346029089983074	-0.7734733124467272	0.3601830225506133	-1.4164011794899662	-0.4011840616240223	0.7752024887180617	-0.05260431983073904	-1.1044486951933716	-1.3929657043151158
0.12332022944426779	-0.05898744714157972	-0.049737714170728586	0.24454180915763263	-0.5163905297089174	0.21250906315711804	-0.6977248998784482	-0.7228951431374881	-0.9304315056046918	-0.5805988085410051	-1.4905348714285955	-0.7221532283049245	-0.4585706819300631	0.4664637751269258
1.2099126730514032	2.520768780193001	1.8900452063622901	1.0803715721020455	2.001793924485581	1.4947400099672024	-1.191177061573534	0.862056017874633	-0.25487745178017623	-2.221654216032751	0.07992051713260966	-0.5888637733717971	1.1687170850298885	1.769791752462244
-0.6763112017698563	-0.8125538179894188	1.093918441021377	-0.5924476705538965	-0.911583126745994	-1.294590530996207	0.23260787440024386	1.1423562705761532	1.9077437801225225	0.7282107664656248	0.4941882558924397	-0.20063831712917582	-2.2360918782845856	-1.0507492046781937
-0.044304994428239874	-0.28087238630726885	0.5083730152986976	-1.0580399474631323	-1.8849831130190804	-0.1896845405742149	0.8878610640826439	1.4072425160953306	1.1410736392479488	-0.5251399743410435	-1.5157164512552725	1.0353783407452677	-1.7348900730398302	-0.7782398813565011
0.26024155677232397	0.2570161351071387	0.38555641496899623	0.5233768150624837	0.6179192132022597	0.38223969987652445	-0.4354760924998591	-0.2319461147612834	-0.16767499552053106	-0.13827581252394341	0.36745241246603527	-0.45006632678013836	-0.33659311590941904	0.46350242714579254
-0.660056580165262	0.08296692513595913	0.27694743586933734	0.7675259770809644	0.052544706045005135	1.244433785294385	-1.9534534737438112	-0.3237772480621898	-0.36910804285248344	0.4241557483468366	-0.39042071360088404	1.1281015173670992	-0.664429018033204	0.41011907757991384
-0.3718554820917064	-0.881616100854932	-1.4152061801513747	0.6297582929614189	-0.5755208296348971	-0.16717796474669078	0.6163674655647419	-0.23421551883495856	-1.099354034338985	1.9503476430010884	0.2759703732988794	0.6504586357451819	0.07873387267682362	-0.7568335640893217
0.1685294188253014	-0.3719650520231472	-0.820864164601375	2.002018275332854	-0.5657301100484708	-0.8639288185916423	0.45831123706542104	-0.47922715340169986	-1.144748257632543	3.0840947372892837	-0.7932854427101764	-1.402303336676223	0.5454725169898329	-0.19352326338009393
0.397605640108592	0.9484528321961395	1.3373822235657398	0.3132741691375661	0.8791197812436782	0.7888800570059873	-0.6229744638006551	0.7240110401460311	0.9467791363382853	-0.7395337273750668	0.5869460510624678	-0.0342701547081424	-0.735452414409895	0.6611366909904999
-2.413137963886651	-1.6206586223935662	-2.0527933048759874	-0.4409783178732307	-1.5479258166879126	-2.107382790622215	-0.8410336061965252	0.4703079892111964	-0.18618717049995917	2.0910457337970563	0.592474608227195	-0.5774138598097887	0.25748800705664077	-1.9543410173316123
1.00562376450812	0.8432825723731991	1.1292149827445443	0.2760532951146808	-0.3078756762761917	-0.08669619406681228	-0.04852411958146678	0.38733011051940985	-0.12141138965777472	-1.0799294961214088	-1.6411088867468364	-1.6850146277495592	-1.2904989674356921	0.8689842995486917
0.5445090399682899	0.2387325429511955	0.40296998324109	1.9301985702153779	0.4063221560214423	1.7571478750534846	-0.14371377721169407	0.12421642064560533	-0.7738738633194677	2.384228745894128	0.2538797302491124	2.131432712907959	-1.4404788206380124	0.45229845469143476
-0.8234050324615114	-1.7149019343017877	-1.2865484961352442	-0.7576196444489928	-1.0686469758892156	0.05612635836211666	-0.09055505479653586	-1.6003300222493966	-0.80478388866912	-0.3736567227151904	-0.5189108686897556	1.1909659257431247	0.428384428425889	-0.8403808066373275
-1.6074619116706794	-0.3223100840710581	0.1412840709915542	-0.37274385139652033	-0.8596671828854607	0.7224384988089803	-2.501970915512585	0.7192859482924846	-0.6867291552706013	-0.10705172118307113	-0.591083570190314	1.9285856068470795	-2.104998289059384	-0.332881995234672
-0.04293955233835184	-0.8164352230014437	0.593411475746919	-0.0837424194960239	0.26225273587150305	0.8079002885476052	-0.38829227506638914	-1.1443411182703451	0.5996606837783929	-0.36627962539566344	0.6096269470963684	1.0530979081791112	-0.9377858281383912	0.05772661358844159
0.13007464784994444	0.31042374251238397	-0.3339480758872372	-0.3135029045682569	-0.9487400934628566	0.7374551125817991	0.45190276665049595	0.9301777547798198	-0.2650627288028138	-0.45524717833246164	-1.1696893401726576	1.227370784082771	-0.2834936877536377	-0.19098417280478033
2.8514862869787003	1.3046151772368864	1.5388071803833905	1.338042578795923	2.060290528865221	1.0963854042463557	1.5795906298029074	-0.39731961855609665	-0.7495947650170249	-0.8135085965111996	0.7971601427035526	-1.2612437322268866	-1.074098299063723	1.757826608183289
0.4156802936196944	-0.2547477659632395	0.3537682422174588	0.9973204325240933	0.39262118793657147	-0.032822706108330935	-0.37347410992766267	-0.9269284818307083	-0.5784888168347595	0.7040844148156491	0.09931659424397427	-1.070439149340493	-0.9990867372889553	0.5012266705929765
-1.0727578404390714	0.7007260299030734	-1.1612657419359238	-0.8763857876752943	-1.1342023946517978	-0.07689979148465609	-0.4477384440027145	2.4100545614905076	-0.684889237015927	-0.7767515066214504	-0.5991759803482108	1.2514726096544226	0.9742072714798	-0.940148161287191
1.7303289515659621	1.0043205161696132	-0.11497062391649471	1.5402742874533601	0.9647945368029998	1.2113635763887727	1.0227881706390411	-0.19680563730105075	-1.9982733966865767	0.35087873621094473	-0.2617171981948325	-0.08750008157364968	0.2592769688500109	1.0705485047802414
-0.2084097308966105	-1.0667820002563497	0.685506389319336	-0.5746159516403982	-0.4514777622108977	0.0775155094617014	-0.40018010385792874	-1.2508294821424177	0.9714008769942123	-0.893158097058432	-0.28309309097996155	0.14133371843803952	-1.031257937275278	-0.11003272351584353
0.3310108925454299	-0.4131304041632661	-0.927529945532027	1.1949585586072646	-0.14304695250259547	-0.020509930193775783	1.2378212396451254	-0.21232308202284378	-1.3722057816931486	1.3813748881198336	0.4298009599150934	0.9690733450701994	1.5759416304647338	-0.6009248810425066
2.791305913535437	2.014538061909946	3.1405135516706664	2.9577556593639707	3.2044133341670085	2.5133291468306083	0.43214165632679474	-0.8528308069379522	1.018887103560985	0.38583025307951785	1.1302944769985261	-0.35964825693284624	-0.014513087595242688	2.5291391635917657
-1.6747678760096598	-0.7955250090373707	-1.6205457429972596	-1.988121029293833	-1.8087504503440992	-2.605388367196456	-0.13071610096968955	1.6448836683082788	0.009705002816128258	-0.7136235999461394	-0.05131820055222031	-1.8333367763776922	-0.5151021262301674	-1.6794347847763045
1.8419954345769733	-0.3085936037520268	0.3858012195169004	0.4262346296946645	1.2453085102016677	0.16181937934512913	1.4742688747850974	-1.6711852345093674	-0.9550634493457751	-0.8547087060377769	0.8954655933259763	-1.3815282009916532	-0.7544356344005296	0.8450046638336995
-0.017540494892110015	-1.325515404766637	-0.5937133148274742	-0.3532340557525567	-0.2506372506829191	0.2891625712102337	0.6939355995179816	-1.4877989418678117	-0.2363253207297241	-0.20263471921531215	0.30373232693860713	0.9075047302831029	0.10682117773009266	-0.45420027519196854
-0.911055542872211	-0.4976485542173325	-1.0493571122691283	-0.5440743265565694	-0.9081889907057098	-1.6435666418931332	-0.049495276315159785	0.5548151707975919	-0.3324419831793196	-0.03829611920369298	-0.09159745050894103	-1.2673298666084132	0.8914443404518131	-1.0088265247862502
-0.9291711646308463	0.41889476005802617	-0.46477006287131634	-0.44564324534264	0.03159672454769863	-0.6791000096516786	-0.7977925346654011	1.4434996105798534	0.022546004900783262	-0.3373248156946462	0.7983986428622705	-0.6494887227976233	0.1925317863737812	-0.4857113635646422
-1.118089821795045	-2.2950792314712616	-1.535428203030248	-0.5482797052978705	-2.7722188181779717	-3.50349869955678	1.984461642210304	-0.05523407135932847	1.2536928401819551	2.360204309771004	-0.8177263200050973	-2.0067844129049632	0.8485317884802156	-2.4316451463517077
0.4120861269367202	2.023602783244352	-0.046622064952397846	1.6080165348268398	0.8321062008470205	0.7072636759401427	-0.8733148932128989	1.6323363557866561	-2.0214481570243503	0.02611945585462456	-0.2075789789927812	-0.1333406019798528	1.4274854702092485	0.7587038757305086
-1.4247185632212453	-1.7957357035129746	-1.9207083597339278	-1.9539806552146146	-2.3388393467343755	-2.40875053370458	0.38081151345304515	-0.34874719019347133	-0.5755607270273918	-1.216770782138751	-1.1925925362159238	-1.1845579344874675	1.0527904932223382	-1.7970454880413596
1.121022126457014	0.5807784245222221	-0.10900468121289458	0.9917710028066276	0.18496293951142168	0.898628923417383	1.100374001189742	0.19438557754497793	-0.9030616600628417	0.5393166095025597	-0.4648998789168197	0.4618591662828315	0.1943430286286997	0.4252784722694953
0.6802507926726529	0.1940698556683751	-0.44296088832408215	-1.3892941694597054	-1.2026134795520729	0.4488779421089993	1.7887303532487877	1.0773189339950844	-0.043505995827569595	-1.8986974264310836	-1.2506880987589817	1.1213625139044485	-0.15369799564146988	-0.4215819056003815
-1.153689612649726	-1.0182162664984684	-1.165440480491025	-0.3485015719013732	-0.6779935317399004	-0.2460517117436093	-0.886897344457896	-0.7661933293126455	-1.0172384002053505	-0.23247499905663443	-0.1437088093859996	0.684276951220108	1.016734112204073	-0.7618470913516956
-0.5379146632602112	0.833419370022346	0.08431149514479358	0.726249196414244	0.35817902193588524	0.05365693684786027	-1.4824968833790733	0.7132227486713074	-0.5118338976028818	0.00291010517621466	-0.036873391996343687	-0.47936175107156037	0.9238284610957661	0.2207200286004084
-1.3948865245753135	-0.2707581097829781	-0.5142604832102863	-0.502492041006644	-0.13803223818837063	-0.8094673278149602	-1.7280798166815845	0.42940879805911236	-0.20540687380074546	-0.321559877660493	0.6449876436438989	-0.9219222600463027	-0.46795410451272557	-0.4348125677159004
1.4121322446358127	0.1920556129204894	-0.08914705825651562	0.12387682551207779	1.3844866662602786	1.1040332654701048	2.0214036290139723	-0.012892007433926735	-0.45916489716703335	-0.46075281754335284	1.9745141967037152	1.1987592265190055	0.07244261985752738	0.18530229340933993
-1.7523620127934825	-1.8214452312978646	-1.0746300354978269	-0.15629910193518556	-1.0676816606780253	-0.020021513363294607	-0.8619108484872989	-1.2508792664513213	-0.5566387349760157	-0.031428450486387066	0.3140548632985349	2.47887509257908	1.8788960746097843	-1.4466968863490286
1.0968196797428555	0.2609142684964559	1.2531915398085238	0.8219960488516633	1.128190625566734	0.5898501491182037	0.24437709225910179	-0.1680978325248562	-0.324184888755798	0.0886039553860016	0.9668281321055935	-0.14515576549124706	-1.8832011088561462	0.7384131897825988
2.011013388379052	1.5825587671646137	0.8376949615426766	0.9910114631175704	1.195830898719612	2.2953429188760994	1.347628224098669	1.3090977847511527	-0.8424115018876468	-0.18337970360861827	0.5695270173037927	1.9757299399917454	-1.226328135612321	1.0423657234363866
0.7454189621776778	-0.09662836547092901	1.713397420372853	0.30435116618897773	-0.030082360592814772	1.9695876596347044	-0.6582883829769476	-1.0792109973734254	0.12127909095147846	-1.0904730511487675	-1.2805748359435414	1.8391328613292395	-1.8871863488727056	0.9283355027276674
0.2725296528198736	0.1187107528676862	2.61775350420462	-0.5803624005504529	-0.014174905304381702	0.5960027736919319	-1.0527857739123743	0.22241368182004273	-0.012457024697836282	-2.0125460259828256	-1.0634641922599306	0.295322574226418	-3.167400424856591	0.6187426287469788
0.5156821749226963	-0.8196782780794772	-0.27152145692733454	0.17692256376992355	0.6404881675271268	0.2016068874247533	0.49690564638819057	-1.7388859013410833	-0.7598895170880428	-0.4243399600925015	0.6957911322752691	-0.2688183723158405	0.2680626097379039	0.17004074077759196
2.338055689736274	1.2694223925088384	2.291125904954458	1.5865558680961427	2.478336375043459	1.9619482465291675	1.5780208117279515	-0.1217773305256236	1.5339685745911573	0.07092561044865292	1.8929695172029082	0.6598804587137185	-0.12552365812793678	1.3675935224498
0.6036109576661179	-0.6949784462732425	-0.09155008295398245	0.6182295454413338	0.03331253783695398	0.9910841596024348	0.6638750156806373	-1.50823451050539	-0.4431092013448848	0.3373961251909296	-0.2937233678246693	1.054844793637088	0.23210843776859194	0.16354057247627315
0.5881863242057601	-0.4972647684206002	0.2180545462065129	0.028641106470992106	0.3559109012865608	-0.17554243986085616	0.5176543617455813	-1.3129561554050915	-0.04051794171030239	-0.8009908291387516	0.11262761626142072	-0.948743419356504	0.40365721588412545	0.20977748164562965
-0.03492463272388119	0.009288079540319766	-0.7127870805443912	0.9303967937282216	0.06913634706928262	0.7395629745638436	0.2514425147141244	0.32099547390181726	-0.8363405196560112	1.5179924909010523	0.420995841988878	1.2646581431977688	0.16588597717256706	-0.216486400235284
-0.300658310239735	-0.667654717215546	-0.6588414863703322	-1.211198555608525	-1.4537594229002788	-0.982782629503764	1.3240605143036661	1.7678034057294327	-0.3030435392683037	0.13541818928474023	0.06969078845797808	0.7129175019087884	-2.050805164887996	-1.3181757276756063
-0.2213267394255664	-0.6058695399150931	1.0235340527967927	0.7652725316966874	0.48876638453596544	0.5769233116864854	-0.7016443675325702	-0.9657003317933344	1.4020622236279512	0.9308445053556075	0.8445940514788577	0.5252694455311705	-0.6374226555223752	0.10103519026538262
0.936493019614478	0.721012706440624	0.42853509967811476	1.376035411230612	-0.013250189346240171	0.6803152396050058	1.2809288591059758	0.6463712722466055	-0.39829178786280844	0.1686874037165383	-0.26554931193159753	1.3106874721896586	1.8862182896339577	-0.044053714834130765
1.012262462044669	1.2446740545468962	0.2791287284435821	1.8248606301409116	0.07410991575497095	1.9933879372461347	0.62193206170235	1.003546935937037	-0.5529259798068441	1.6302625370930923	-0.9469681307297116	1.9902609221645526	0.197192938135398	0.6031073053575944
1.4426092222075535	-0.7570158681310375	0.9619006928202828	0.1775113870644558	-0.9376775638402141	1.5313479594663726	2.057922024256301	-1.6103762276847335	1.289915338317291	-0.3887019792868659	-1.9113809214193942	1.9129676085472103	0.12091147900453725	0.18502757267889522
1.8040589655002244	0.15087089787691277	2.295983867536747	1.7604779692883952	0.9637719615043346	0.6922305264566277	0.6662371251174497	-1.2709836435974222	1.0177242219826517	0.8302535485973376	-0.09219084184024412	-0.8923117609105172	-1.527175683447034	1.2188962207247729
-1.6002759996025593	-0.8082245688622285	-0.25098339309194995	0.9629930296341374	-2.608791621878926	-1.322060777256473	-1.8983135200576677	-0.02024168434762447	0.25455139348736405	2.478510376135042	-3.0720944755441244	-1.3893793897121134	-0.987221115149468	-0.5986353352237602
-1.4611431502959158	-0.31724487236089816	0.2690681681930537	-0.04236163191529389	-0.6337374978515771	0.5397772919004467	-2.7657700970181085	-0.12997988149710135	-0.19604024550012097	-0.20539825556813487	-0.7792307079754999	0.7754869517301615	-1.3384086310662322	0.028424782750609088
-0.08318655212581794	0.5720373961798054	0.5083941095104741	0.9046364185644691	0.6050218197871664	-0.036997146761720945	-0.666158433570477	1.1320007429332983	0.04138975543094046	1.1646081439480227	1.0772856763804615	-0.4054286897006064	-1.28986494718468	0.15080993985676244
-2.496522118109917	-1.7262359339328137	-1.3869587812977406	-2.5051070918155665	-1.7330417176495216	-0.7924262956697576	-0.5187180191739001	0.750345221205211	1.389239741798042	-0.901125309239892	0.7409460556999942	2.1003138413866433	0.3276567338220892	-2.241974413420358
-0.5899254119242512	-0.19859581403236226	-1.613324718483335	-1.7103148194245676	-1.9284502235254934	-1.3329747658174855	1.0991065980144143	1.879609910408436	-0.5589190519965198	-0.9795826932442215	-1.0039336016860525	-0.40474711121905704	-0.2013860313408049	-1.286084554009263
-0.15946712828350584	-0.6679140001036521	0.16508416465479508	0.26015540906372253	0.2565371522380553	-0.5020500721575359	-0.5484062080745109	-0.5558808631545937	-0.5183904315890615	0.3970967846447173	0.7934518813860062	-0.803039761134405	-1.574251558778645	-0.019535170455166798
-1.1345794718896922	-0.49205229107677234	0.5546501354873995	-0.8447391571148934	-0.5855503807731822	-0.19850578803166713	-0.9514477340552906	0.1132138709196089	1.9121935257812088	-0.8154975375319606	-0.042133293130913116	0.3447454474786088	0.20576681316333506	-0.6011339762612047
0.8133009959913077	-0.7654512873747594	0.4005563355704566	-0.3359497249433025	0.5576556257769826	0.3268713796649914	0.7857740538593594	-1.1431260726859966	-0.17496195838402018	-0.9471188670618377	0.9542464509839125	0.15514541946863325	-1.282006108805509	0.17682557799794024
0.4558149388120616	-0.08962161164847202	0.7056964862685895	0.4237319588404071	0.8288440301007667	1.0001776863391765	0.11671693697614426	-0.3845599867119193	0.5479597740395393	0.07293418132074826	1.1279786658402788	0.9440371741229284	-0.6954209331155831	0.2801985670017962
0.5831866559722259	0.4774436897208123	-0.08575257266554767	0.7639881839061793	0.41497496151267765	0.39357141594148537	0.8188976044487039	0.5695206136208268	-0.31911640433252814	0.5652337202971731	0.49461461096441933	0.4734205952770724	0.8161166587326031	-0.027492010198204433
0.7534287515093083	-0.026595445688392005	0.6428686614777908	0.494856175671725	-0.1649766231179034	0.15375469231776417	0.9306841323486044	-0.08921798450903524	0.8019368841393774	0.4159623697520378	-0.32524469996321415	-0.24086936157280583	-0.46117424532999	0.11917019408302715
0.40562115716674685	0.7039228889042128	-0.21132947112057565	1.3788404810386936	-0.36819436705515507	-0.3704076236089461	0.7769604352835924	1.054225250198701	-0.8094888112624418	1.0283981026193785	-0.5239302453667665	-0.17682039061118274	1.6246690109803354	-0.2535460634110749
0.0004488610988842012	-1.2155147171915435	-1.3983199818427146	-0.7049658576721987	-1.2646084486907807	-1.4262851498824942	0.8499936435289275	-0.7163532865193711	-1.4971319089034678	-0.2810562652288485	-0.8252712063595817	-1.566112862947865	-0.7954958679580706	-0.6266035716883067
-0.36940606634597856	-0.6177598554684005	0.9324385041334441	-0.15006817257445984	0.37666481617892394	0.25109419496294333	-1.0970777422655922	-0.5813039609408454	0.36778979660191163	-0.44864485812333665	0.8127406940391193	0.34274788346882745	-1.7701785227996831	0.08505822565604339
2.379216642326572	1.2392603346577065	1.8957166205645324	0.8685305060808145	1.114109421231551	1.6543592338912938	1.4841086932443528	-0.29250847503870414	0.724720309087456	-1.2495667952989544	-0.5014935266729099	0.007778031763751165	-0.19324964994989377	1.4534153496709077
1.0053916084647918	1.1623589093286624	0.6736609334797081	1.084725086531462	0.06293383083549431	1.0661962728094163	0.18566340696179204	0.7745229718850988	-0.32137582128043124	0.27003978964675773	-1.066763269461447	0.1473754975826133	-0.5460432592640796	0.8068537780504191
2.2563807904198856	1.7984543388473906	0.46552214193536456	1.9824086298294383	0.6355985116110414	1.093556615500802	1.94191688519587	1.0528565320686527	-1.2205816422841402	0.6993769445907334	-0.8087129005486058	0.11686319461577137	1.136909364429704	0.9393585467202581
0.8306893525885455	0.4931209594068405	3.649525137742342	1.403079416125941	0.38803744153791464	0.5645194325687168	0.34647519897790197	-0.5191399504494741	4.063410766260031	-0.8233613111699305	-0.3253045031615894	0.4124941700430333	2.0114128296229965	0.40232236375192565
1.2292915646651992	1.201051980524671	0.7018410780386529	-0.43935830428537603	1.901014102610493	1.8255388688783694	0.9837997432039226	0.9736102218874289	0.12185317246502295	-2.0942546152315726	2.1402039658449143	1.6629214164081685	-0.05607250951393609	0.628100349295001
0.15988579643046064	0.20107589413315763	0.6104228505225355	-0.035665910670614975	-0.4173373608817148	0.8566536148145732	-1.0084428218646684	-1.0230052187036065	-0.30605346829107033	-1.928789535065027	-2.0170382600291115	0.15172046861812405	0.8819417896869637	0.6384906674179288
-1.7882944619460397	-1.2912105693487292	-1.2597239275657803	-0.8585877614998354	-0.9572118526867741	-1.2349889518241342	-0.6440801354830101	0.22663183693477681	0.2562788447875345	0.6136609083634477	0.7832815631996	-0.0337592338670287	-0.06435111885817262	-1.4143194477379608
0.2812762866155212	-0.4753428990209884	0.14477243894501765	0.4179897486484667	0.8856221655097345	0.6725688299912345	-0.04579594770318136	-0.7965651680010842	-0.3262949966810997	0.2582289492572422	1.433725895719672	0.6099464526708219	-0.8927548872181625	0.1811471792232946
-0.8136183895535958	0.5966866145956677	0.19756044870741923	0.45610274917197424	-0.2658855229063577	0.05671442251136072	-0.8664417101162099	1.7665775793110021	0.8740331546114244	1.1678428303096793	0.323417351168479	0.41360938127563135	-0.46540273702610263	-0.37017938558571295
2.315922367699707	1.7952792989002633	1.87947019487017	2.1053680418545744	1.7431095560017797	1.4066007954441917	-0.1441616186486057	-0.6128278046987963	-0.8525323792576767	-0.4913897494144022	-0.7167731834703966	-1.7463604485545312	-0.6790115366382871	2.2987782890471986
0.17868192818204393	-0.32430841766179275	1.0180968475448187	0.9037695472878067	-0.4263033846988601	-0.256348462243809	-0.24603798574648097	-0.75155903338955	1.1972886146083774	0.9187146984609929	-0.9309612595568169	-1.106776015443728	-0.5561644673247037	0.237859895836878
1.6476076846293566	0.016536486184147714	0.2499204458706169	1.4932466822519523	1.7380255591934728	1.2515625442636447	1.1764080643334942	-1.2374312752012546	-1.1018178204648672	0.8542469471624362	1.6246518663823775	0.36088267050105294	-0.5050270813382013	0.8600006675725407
1.570215833485411	1.3946401348293707	0.8872816011857739	1.9322848178621814	1.4706805725683987	1.5902091792705337	-0.0866243995922561	-0.31638940020432255	-1.1972494291720324	0.24484907716215043	-0.18970520579978103	-0.3543838854219485	-0.09647918545842497	1.603769612043649
0.44896131937835	0.2651981730368582	-0.49902767064043996	1.1994389848844142	0.574380440261314	-1.3544323306121326	0.6296377294763187	0.07594891319029329	-1.640313658661761	0.288527722681725	0.8489723517174873	-1.9766874525422369	1.7560487638502225	-0.1315809276473623
-1.2722242116399995	-1.0308837246868718	-0.13064590781057106	-1.1736353384809224	-1.1577092960967115	-0.9587446221499129	0.37516140734441145	0.6902741953695933	2.2188472190857165	-0.07083048148601429	0.5186504537850521	0.9073378106465633	0.9067800551073456	-1.626404252930097
0.1487647207860615	0.7752037634733794	1.7572941447625634	1.2882280562474548	1.3502457831337777	0.27549321022471973	-0.1518597850783583	0.699370314935629	2.0919518149946477	0.5705366125938929	1.8225979797623109	0.3371591669574578	1.4913159971819598	0.05731837507561006
-0.20191595318298855	0.053410279281604925	1.4592857990254142	0.4695383719513109	0.28825220938165885	0.7340151249547224	-0.7016892434713589	-0.11782471554190799	2.120628811095189	0.23271385924943064	0.2727026391610948	0.6099591774739676	-0.25101066490946433	0.17430724158864258
-2.4883055937901686	-2.6361590338375267	-0.9191023218407354	-2.2449230652834244	-2.062524032706182	-2.756842789375242	-0.8306613842974623	-0.4938568010444765	1.6629544548441335	-0.30580936595057756	0.4033632360482185	-1.2103021485736292	-1.0378068124176478	-2.132283590727311
0.3679126285211155	0.12916373630672295	1.8469861724066658	1.6109993160869216	1.664672013076311	2.0771952635664315	-1.1023608715806927	-0.8970799665318798	1.2191340029481939	1.0998606193087914	1.5964167923780135	1.8326039472454083	-1.078122388175104	0.8830361938608716
-0.09892791585118899	1.0211233046292176	0.6722851542813082	1.033035001008774	0.5581018092477182	1.2006918482618574	-0.964959740998127	0.8456720985274956	0.3346009307430686	0.4284360086755864	0.09237166814922687	1.1219924255763125	0.697541771819868	0.3742116911487468
-0.8384268761141938	0.2372413310990456	-1.7498576608240604	-0.2530287840157635	-0.47227423409928343	-0.6634506608281401	-0.8572131056221489	1.1192073396191347	-2.319192190710414	-0.044295872526606626	-0.06471771363608111	-0.7988675343120532	-0.29353867667122285	-0.37557533733819065
-0.1493584600650551	0.7766622660861782	0.6678169263203657	1.325952330540082	-1.236990585938889	-0.5694686450538305	-0.27312108625068693	0.9369308811307232	-0.06437796483529044	-0.282741664038185	-1.983457703531789	-0.40988059694955076	2.1461165934006554	-0.21471958127238683
0.3184055301403377	-1.1632544816996717	-0.5672228050805863	-1.140335623651663	-0.7018861398532791	0.24635301097042772	1.5510536122950425	-0.0975425426615278	-0.3986236075836467	-0.6423268834902929	0.4934753041634225	1.7282074840681219	-1.5330768745578176	-0.7981135811911916
-0.6276131811849959	-0.7073877107689945	-0.5748669065058847	-1.1825958655392932	-0.2997346823459468	-1.050618948765949	0.4106298552778314	0.2633412590974769	0.5570487756064865	-0.8813728197632462	0.9446179518568695	-0.5173288363496171	0.32256981150739716	-0.9299064285289601
-0.6599598871470005	-0.34094090456194326	0.2619709753960061	1.2240986620305285	0.6305088915347172	0.11768203670365852	-1.351314184453675	-0.9116787714738892	0.11265306774068597	1.1579307319743364	0.7512350308254254	-0.0319671243959052	0.9376801139485561	0.01853033553267907
-1.3825778147666754	-0.16994022480835358	-0.15912148206213994	-0.8429826324164358	-0.8895884218148672	-2.177333017228176	-0.8856477272483464	1.4614754206336806	1.1996103390658517	-0.03505268339330323	0.2532550192262556	-2.3507086308872487	-0.5438816783690358	-0.9380491415147548
-0.6232050937653366	-0.8997425994026973	-2.210663595154525	0.2485886171421341	-0.9068073247685434	-0.6983090734759662	0.6861487787856554	0.22307369126433393	-1.9269124810277956	1.801179707399652	0.21139210847505643	0.26739276835618253	0.11874740903535992	-1.0573362959683696
0.2027466570830822	0.09489739151916038	-0.989379988246585	0.2025260416049377	1.4832008220089636	0.9419213861851646	-0.1576368495484514	-0.4687910441693728	-2.3413456504143264	-0.9719575782163502	1.9277332167242973	1.2016101620706354	1.1680396095338461	0.14256409611401477
0.3518189559364735	0.4388066297633342	-0.10804607110131409	0.8135866049985588	-0.6061553057210541	0.2099881806755482	0.8334053030477218	1.72666025395096	-0.2775551037143287	1.8078333439358503	-0.14722640263028233	0.8220923274937111	-1.3783989375722676	-0.32150973509278813
-0.12218341592818971	0.43429709150048096	1.255548586712837	1.0371481943263505	-0.25712116245005145	0.1586596594624814	-1.2967895809234469	0.1372857689840552	0.9494227585057695	0.7093516211131182	-1.0521779095096346	-0.8282505214601477	-0.8855852581117619	0.5290426817324002
0.013871613536190514	-0.582861660907467	-0.2998696423386237	-0.39913297138507087	0.021697867487760508	-0.03878853892976608	0.30950612567913033	-0.7038297794343557	-0.15411426553692728	-0.7574985296552627	0.30666120792230483	0.0174471845954916	0.37424805706498443	-0.23541340465985047
1.397743048959922	0.6229479439579816	-0.24885920111474713	0.0027428024436760845	1.006363765341076	1.2430505275138068	1.3096085086654534	0.09369425563789857	-1.4025740550150476	-1.2754820103447297	0.7326333958543231	0.7573638067352916	-0.11625417369393516	0.5899822253140296
0.62389824348741	0.4000489314633003	0.2505885147885601	0.09275535790041844	0.9626616689489333	1.174645385149442	0.05383130533149699	-0.3713118743412781	-0.5464336838461445	-1.3107604753974318	0.5825360385496086	0.8804030845984562	0.667521178186216	0.48933182043082396
-0.8272733929761329	-0.6322981855782488	-0.3916163094296308	-0.5107626023770216	-1.0040845801089033	-0.9195744105316598	-0.5588163041471192	-0.23651277277732327	0.202713283762127	-0.3703033182402308	-0.8560303048240152	-1.0018973586481896	0.13158283003538088	-0.5167070879189309
-0.41151726117267673	-0.6235880026552303	0.9266711252418561	0.5899932615397915	-1.3602100988933103	0.3399853960466025	-1.1733324162713326	-0.9868082439154531	0.9781163145023277	0.5899633605090968	-2.2602334566245728	0.10850036112183382	-0.9513862215937182	0.15877418801278517
-0.9875003139163316	-0.3930084635439346	-0.20462309027109116	-0.39022079726474634	-1.3185907981607927	-0.42757092954325526	-1.480741734383751	-0.5187969530329865	-0.12168195579914685	-0.8920003779662462	-2.055514536898873	-0.7140720463498508	0.47587792167539517	-0.17690587605922178
0.16540791473803704	-0.36151145366491333	0.14175900738429065	1.0155326001882077	-0.1783301917935322	0.6851892243909696	0.42149313371654534	-0.4599146963350543	0.42025280893494243	1.4981326848792071	-0.15444253812271272	1.003178652137044	0.145246861273885	-0.11461200811865782
0.587918149859771	0.5628452883661612	0.41335025499113986	0.535994740473446	1.4543013179065316	1.408780724927439	-0.2625152186695305	-0.31547254211596815	-0.49718588232655037	-0.7081146623227266	1.1715241930893883	0.8681153825730012	0.2816771799452934	0.6957933776466835
0.28274904715483506	-0.10372911054166023	0.9401313883985473	-0.06603893336066846	-0.1947812132938262	-0.8855409368966216	1.4672240472561504	0.8222853194600244	2.58411744411566	0.5509018095723996	0.670551924668281	-0.7894634763034187	0.07127383945677895	-0.6113550701090307
-0.15664110645658524	0.4719660891183102	-0.60559168775791	-0.17738327491074588	-0.5551331944571783	0.1180354893161864	-0.4289461821065955	1.1598567359733842	-1.2571206391872456	-0.36872270025996523	-0.5980164980237248	0.0591847013995841	-0.9536654501984935	-0.0332148624260216
0.34359209555318915	0.12094870029328936	1.0883429816669008	0.6553289480967356	0.8593472940769873	0.28691551270619753	-0.0769948590374257	-0.45489658692022317	1.2139337624674877	0.09401148123191098	0.7763287033792337	-0.4317475009976514	0.21630939616384098	0.35062477321265506
0.5585985540106386	-0.6140098522107519	2.0101286791761837	1.3466516455224884	0.8430240292817586	0.46506646527248724	-0.30774801258449874	-1.8829908395613981	2.139469912491886	0.9954243759458904	0.5310232354247473	-0.5654468911109013	-0.6416262088682199	0.644109893299731
1.4976123981541607	0.40786264093567326	1.474149877337261	1.2110981318638516	1.4729373548380678	0.9977147663887065	-0.012315751750209802	-1.0807352264322607	-0.39520646445148033	-0.2852351245375715	0.5623592968288676	-0.6208463821096164	-1.377458360674238	1.3317954489298773
-0.9119644001513503	-0.962299905789274	-0.6420199373206467	0.20265805555465632	0.342886468482134	-1.477520801712767	0.6599473614763907	0.20636783250026489	-0.2616404004819537	-0.4229285656387518	2.902155939079223	0.3389132289599414	2.3042795075291944	-1.5469765067952719
-1.1033709503437528	-1.0434655835889473	-1.4173320008473858	-0.8942717299401703	-1.180826498854349	-1.7880483079652691	0.8322223746526493	0.9126955190582101	0.36817342175990214	0.8004835365373526	0.686803674117693	-0.5108472300395632	0.3806928099286081	-1.667221457009595
-2.507277832878852	-0.992398566635746	-0.9177971516560661	-1.1421662057738233	-1.697223842197284	-2.0575229380189	-0.4897429918036206	1.9937177491227434	2.1990397230690704	1.3410627627419054	0.8298822742824062	0.1350434506092335	0.583911578816141	-2.30541153187262
0.4757727488841935	-1.275073905929422	-0.11491923979992225	0.751145367419103	-0.11059536171661233	0.2543265989583329	0.5079795415911437	-1.9208483474455211	-0.5129229608844952	1.0300608932490765	-0.013146315679253041	0.12468707773290665	-0.8516645926280754	0.04776802106350572
2.6284898778529397	1.7225931921002111	1.165702255349439	1.7928942481296872	0.9479037726595945	1.6893304690046498	1.6850046852887892	0.654276562997254	-0.7818869355830015	0.3490656031713938	-0.6677715640250912	0.09704531490180314	-0.8319293569806566	1.49641312569799
0.0014173801676033992	1.2078723267852691	0.863588610824911	0.9155602729994265	0.4773482467883502	1.1060311279405266	-1.5377155866185188	0.7322140786597426	-0.042866866799674705	-0.11445031297910947	-0.4895236464632306	0.11732342478392753	-0.42402611249707745	0.853349102088839
-0.34560451663345093	1.438178013679162	0.866079795604376	1.5826462746418066	0.1600910435624603	1.3081806261776618	-1.9009653902103802	1.149521579873485	0.15139489598434797	1.0546773836956715	-0.9807183163625638	0.5620440541754779	-0.11958773494435938	0.7723826127439428
0.379322643521105	-0.984945837700536	-0.09895078547550593	0.26832085195339545	-0.11244614289912952	0.328658988547442	0.7758219040462151	-1.0924842289845584	-0.005371335696196138	0.5989244766471292	0.3437796377293176	0.6096462216396532	-0.691065313599579	-0.19124223758988515
0.39436025357016313	0.7731919664545834	1.6239932131425872	1.063687482801074	1.0168976256366422	-0.08861676201807415	0.3161041212690573	0.7077614399424224	1.7131969575554638	-0.09581693475218156	1.3575310567955694	-0.1058931796755534	1.7197129500832953	0.0045925124724710085
0.7858231411791734	1.809833116927157	0.4696219703913108	2.2909616793914354	1.2646959464228458	1.6660754335328032	-0.6304746950678124	1.3865180745975034	-1.1074513125359595	1.8175240093721503	0.4704543710652862	0.6851054345136823	-0.5153090311433055	1.0809840783973161
-1.221791615652009	0.27756963777141086	-0.2986310880197003	-1.2143515228370332	-1.6696104825217934	-0.39888724873752834	-0.9933170895975423	1.9086913881531986	0.5623977516486345	-0.9744620631507674	-1.3541671937515256	0.2946019674568983	-0.6865400459142273	-0.7303371859376628
-0.10341533474695974	-2.149247424185514	-1.0892177439085904	-0.7097802274758663	0.4686063044987131	-0.16922344907963444	0.9826797669807354	-2.0527400186427904	-0.6303443946239008	-0.04157664353816904	2.2965589834739975	0.7675915205647574	-0.632678917137576	-0.791067629572325
1.3996557465234774	1.722318229420309	0.5434118188776825	1.0263559308275032	0.7551083515036653	2.1560767804729473	0.48181698060211736	0.9813256095391931	-0.9013269511185095	-0.5751349084565268	-0.6211609637652096	1.6077542747804716	0.5585288754374719	1.0218170886092988
-2.424336839068808	-2.3762817252741466	-2.1800851553695133	-2.9567772609309517	-1.654879424302281	-1.839399469445625	-0.6444541483601873	-0.6618582124355021	-0.3254959464958029	-2.185910638407334	0.5890039065783331	0.36848965165087216	0.97105843767421	-2.1733784853476874
-1.4588102269936591	-2.3285877184471895	-1.916684594729147	-1.9567438632530036	-2.1345772167676778	-1.9069785163598152	0.22573047694084375	-0.7660020966541852	-0.551677285432964	-0.5610495308498912	-0.4692936481987423	-0.5613597474970748	-0.7909458489520572	-1.7107972906642668
-0.04952175250371926	-0.6314775043470273	0.4802538991618452	-0.05745933586149954	-0.6610603198593691	1.029187826307481	-0.4612730333310623	-1.4679925539620515	0.4675167050376462	-0.9047750202791393	-1.5083812668528132	1.1969862887388323	0.546143694534247	0.14008928912335408
-0.7377023277007781	-0.6923171218162931	-0.33234305794474706	-0.35627395768997183	-0.819718452819678	0.3059541967680713	-1.8525360975828193	-1.150202258657463	-1.3480811928988439	-1.0735474299001042	-1.4369501634975597	-0.005171058875893274	-1.125886564949066	0.22298154636799775
2.263003818664547	1.805770945895558	2.7186407045326444	2.2528554815145507	2.5397807970567223	2.8168694341506733	-1.0906341776203856	-1.4317733980274017	-0.323341082470979	-1.0889289628485923	-0.228650862575328	-0.23724148020793936	-0.7202671209682593	2.8088884089056507
2.328942731260937	3.1105940361734996	2.1417184136136953	2.1018765143148994	2.1939185180949172	1.020549843220094	0.8061526410620007	2.0761322386573053	0.5446305725277838	0.009558472980924633	0.5556677215720498	-1.527562160519003	0.5112643503826938	1.7626618229025774
1.4091880797080456	-0.06817160639044656	-0.3545133765379126	0.27803295096675734	-0.7439861112745793	-0.45322233885017205	2.505618349154786	0.6657811721917277	-0.5998948544328864	0.7613250334733761	-0.5333497060333133	-0.4944368809094779	-1.1171948643056322	-0.24420133684435677
0.17116587613704792	0.8683990976549675	0.019150895158256187	0.196291865548046	-0.23000437470311696	0.301237098076758	-0.6435004901145563	0.5172228971955258	-0.8703234232085986	-0.937746698554571	-1.313406200376449	-0.7292746322532292	0.09208095321642977	0.5396491686943661
0.24052110663084936	-0.39811446658238786	0.909027223723941	0.03334653930198611	-0.4281692914208144	1.0528394744121954	0.3003332658654535	-0.764081090345881	1.418265598743923	-0.37833473125060046	-0.8141723813966456	1.3246850500246716	0.01146301648469647	0.058041584328201425
0.830038742319279	1.2474774361228693	1.2935343093459024	0.9230096749476926	1.0733751259854345	-0.05415178155946565	0.3172554078446668	1.0112360872822552	1.1195891978715118	0.13518200774601088	0.7211317268182402	-1.4542698988102143	0.10601391604855272	0.6195330005438056
0.3527281486954589	-0.5146536919457136	-0.12860753542296172	0.8440167962092278	-0.7498816714037554	-0.06699854530008448	0.8902286277072345	0.4085514579667511	-0.6992343513020478	2.005054125402584	-0.27802700533089963	0.62989136115368	-1.8459727642110757	-0.3905900138835491
-0.9765631987771346	-0.519251493929896	-0.3158913034279117	0.38337827200422125	0.5676475765561839	-0.9879545397762034	-0.8815233476463364	-0.12233127427321723	0.25675635187276163	1.0452894258032572	1.6893197523627657	-1.186875674266548	0.14008601850999913	-0.4738699330679655
-1.9823775485280355	-1.5458052095015091	-0.5281737737379315	-0.043431755730258814	-0.26098951748758736	-0.9290822181961996	-1.993369711585866	-0.8120874751764806	0.41877305218004024	1.2785602083497387	1.3034277599295174	-0.2814630041635957	-0.7827999051872141	-0.9019927433581779
1.0441859292657691	0.45748516532635686	0.21868034305975492	-0.30562790546637264	0.6774296857741577	1.0820933226407958	1.4556347975165063	0.40378480733437144	0.054557834244849925	-1.3524008248525279	0.8001849118241451	1.491854833095891	0.8219577735286957	0.050822726219994875
-0.3377793889383135	-0.794785871588357	0.12036275055569923	-1.5131315275392416	-1.1645370548690452	-1.807682829963016	0.8833649269603272	0.12168466653027986	1.6482922948497956	-1.4088942275062692	-0.4945673017849001	-1.8984419484664057	0.004096556009403539	-0.8686159827084057
-0.7432878423467577	0.06579826083326334	-0.218384132459418	0.44520395203533897	0.13407540421365802	-0.3519856509834921	-1.3574365700390887	0.3601074934253102	-0.45053826520669854	0.6060131065163058	0.46073034919870626	-0.8145698464133687	-0.622953832280125	-0.025675468765897748
1.1569708689003106	1.0190689481274482	1.1000911967853184	1.2828395386236817	2.0724252879473566	1.9597686267433687	-0.3109470562525407	-0.3379698803414686	-0.3471108996599381	-0.24763512609956406	1.4157066988506257	0.8053838491191881	-0.3261563418898146	1.2870821447102923
1.2613759280300219	1.134463826797535	0.7451602969636334	0.7278421099700553	-0.38301065864244654	1.0172390144334575	1.2766537396197037	0.9390372953755209	0.23772249104545207	-0.3997179543040461	-1.5132942904372566	0.9833830196643549	1.1382999011598682	0.34338146934024893
-0.8437143028091008	-0.9732068936711454	-0.9061654027769525	-0.3054639987153438	-1.8255509568271626	0.6034993192781297	-0.13554114155901645	-0.36654392093495025	-0.18078116746628461	0.3923237066697575	-1.7850789116653998	2.0572378092548913	0.33290962306294297	-0.8198624657227639
-0.16435739423330684	-0.03168604073506881	0.3446076739682111	-0.45766197235150885	0.47194634427428717	-0.31320289033147564	0.326078009403851	0.747167584522485	1.2328138367656625	-0.3116273044042325	1.5847216999282483	-0.14540185354914403	-0.3212976420195464	-0.4157270630446505
1.2058000400704252	2.476402651653108	2.791250017923625	2.695920934704084	1.3397260923419922	2.9695277475825095	-2.480931704669521	0.18921453221405252	0.07087209089627104	0.10409146324506717	-1.7545263544485716	0.49896299630399993	-0.9762330965352078	2.5581205516317183
2.6042979801738646	2.3968865466995823	1.6113895292885119	2.233970107110487	0.8711327241079159	2.705874194496649	1.5781509328169885	1.19401584227414	-0.03301630312212451	0.5255739603143258	-1.3392977823448464	1.6132917860872766	0.5600945016906026	1.5684581409969778
0.9975479356096586	-0.47569306644019305	-0.24654917983486885	1.2317812884807038	-0.3350703426023577	0.8713909783949132	1.4654286742670746	-0.5376740235733797	-0.6187224867882685	1.895281784681032	-0.3288938433403484	1.2104769183406623	-0.7801815584796117	0.002947659399757077
0.1642900445890756	-0.7302434412772287	0.12419371235151488	-0.41282602941187924	-0.9386286079832745	-0.1615421242580546	1.6544957072294428	0.1540273266736472	1.6421055273918217	0.3374851698188311	-0.1923162961539303	0.8660935224808873	0.25926951587055874	-0.8745137404555289
0.5652895299872602	0.2847231282201414	1.108442882386384	0.5218442894964597	0.5517809418703985	-0.07016353172951573	-0.12011338750610168	-0.6006943566435383	0.8428934921820294	-0.5560920599634518	-0.15402155162331613	-1.408243229821241	0.3054872128766048	0.5840422996309435
-0.4843411010945575	-1.4926125430469634	-0.7069955476629747	-0.6992322792391265	-1.726830704553386	-1.4358462785715884	0.3655307348963031	-0.7871560135050079	-0.0734456708142192	0.09418727120881597	-1.2199411878806428	-1.20163889400946	-0.9272189561688066	-0.8348751437101974
0.387717020609064	0.35992146097340494	0.8420870226781799	2.013343011922704	0.3625303257096346	1.2421474837952444	-0.8609956208419273	-0.8874130644736529	-0.09413367724636618	1.5348068416705403	-0.8830664692321336	0.23975295378642483	-0.030084565745895738	0.8983862128067758
0.88267287880269	-1.6827638980486008	-0.49523448953205573	0.3050330155415179	-0.46406559269664716	-0.22769952865716792	2.146895423210921	-2.162284736142631	-0.09983511463289356	0.7639866170290877	-0.12353403600329997	0.14552065763794209	0.517267832913056	-0.48884662294563347
-0.27321078908985313	0.06313158745504611	0.07222572908909979	0.7932244926501149	0.8636759295458939	0.1337694313406046	-0.6567776457471185	0.15131088682363247	-0.02233271690852236	1.0109675855799214	1.4819300224070278	-0.1720335046843199	-0.4035494006233045	0.05305493548552753
-0.3139549648170397	0.13562683451044363	0.2606477130939593	0.9390927501109294	0.6794742172947178	-0.7693577051897498	-0.36813973098715785	0.4303067299015197	0.6117780688605945	1.435167390797143	1.336695550324451	-1.4354146372566685	-0.07505684592077842	-0.1075458342463125
0.6638364678168964	-0.7592938236855314	0.24805947976108855	0.6251759411162591	-0.9355059726891627	0.6900909916943871	0.7969963953363317	-1.0103048505540668	0.00155022888039974	0.8411005725890633	-1.3568961432699573	0.8918812639823818	-1.0004003728770865	0.04696916122232595
-0.17167714045399807	-1.323923518273203	-1.1194142498944264	-1.6998951890680518	-1.841795212784753	-0.8908614874627432	2.1587092218512924	0.22933721122251122	0.6327090587752666	-0.7419704899128288	-0.6329154973378348	0.7115273552411329	0.2501384398599576	-1.511553532978701
-0.05019364624804812	0.824912085984573	0.3963258056123134	0.4671739426144499	-0.43674086239302146	-1.1773822047615337	0.29335926346999275	1.556340405660359	0.5888288083984977	-0.03936271146339269	-0.377425230301372	-1.301206066995828	1.504790221849459	-0.4098502017815341
0.18469521983771056	-0.43524956570179846	-0.6533617125527108	-0.09345925926631586	-0.1892833914935171	-1.0435586562956347	0.2361308823761744	-0.39553042519485715	-1.1427887991939523	-0.2220333626165999	-0.0029337314699457383	-1.8956960946312542	-0.6837290178679932	-0.06118550701128554
0.5097269688134347	0.4441056183210865	2.076334794409068	0.3626221207868523	0.4780697032544657	0.7883289760347602	-0.5057750250870355	-0.2823376689277142	2.149536870189306	-0.7946689919700031	-0.23514239988127433	-0.17711854348672415	-0.5561828738854112	0.7247447944547973
-0.7873814916749664	0.21036295094464763	-0.003704687212100488	2.101902506639865	0.8076963262697472	0.5148370851316263	-2.5417325575629977	-0.886876529393751	-1.1835228242839608	1.9222819325070146	0.1094089713621893	-0.6247723762408863	0.23618056575208726	0.6952527554304807
0.7714274531637797	0.6667831010209367	0.18109226388984723	2.069908399681805	0.2718121375634739	0.4622696183307678	-0.12506536840814445	0.35951198534530643	-1.3210354361838057	2.1994941095688416	-0.3864229289371192	-0.5019468789081193	-1.192095765295773	0.6894950628729075
1.1570173895419478	1.1251067487340254	3.017058895150466	1.740410669486843	1.6590534354925985	2.229014243366203	-1.0651178095961304	-0.3593672392930974	1.672691272498741	0.1170367244630723	0.39209936279991725	0.957151654491922	-1.4009432386861767	1.620915740047119
1.066255329759454	1.193221961938849	0.8064108690701005	1.8396025997341585	1.81365796791681	2.7600603584333	-0.8400816436499998	-0.628623279224089	-1.2634287306831928	0.11518705688246292	0.40543831840285427	1.6597877869320425	0.030573871590461484	1.5642811551552103
0.1113400295393914	0.24983514579211777	0.3951101178934821	0.3132031320697469	-0.7235145903281931	0.03840289173488587	0.06283942951262286	0.2840908038852827	0.590219361903822	0.04414072624934725	-1.337194647334903	-0.30409868386318023	0.2591905598793856	0.027542551485071044
-1.2944122673630656	0.5793095124098941	0.7316518478643211	-0.6647949513506081	0.5795616196122881	-0.5135659892427336	-2.7201878035292375	0.39832425691577966	0.6993770169110205	-2.0136506515173442	0.3990195191188554	-1.69479162542736	0.17052557415421052	0.30620984342958424
-0.8914206478133645	-0.7410228191252572	-0.43459873545033467	0.510099625914812	-1.6330356867466505	-1.4153024880513823	0.29888329216817217	0.28159505154477926	0.26650822760188636	0.860294935686339	-0.9080828093797729	-0.1324934314926777	1.8518065283920224	-1.2803411557305293
0.038995747804596706	-0.4428515865320174	0.21327149080530877	0.9469100339203746	0.3171415003483796	-0.5207326445123188	0.2015818051007554	-0.5394607676948987	0.5193291640381574	1.4420120173591	0.7271464875313307	-1.032815409914756	-0.0951853421308881	-0.10013805748890053
0.33464599890664654	-0.5212473860937333	1.3817845437337621	0.3926962353105396	-0.05391987474383475	-0.8937133712280427	0.5450284831662486	-0.08135687961913726	1.8555286362173735	0.8704547663115705	0.5335322999869537	-1.2257014478282406	-1.488593246902932	-0.17471460894166457
-0.7797759743961522	-0.6329383986808477	0.8748003058951097	0.2952250990987595	-0.2962463008992249	-0.23784058726042617	-0.7296507781697039	-0.20753963992099572	2.0838751686450823	0.9760954848865999	0.348391497249144	-0.0003670362944980466	-0.456268318612278	-0.4171609510057946
-1.1570607537850677	-0.22822307086273874	-0.9444531666989555	0.9715818395666778	-1.2587518619917544	-0.8760000930118531	-0.5249323028758297	0.8249364550289523	-0.6309413690668639	1.809488595309476	-0.7194557393620127	0.23376950639889485	1.5180780879217295	-1.026800561464456
1.3720086957345417	0.8597743262764334	0.14761409782676269	1.6585406709127957	-0.4969916531001913	0.7241446199750017	1.6105187309603177	1.144466485340608	-0.4058344906701066	2.08384152827978	-1.1322723671337556	0.43539291267907393	-0.6576276542065629	0.30461996591338125
0.9875109050950666	1.741157906494302	1.4894687200201473	2.0444344764942697	1.8719463703138937	1.6359039934946782	-0.8542864430702923	0.5164055414257566	0.026533863490204323	0.6834927039825328	0.7340676919572351	-0.046717565702427064	-0.17909432440264453	1.4671334465193768
-0.6981920237020349	-2.0041698297080344	-0.9457758718894553	-0.4608537487022547	-1.3358079009927155	-0.630437739377277	-0.2038397832474717	-1.691529984799672	-0.8698027833336186	0.3675246452377454	-0.6788651391949163	0.07618090860608344	-1.2540775879916872	-0.7384363212298938
0.31884455316544613	0.9536563189294904	2.0313738440354765	1.3207365069130885	2.1000373634899554	1.7847173041641375	-1.2870749077274197	-0.2802017960960354	1.5907249855998336	-0.09353382646554283	1.6461062897517715	1.0619167545027328	0.6606464454705521	0.9896481074930013
-0.10319996629058581	-0.16470264761475886	-0.4319255313012089	0.3310636894171412	-0.8962220163668388	-1.206856160176471	0.4902965520817737	0.36143726601315296	-0.0013682190073658004	0.8145599481977321	-0.852682849504718	-1.524667248292895	0.45202045613695274	-0.4719690984500412
-0.716859577324028	0.05131377660922529	-1.046176346622478	-0.25704004409047726	-1.1458707080955441	-0.5191123771341914	-0.7753188762685933	0.3633296883118181	-1.5574129124057414	-0.87651347401583	-1.537375236882406	-0.29240762170236356	1.2244150647206071	-0.411567049321987
0.5737808247860989	-0.2732464998924119	1.0999774758435596	2.0548968644512797	0.3378584745117195	0.4237355902756877	-0.32737111259720114	-1.8845301423447194	0.3024602964009414	1.2529955065806966	-0.7668017736872216	-0.41452727165826625	1.245082923199073	0.608455000874605
0.7178114872706278	1.175785847781137	0.38837534074901336	0.8861282395368244	0.023864273608114606	-0.3556594325589777	-0.6136675872302036	0.5403706073319756	-1.1398032912829585	-0.33522230267230524	-1.3953646671053297	-2.4958042107156344	-0.6633869350668266	0.9842408703953168
0.2343412648452774	0.2855284634755203	0.692288611481328	0.9510750064049827	1.6296057309942995	0.662037090814276	-0.569355193051535	-0.38591978432807694	0.23344311304936374	0.3863064193795994	1.8540123227432743	-0.13869396070074919	-0.15246612777730972	0.5475735596278284
1.6685269192843195	1.187710321774413	0.20648799384941885	0.8141335333918154	-0.08892373664622766	0.7102845871463193	0.905570223054797	0.5390265489739628	-1.53111013918307	-0.49048005051669297	-1.6111913902944657	-0.7502293812251738	-0.7467150535892825	1.0136374031078919
-1.5571367428864522	-2.036193913812982	-2.1449341558819617	-1.7128322554083304	-1.5086395934204615	-2.422909923716937	0.33303041062963623	-0.22470362309457564	-0.587597780478785	-0.04162753526893822	0.6512424038759624	-1.3078670464386728	-0.3916172170879894	-1.823048296538639
-0.1276410697870094	-0.4355568265902279	-0.14476044500806992	0.09912908895902764	-0.4608401919079021	0.15178366226071044	-0.13493578335574716	-0.5364204053249878	-0.12002367369192071	0.016603440450144058	-0.5788535020921011	0.05607496395935778	-0.17438246790051465	-0.0788280898151323
-0.28817575776247295	-0.9729817992621212	0.5664894366328292	-0.9634051506472271	-0.5251451781143472	0.5862874453859369	-0.5922646734360911	-1.4026882438418145	0.8770106699665041	-1.7627640675819918	-0.6655334327603037	0.7281509326497091	-0.5527390170644372	-0.020821049544145185
-0.49382650971115105	0.14745361576307592	-0.07345386510076013	0.6419365500490983	0.01701955236105171	0.519594345007395	-1.075942734849863	-0.00926808697355187	-0.34295372266177493	0.4791544935725873	-0.22656876966049977	0.31899442759372626	0.11722133974646803	0.12957019999791344
2.0411243003275596	1.978204781016094	1.2136154108928774	1.6981007453064967	2.97977208043036	1.5819643257302736	0.4698502746756845	0.3639942320679292	-0.886048393874934	-0.4372492209296599	2.033300521056509	-0.6023412820463223	0.07907123261470306	1.743993995252396
-0.14077173144323152	-0.8187755466145811	-0.6974491319087143	-0.5706937487040161	-1.505090903753717	-1.1458888790018935	0.8471224337092792	-0.3320725613641018	-0.05361255852082808	-0.33916792410170127	-1.4612786153164181	-0.9282111751351372	0.6457808800889632	-0.7486881858139126
-0.6579729432057828	-1.6887860693929717	0.14981099249082563	0.6599096401317042	0.04080565502737232	-0.44315335386590476	-0.06970230828230559	-1.8105854261567185	1.3348035729222028	1.7370329080582763	1.0760732031378972	0.0998997046552	0.4174269282258298	-0.6859201993441064
-0.7239556109171481	-0.4045850635342263	-0.09088922748345851	-0.4214957811369297	-1.026741970730809	-0.5904683874509861	-0.28078354420947255	0.4037141034598135	0.8269226792275918	0.03325999070249212	-0.6339879817381383	-0.31008572594171824	-0.24084644357012605	-0.5986442368960891
-0.9911002414797898	-0.9107266930798442	-1.31214135271794	-1.5429211337536113	-1.396155362260368	-0.20747127863982556	-0.6755580126599177	-0.128815913183901	-1.1984107637642099	-1.582154219401762	-0.9568420750248186	0.5544212035400502	-0.7048698077180154	-0.6924631836259005
1.053969550092312	0.4167871019112385	1.231673795983773	0.9399184513751512	1.0366631407901212	1.2183360062889539	0.22805606076028595	-0.528830406372648	0.5753844148442533	-0.02656269904438374	0.49719557611653864	0.3468754480594271	-0.5058772324254928	0.8352607922199259
0.5581228934700148	-0.7392082970900233	-0.31551938359670606	-1.125841655123864	-0.6203956628668378	-0.039243108189521606	1.4602703805236923	-0.677128796326061	0.01602428377102392	-1.655083435571051	-0.479110686040224	0.14385726779158006	-0.03757355513020897	-0.325416308268345
2.0269470835495644	2.325870447485225	2.332316144779393	2.5456803075053096	1.0152633790844898	2.3056076931459364	0.1683355575765319	0.5119457720273686	0.39579852525222026	0.0937164438018065	-1.5616755643570022	0.8185125246600015	1.2941474842850567	1.7598734874117927
-1.7857890094295583	-0.8328201643784439	-1.1943300129752785	-1.2316386523641423	-0.35211103777971353	0.0519075747182518	-1.2509160034587257	0.29053685931214274	-0.23407174866580938	-0.7893246196918359	1.1051828488123634	1.704459310973776	0.6275797043015954	-1.1326582208260485
0.8510299314392956	0.8610948088251416	1.1931687351040747	1.23976797214514	1.5071116459675882	0.42018649010786485	0.13384667633359534	0.1258829895932069	0.761318318768588	0.38678917312554273	1.207146600872628	-0.7656601749556625	0.4362532834686912	0.6983143583754792
0.3773731827456426	-0.9156949352411402	-0.7857570089497256	0.19846653853535143	-0.9081803301546744	-0.0021920450507704747	1.1429678507825378	-1.0852681428599498	-0.8186586535718725	0.2898522187122831	-1.0435466445642338	0.4808612729012543	0.816008170136219	-0.42773568355241415
0.5408202371568981	-0.7513183711290602	-0.07920961175860627	0.9426817345167905	0.9642448959139545	0.41879620495338693	0.8731447738179446	-1.303390835005207	-0.10208778608562569	1.1528744865981027	1.5599191647119248	0.4817554716141333	0.4185466385375923	-0.05299319783345445
-0.6829550799222401	-0.9341776518244823	0.5806242564311168	-0.5914497345344243	-0.4703089399715145	-1.100937384379829	-0.7339271910845178	-1.1807092777717554	1.4269614964819952	-0.9858457273594299	-0.401947061332495	-1.5999291471993526	0.468421233134532	-0.31943633178833547
-0.7845280894243121	0.659943812740367	0.11627216750870871	1.1999624430816456	0.1965292067154495	0.30537698398313	-1.43371523067085	0.9710087169367142	0.10344411616799883	1.534600210886431	0.19878305026379944	0.09418976857284836	0.13348182016732812	0.05064221854487283
1.4875662583589047	1.0776587642343864	1.045607824485438	0.10743516861077462	2.092299458921243	2.1542023564090775	0.18992782109886006	-0.27374432715046704	-0.4874122679179483	-2.2428253990977285	1.4148569710714332	1.0896479222678486	-0.35483865352340166	1.312873091229347
-2.079541819237318	-1.0196730359877288	-1.1916969544207636	-0.8572066715942765	-1.4083403925564972	-1.4361272610495157	-1.8574493642316683	-0.2302369491900125	-0.6022483384261039	-0.6749570528468709	-0.7862789516051703	-0.6378432809297929	1.2112767221996654	-1.1237862109136545
0.6296331972553126	-0.2741426515904919	0.2462659126750002	0.6335815765834963	0.35118470144520314	0.19277493177193758	0.6811858669325116	-0.7602735286065893	0.0705768667815303	0.4176677948060277	0.2818839014077626	-0.3469517553383843	-0.09957621297304772	0.20193670816807124
2.2564726008891047	1.3890116730327962	2.577900157437351	2.616134208973842	2.6516800677840404	3.410543688967565	-0.30424256085848694	-1.375041375677843	0.26117835455130645	0.2820195436758105	0.7155349318458077	1.5143008454654585	-0.6339238207813287	2.3408212625957674
0.15754164056670525	1.56014622305198	0.15797081982893885	0.33481784588170543	0.5147759566914002	0.941222133612793	0.13032540516546687	2.467605731351257	0.14630316880357616	0.09164474693608639	0.7253286550715929	1.119609320143575	0.04941075076314024	0.06970063408859772
-0.04244481045314755	0.19226294565644395	-0.13951765800347385	0.5793233654164756	0.4091486501567827	0.49864683358705136	-0.4679283438216213	0.08495885537449414	-0.5755217887686114	0.38662892645782737	0.4454987904586068	0.18763017430909273	-0.25666301226485727	0.19262023488471894
0.9693028853151443	-0.207817576493943	0.9402191098629906	0.024240161446240083	0.6704594850855782	0.7783678349515809	-0.002532506076221688	-1.0656746006246531	-0.685411716105122	-1.3070544403864701	0.1612049814103997	0.05424322205059746	-1.702134141742068	0.7720140122292625
0.943086068860531	1.2825263048610562	1.697686222482448	0.07321530574308066	2.0645114891824052	0.712392372358185	-0.7587449824957958	0.4080669961893966	0.3576811774513154	-2.0792948991069644	1.6464423877035161	-1.0590201111470552	-1.0738351388634082	1.2524531349200998
0.9350056166327041	0.17176716041298823	2.3958910753887075	3.26316135726058	-1.0325856074395996	0.30524270481493776	0.3102699714530818	-1.3348422671355964	1.35277719573026	1.2028197272695131	-2.8135548588603614	-0.11276736005620795	2.3187251541343534	0.5089274898674754
-0.3562383021617984	-0.372295304562798	-0.841663788694389	0.3859084529707973	-0.2793783363378738	-0.029399108599659444	-0.604041369707208	-0.74612183246134	-1.5559573159363107	-0.10192031862194778	-0.5258137645280223	0.026237168367347623	1.0767703440425462	-0.13997627389450332
-0.6375131425664518	0.31964798769264957	0.5720126014474004	0.4073138741822485	-0.29173174956243886	-0.21966363016862833	-0.8886248247644077	0.7022447185981835	1.170188051071973	0.5098341488406293	-0.31644228961360515	-0.46793259783184604	0.17137700726762112	-0.13597424491978474
0.6815378113172699	-0.30484656080476114	0.5356506462128174	0.6938648274570538	1.3592687310487248	0.30352479925506026	-0.4021994824091198	-2.1742025442262607	-0.8305136566270583	-1.17848318077497	0.6782377303968904	-0.9136097129533217	1.1491682157116798	0.7698413225886592
2.6812338161669707	1.7921655897383006	3.74205628813685	2.3599739230711103	2.6128769504653104	2.734532208996358	0.08707604724440135	-1.3949905139071046	1.8682430631838733	-0.7822749600689924	-0.027134126783832303	-0.14341459656257072	0.042012270120899635	2.6207574440583836
-0.3557247649522639	-1.1235153018329433	0.3438120841141771	-0.18956071658432752	-0.18576835279858067	-1.2809177627846469	0.17080970484216546	-0.9330249208224309	1.392882141913774	0.2782778864606792	0.6286675812279817	-1.60912721391548	-0.28033053350934994	-0.5076342426376147
0.20256816397635458	0.1366479016974564	0.3176154624935386	0.6795007885644835	-0.46154136592714046	0.8951970902973688	0.12505876333269375	0.6739445759607293	0.10503284265335995	1.0802501373312823	-0.4105872668628188	1.4176014509952197	-1.1916184569525479	-0.029395152488471646
-0.6023927350914315	-0.7303015738122024	-0.30808189859168383	-1.3678017991996843	-0.8589876699940292	-0.07891221787589398	0.14592825864690687	0.4156567973876104	0.6047555450368046	-1.0706200084365198	0.16946866688821913	0.9988752814360782	-0.839328986155011	-0.8118298550137664
-1.5982693444485314	-1.3854909334580248	-2.4747615507663827	-2.0847294834993364	-1.1889605404951857	-2.0201394044760783	-0.05522335573129622	0.29709711593314675	-1.4825480873787273	-1.2042357882008228	0.6247495680314846	-1.05069020303423	0.12239898915147017	-1.5882290008482067
3.008273822224532	2.8268168258835753	0.922062982173329	1.8110345440016296	3.071623260193011	2.3503159099275437	1.6783947981139251	1.367458531018403	-1.7457690006583775	-0.6695590338448342	1.7762666542332928	0.33085935528581983	0.24326399457982312	1.957688908356569
0.6953220903921162	1.833678769540155	2.6618539362489297	2.844116011623808	1.4194725617743893	0.2131232284255581	-0.8037810157233591	0.9030808161538152	2.047167611518217	1.6171906072955962	0.3738342208475558	-1.3353416367780975	1.4790890906606353	0.9960124617157389
-0.4783938003965357	-0.4697907406684407	-0.004885143597463171	-0.28012666362878974	-0.6741626476241968	-0.8324670835599128	0.04571059640484318	0.20812470170735664	0.8867245285397742	0.18244552735275077	-0.1332048547780244	-0.7985799733984863	-0.23398127010001776	-0.5478693076728511
0.7662793693568237	0.5906000267965372	0.7585220503910064	0.6306961896474168	1.1335560799986784	0.6837245826808642	0.2645581909935231	-0.07121859754137694	0.2888379644683861	-0.4109892809358581	0.8453295177812493	0.007398021044141578	0.5971618852382846	0.5138988082737064
-0.16327587947521813	-0.0020255281038352724	-0.9728931442177509	-0.3865564294676097	-0.3091359160920861	-1.0743955048646063	-0.06071987582402638	0.8425040508864443	-1.59075789465164	-0.2853912957666953	0.25318482888274463	-1.464031459185306	-1.1417818844306558	-0.2791715817495707
0.4018028386466207	0.8830498992162417	0.9672544628383776	2.431407354689313	1.716310154644455	1.1765573022124178	-1.248853710542446	-0.620144234624824	-0.6619332236220234	1.0830789769200087	0.9047148609024116	0.2740220330078591	1.392406737481446	0.9766550924948467
1.8309892590050003	2.222360425077297	1.8943106224984674	3.3498375543254255	2.6736013754538974	2.29033345379238	-0.931472519398921	-0.3546577032242624	-0.8547275191940421	1.036005960809004	0.42827411247850455	-0.18873241869468005	0.8316028272122993	2.2688344815693946
1.901608609062566	1.0214553336049401	1.030008090784627	0.6116844951555899	-0.5442197795133767	0.11777469534699003	1.622609742547475	0.7534740023960989	0.032381914606634685	-0.3998622030526309	-1.9197627758631406	-1.2692522290546886	-1.0671758195131864	0.782806096069918
0.06080789007346181	-1.1387958434641603	0.5010749673308224	-0.8647940665910788	-1.1723549393419501	0.23786865641180344	0.1172117629433784	-1.3990636336735227	0.8191860214252096	-1.3662271904487688	-1.4867399483424373	0.3929212097406311	-0.839628712994282	-0.13143192066119025
0.06754962498782702	0.16270099474286082	1.372669642200142	2.6643603340024686	0.3551601860059125	0.9587434278977256	-1.1646192780867815	-1.218313770345136	0.4873768384498836	1.8497148234500156	-0.7016506732017747	0.6431932120976809	1.587552946251973	0.5761786676995478
-1.363361157189379	-1.8622300313570008	-2.1603339017286776	-1.3762202179990144	-2.113744058241786	-0.42469729032783177	0.041855254439371055	-0.6856051335155469	-1.2451503552572012	-0.21306437258106745	-1.1050306438930022	1.3273408424580253	-0.16190355291883754	-1.4184862406639054
1.1458333455182812	1.2919862265605375	-0.2662484161564582	1.0770392219995404	0.9321440316722288	2.2015692953086083	0.4923004346340672	0.7349105044956201	-1.838013881246752	0.042275698758218974	0.13520045494101	1.9447687054375757	0.07857391675154116	0.8353251405128572
1.1663912333079431	3.185927766841747	1.748482474789786	2.5192152797197602	2.269992990991618	2.738917184680414	-0.9738753599199609	2.2848566399927135	-0.12085318750089817	0.5838786327548102	0.8157135636537173	1.7109833220837114	1.0290586188892772	1.6092020590682636
-0.5315117594563403	-1.080789249184063	-0.6290039454766014	0.24189921222868116	-0.9256496633752288	-0.8131963801836487	0.14732023335175645	-0.35871722530991557	-0.0012240039795396913	1.4471501788401715	-0.11862946842879314	-0.40083387522749203	-0.6985186083437255	-0.7258551923293686
0.26973895347311766	0.6404361299055081	1.7932639473065386	1.8868045714661266	0.7309826604876322	0.6448272442657682	-0.739526881786914	-0.2758540028097776	1.519872136167312	1.0189087852407084	-0.014785178422397623	0.07027309095696538	1.2918084806781776	0.5475868354557392
-0.17272613724767463	0.16591750571989156	0.22862359534378343	-1.2007506436147697	-0.3695652592363029	0.18511135135652895	-0.6089496054623537	-0.03454993614101823	0.06486927019149187	-2.6457010623576087	-0.9270214003125357	-0.3408712729118654	-0.015046433947395767	0.18965675419398165
-0.963205994670722	-0.008772155068835219	-0.7054356128262773	-0.8986068110558534	-0.12181871984482906	-0.9314967389395965	-0.794478635120461	1.3678314088848402	-0.474436824167367	-0.5742386118599176	1.1243375860330276	-0.6842207346389455	-1.0144264295004268	-0.626585714499654
0.8398512177805217	1.1637535065349411	1.0589475281379475	0.1583041475993236	-0.886563813695228	-0.8907514359705053	1.015047530803459	2.114588177276978	1.2825662173095824	-0.015155734996360264	-1.35402980050551	-1.822518809929174	-0.9906495188062211	0.09313050392999868
-1.9979269339035266	-1.9287199520633345	-2.316033986716751	-1.5809210373430345	-2.4744914822491095	-1.735349498009846	-0.272949901216959	-0.24527275506364468	-0.8635573800230221	-0.1904929079516984	-1.1146977095011736	0.1758963525043018	0.910223965183716	-1.963601092061891
1.3741735264624155	1.1651995817954173	0.8292673564105477	2.270221673827917	0.7985123573805568	1.6772256822559735	0.725856106714085	0.754487871403575	-0.1534123336653962	2.207478054162844	0.12923477533684283	1.1274947239349804	-0.6375585647704325	0.8400185719073587
-0.16191644455129972	-1.2875581973954744	-1.0467432867729682	0.5670944845590283	-0.39039013662133665	-0.5396337887326796	0.9471852084050147	-1.1441036968009406	-1.0641399283151425	0.8268002796597201	0.5519709080612546	0.6467697608178294	1.6018998355817717	-0.9214759464312644
-1.9618727134124139	-1.1622717712803043	0.07673604367999143	0.12115022687572508	-0.11559422267544195	-0.8481439110105063	-1.9995711301423578	-0.680679085687973	1.4563437884408885	1.1065192986070445	1.0655226673307585	-0.36876377242072095	0.315689250408734	-0.8170021699492673
-0.6974225507225895	2.038059532967934	0.1613075577626007	-0.01658041491078066	-0.003937762061669313	1.436709392520443	-1.170680648656849	3.329580808834462	0.26922689433638164	-0.5387500945379259	-0.05374987720648647	2.315341061738139	0.7174899249794665	-0.10318693732863639
0.9984131156748329	1.6665887461090203	1.959088409546227	1.964140861827311	1.201128791593316	0.9286118023703004	-0.31490997790703795	0.6680342702070327	1.0918986076577577	0.484376464262023	-0.025861951945272226	-0.3058125328863628	1.1640070066150359	1.0329667826617934
1.0112785302367497	1.817073313187132	0.8126230125511263	0.9133441865515082	1.6488850589317423	1.6179819343444448	0.02371638000888357	1.4075432367033391	-0.2885566769157414	-0.43263658241709824	1.127216125013019	0.7223079322521819	-0.0621816767533556	0.9849837065157995
1.295517645144282	1.028372746502393	1.0734386546938965	1.4217376937698751	1.5963621829434018	1.1126245777540338	0.5041454347690848	0.2909748100742276	0.19327684872490633	0.5923198038285532	1.2346775498432363	-0.004111772472924928	-0.37659764145557734	0.929107388748972
-0.13565063404679478	0.43627400285680057	-0.43539598988959377	-0.9091725100546849	-0.7795311526618011	0.902992379991581	0.06704820597404061	0.9871299350595951	-0.38238909707630575	-1.6413573562079602	-1.0317498596437977	1.6462606081179776	0.5143921046317309	-0.25888237910530265
1.5625123540955086	0.12847789694387446	0.07703495945225003	0.23214127707120832	-0.047584910674606816	0.6392097597074182	2.1971886257991913	0.2665410135827564	-0.29388829725277843	0.02399456884956867	-0.05382870941124832	0.6194414298796049	-0.793859824342839	0.12732525366278843
-0.6348244518489987	-1.9757456731184262	0.25802259741642325	-1.853670448837304	-2.383517271717426	-1.3895853718939375	1.1375182854141324	0.20625448229868965	0.7606560030215738	-0.4889391851807629	-1.1827288100314162	0.5982933345422102	-2.623401477637096	-1.5748180669702208
1.1268328590712988	0.8614038008986432	0.8206892505946157	0.30320267730531014	0.26157009702265743	2.5010283977955834	1.0500554558043282	0.5802192547210239	0.5952270927801087	-0.7253022374076409	-0.41406469264408097	3.1687964838424874	0.4625335576467647	0.4207655365366759
-1.6198244328929192	-1.546077043742976	-1.194085948177215	-0.7695759063438534	-0.32665661960043635	-1.7048407239533792	-0.4895356688186916	-0.45708957804787015	0.15190426084742373	0.3033890143984413	1.617770808209174	-0.6123216811611646	0.9277545571270086	-1.4573742083396557
1.445457559452819	1.0358006505696786	1.5450896692699878	1.714593959665202	1.3529862781731694	1.8174931515448558	-0.8403240665120911	-1.024517879421806	-0.7178628163777199	-0.32281651862479804	-0.5310807047056458	-0.22662717934680096	-0.8698466718466296	1.824480712592088
0.779337692931954	1.248961771033376	0.1103335432057484	1.9785995644257417	1.318776965804325	1.2022425444071767	-0.08928267360975578	0.6831546019467117	-1.1489853685923395	1.5526475516269604	0.8005928848389369	0.37368530412097345	0.26917805026597885	0.7852333998121532
-0.9169271697495569	-1.7541337183302663	0.8047472041357465	-0.4285129569368158	-0.7620333515344972	-0.3660935021436358	-0.34854570124247625	-1.9071659854906944	2.2057893827338675	-0.524111490300142	-0.13150296459759153	0.7766260268651173	1.3399633966170073	-0.8778268063592514
1.440049632485493	1.2495980907710034	0.08009848747295467	0.6415966643943105	1.0770625533981613	1.06488492253206	1.1968030926472564	0.9102349802364808	-1.055263991225482	-0.43679359577592325	0.6226700543914241	0.25380882441082186	-0.04680791681873391	0.7128186859928619
-0.6881243118395823	-1.3819926931281563	-1.7632965982510656	-0.8488872026493333	-0.6850891063729523	-1.396932664336564	0.40770366347081366	-0.43329857221401813	-1.3354080872727752	0.08307964435664057	0.7202962662882546	-0.9215736234555421	-0.5246018834463092	-1.0170931731104835
2.635466033098617	0.26634000798669666	0.12924197278990124	1.6487252574883007	1.4867236579751588	1.5611802808917994	2.806845147102961	-0.8287986545944681	-1.3207572828660308	1.10367085877527	1.1974677833276937	0.8666632485638484	-0.519992994500801	0.8676177996435377
2.3966767213744187	2.7962858561574713	3.721362895291045	3.2811074131587183	2.0433783932154257	2.251836724280727	0.3849499929668372	0.7955307174789366	1.8628123372865208	0.19765887601465124	-0.1865203856975602	0.5596725870509943	1.7936538703397884	1.9602366516021519
-1.1979377726710554	-0.32303290778356303	-1.2276823615928825	0.23768176830199456	0.38082387808605017	-0.49115697588333285	-1.4882650151047643	-0.0431285725960704	-1.480043343306036	0.5406923145951317	1.1315560037509167	-0.5390285749148077	0.3063584675662289	-0.35842745773916657
0.12431175524536214	1.2398497282092897	0.5247605542185125	0.6702655615053312	0.7165390572003953	0.9789811499918355	-0.0980715464994226	1.7118524118081047	0.5961989977611668	0.3417088794539116	0.8543811185915828	1.22660072201195	0.6466777835492719	0.08340272441457268
-0.5569974285707577	-1.6737681853406274	1.8005186736213643	0.5532149204366685	0.08851968415146547	1.5651557346382001	-1.2758573051478843	-3.0485738804998377	2.6899109726113046	0.32673415811944695	-0.11157066747510552	1.9737083332483607	-0.13716539099085778	0.1828092211574466
-0.8616332730154114	-1.1728075610982531	0.09164681772134664	-0.24480056449357207	-0.7907356766498946	-0.317864101845426	-0.35578485860752845	-0.6137957534620895	1.290785750264262	0.5731114697864591	0.018717662407001668	0.36545707287675633	-0.42656752744683696	-0.7192166035316321
1.4981280807678758	1.3883071188579672	1.222864641678239	0.571062275276206	1.1663567577596257	0.8546362526096278	0.8139149191933307	0.49650032538513306	0.14789428100209112	-1.560461229025824	0.21265606057072028	-0.12367381720858475	1.1845478414621466	0.853497355334458
0.23967625345506538	-0.7162237764002396	0.601217375415692	0.29219716266405427	-0.5488676505150573	-0.6450848833138646	1.2888637056161547	-0.3172883733614013	1.9491934951183087	1.0127905511492081	-0.036782066448181945	-0.4147109410943987	0.3056802798465175	-0.5869868083527023
2.31564262351051	1.3837787622259587	1.246906829588403	1.59323297151668	0.41879656401015886	1.5076579200878606	2.1110768861505504	0.5183917344578363	0.371995959054478	0.46819246485522026	-1.0798165854106931	0.6339572187528776	0.5694813861569763	0.9588474443198617
-1.1489117915327598	-2.7731299548899315	-1.8165702630777258	-0.6189600746256914	-1.635918446931639	-1.209293773960072	0.1324839620354706	-2.7187847120766335	-1.2229981781698347	0.13415580658112816	-0.7256888380623985	0.19172890913543894	1.2385383248962993	-1.3895667926232114
1.6842317144551697	0.09618711283610792	0.5413566399660127	0.5711983304183701	-0.2439964180694308	0.9903082898293512	2.038054078954897	-0.6299131971743697	0.1920711516171659	-0.20225610477195133	-1.1933446062169621	0.6868465553509039	0.4005284499220133	0.39402934115632704
-0.2434887657415724	0.18329797914903317	0.823275466380332	-0.2932768397762614	-0.6802762201729574	0.2075192046019554	-0.4949311783015563	0.7232132101579668	1.2328187763791953	-0.5038506582721965	-0.7532311282402223	0.25740813649914307	-0.8860269613152583	-0.07342455468269529
0.4766178061094951	0.9750995369349043	1.1847691404495815	0.07817134703917117	0.5589625654893822	1.053023811018563	0.3812633236138413	1.1646226505687747	1.591566170764949	-0.7468180881187116	0.48483059434534426	1.236401383585598	0.6323535303075187	0.14985524053213575
1.84155938826366	3.117847315047077	1.9907556690710089	1.698737536023895	1.5239304640313058	3.174737045552103	-0.7949786779255407	1.7905580020164826	-0.5609265707215696	-0.989585351683268	-0.8927065960239972	1.3872431377304202	-0.7918960826373818	2.201891730364664
1.6020773200624525	1.916594301215121	2.3827994546249687	2.004043484721716	0.8316899061014902	1.743341513545523	-0.5121931569272816	-0.09326877300590232	0.677687480783372	-0.5306431265252508	-1.8458214789189773	-0.21781259711491202	1.0178387834851839	1.7689878083216255
1.8203336654569777	0.03345627345693902	0.8697903976177686	0.5189385691650525	0.1497953630460535	1.0124886503937003	1.8742642302733161	-0.7897569930889409	0.3391826568042075	-0.35242178320306095	-0.6036615705049524	0.3789923515517049	-0.5221798624139996	0.6117464417931034
0.15276078624794026	0.08811197610935037	1.092562506307963	-0.8735491685968899	0.760198833571841	-0.4134693201365642	0.21290024763023652	0.1030330410186201	1.8115642242088201	-1.8354436253031212	1.2232668100589597	-1.0249756903565523	0.11703903407466812	0.002884344683244693
-0.0669737810144404	0.3439014437078358	-0.4421584370542311	-0.8208373778877844	-0.5534677319919341	0.17728454336030153	0.9087135826883018	1.608718057704542	0.29079327219970275	-0.6659337483422072	0.11310209349043518	0.990128215227997	-0.022948326992431184	-0.616739725516403
-0.6291518899200711	-1.0428349093620468	-0.3870540134990564	-0.5812469017998764	-0.36567703253848055	0.252608453652055	-0.9666296045818611	-1.303622594401042	-0.5250081262587466	-0.9160898774316886	-0.1863677155900908	0.38146731714901166	-0.5922733517247712	-0.14220668237646739
-0.3079984294146261	1.1709719896179513	0.08794930098753806	-0.1008902350546349	0.12062730114033149	0.07913893695511198	-1.5591440323419077	0.8947268979420657	-0.8430443938992926	-1.572802363107266	-0.8546268955254763	-1.151820134443131	0.2804540313009415	0.5780450445925237
1.5058512297488886	1.531439786749961	1.869688047536915	1.4445241308536603	1.0454830263401393	1.5923385987913383	-0.20381472243310347	0.2127992629203518	0.43269488449011917	-0.31991172119743577	-0.6108791695904895	-0.16532644359965512	-0.6320576130327776	1.5301717516043052
1.094962656062034	-0.15377837523114019	2.4269034600880683	-0.08827858173149439	-0.20598537178870857	1.7279145498952593	0.37641297809112934	-0.6783745363306987	1.6467648777506212	-1.2768284310904738	-1.1221673503194614	1.9302516563647618	-1.9855564637223762	0.6503576393117543
0.5194554227963446	0.3742690976532646	0.8354085530976179	1.707333729744671	1.7972529275681104	0.42686883716602686	-0.3173657934033677	-0.140463124273057	0.21822090435520627	1.6796742176664914	2.2112673470044815	-0.5429892009992565	-0.7164066718564873	0.6018283065883963
0.007964465433204948	0.8620011562488116	1.3726819118643188	1.8140886393461175	0.8403825539818308	2.082201082470303	-2.0751181376600973	-0.7392474667841522	0.13937364107304534	0.32312853591783625	-0.7352009187638324	1.3927631661151272	0.9093170586549538	1.1236862245883121
-0.13395312121378625	-2.6622237929765813	1.7489462701622087	-1.129574331560057	-0.12049412784557678	-0.6131176303594437	0.3596396984340822	-2.4741307821581224	1.3223669058512548	-0.8745679985255165	0.9378299497599613	0.32089972143974754	-2.803991109501631	-0.6169471017813818
-1.4691614379150533	-0.43156194597792363	-1.5706586414602193	-0.8239082051981961	-0.7785076620080633	-1.741412127348105	-0.8096836854621898	0.9082908294273586	-0.92238712687293	-0.09379070462602075	0.3313186885012869	-1.5000025267857404	0.2842446026413518	-1.0333853641626092
-2.185600780434333	-1.9612441103497356	-1.3815229728177836	-1.5308191689371562	-2.425068423225654	-2.1423500829433735	-1.2518943212454634	0.09255050676615754	-0.7152981287613099	0.13788239663291552	-0.9812311947947687	-0.7342372575445502	-1.8605405300994438	-1.6446663083895416
0.16242315359934814	0.49762329488252927	0.15457059619921296	0.7747696643229081	1.4238385558464812	-0.17118713379018563	-0.2510856731239127	0.41015014732117727	-0.22330254055366255	0.5346983561543585	1.9536166112769804	-1.0868356402441135	-0.15961698750709719	0.28345660399124234
1.1156511776280968	-0.04429590846585363	1.3971720702198596	0.886455893652693	1.0564171390121757	0.3328853373191068	0.9247338052156218	-1.014738004945376	1.4422174473618985	0.19560213024260745	0.8202679181505733	-0.6437471995876286	0.20593616933267397	0.5233596606348372
0.36069026188761644	-0.2719371731052319	-0.4207072193070331	0.08126280773806141	-0.4284847388748858	-0.6493713831182398	0.3181154931777157	-0.1967112181112505	-1.0626902862018086	-0.053736787725885186	-0.5032283244808099	-1.336363264199222	-0.9505471289353781	0.036198983548593994
2.556956188514201	2.987552458278335	2.125100104020777	1.8992075123215177	2.2872319592919035	2.4491807515833655	0.15137682994412074	0.8627349094375333	-0.5199174174008732	-1.2921876665664092	-0.30397234260796874	-0.29166304736499077	0.20726255923194753	2.4284590007694256
1.4811831648113076	2.1237764017684624	1.37058899611136	1.9444526680152383	1.928333666992676	1.4786077369120298	0.5667049409222635	1.636719367398082	0.4054967870902336	1.0034609020648186	1.3110082588107494	0.255268916987338	0.07841879472866263	1.1260610223838805
1.4340773770392377	1.0402333460801434	3.3575658536746484	3.334123749786115	1.3443629869722948	2.6269613258669846	-0.26218484598472275	-1.3142875385346389	1.4083791142356703	-0.41733535650754033	-0.22362841083667154	2.3846147326195943	2.415375310392613	1.3457308071224041
-0.17725849112625042	0.11976087197862763	0.3271118028942414	-0.34103243110658127	-1.618883527887915	1.2268951137183213	-0.2706467225455473	0.2426525159816174	0.5787879526536496	-0.8587953404688615	-2.6550893168368352	1.7454739918294009	-0.027587286201982447	-0.020313180369946317
-0.15985272228593872	-1.186297956239113	0.21533638431908492	0.5249419968621619	0.060780739399495604	0.8715685059376709	-0.5743467519793831	-2.293379254468553	0.10346249721234872	0.21494569040894643	-0.2141498234729056	0.8925820135586734	0.2399106927451958	0.1417474578929797
-0.4237288290467835	-1.6172512566980253	-0.3806848313774363	-1.0936104558967672	-1.4242797698016008	-0.7746158018387262	0.6781657546693602	-0.6428387833285213	0.525477594694886	-0.27309528250418535	-0.4129196348871498	0.2405235147097472	-1.2111057806379835	-0.9893268305733157
0.7127835096862645	-0.6182126583753095	-0.034815321276813194	-0.6616449918220813	-1.082226058231555	-0.14893778712121025	2.333444150744949	0.3244109965421803	1.1464055589839435	-0.0983039004928455	-0.45106375661856773	0.6795609963359115	-0.33725921802461645	-0.7454074126956943
-1.1120581485580403	-0.8695663006617962	-0.3680397037568007	-0.8114687873457112	-0.028043107674283307	-0.4332853691428561	-0.7705161479081206	-0.4430398980311084	0.4377389686755187	-0.838137066566143	0.9912348839577199	0.34134757342900335	0.8395532129211808	-0.7716530044273674
-1.6164357209624964	-3.1059279515924363	-1.934055785434445	-0.8936510242544674	-2.082020288594118	-0.7421221467531001	0.45414697746361277	-2.1073274442125505	-0.11280353637254031	1.081158996316311	-0.3673763882293377	1.8984150002115234	0.8546676010998546	-2.0124650052848767
1.9402825283609881	1.3929553151440517	2.3166856977811823	3.2269756136658714	2.007179072728182	1.5523273675590872	0.31025701829842595	-0.7182889970031077	0.7914397881357554	1.7151390375700983	0.37189700701247874	-0.24812374833345466	1.0826367288191354	1.6074013675820893
0.5602192344505345	-0.8637510212426515	-0.10820499379114629	0.5974681203108121	0.03666115419130195	-0.03985530870815801	0.15003402394546872	-2.0605629579268543	-0.9096588508946358	0.031247835621879903	-0.560830218294056	-1.0957784674479625	-0.258299291942746	0.42424661190201035
-0.1064601858057812	0.34456631529729953	-0.12415837894354224	0.5769592380839152	0.3628961502609057	-0.24138972008138213	-0.12399930644616387	0.7377592283737726	-0.11050585106253531	0.7871038552050509	0.7680281858954671	-0.6244975313275548	-0.17169320906550403	-0.06375057991386324
0.5528576766413946	1.2574689916664936	0.09396062449365405	0.28026948954529096	1.2817830813722484	0.5630825686166432	-0.4416423729053901	0.7246775874716224	-1.1544228519868631	-1.2473690240373227	0.7659281658035999	-0.6781095561004102	0.23587979533693643	0.7754864801161329
-0.24374575001747992	-0.3425271099328707	-0.9938144397066544	0.6745663455457164	-0.793862950398196	-1.1175718772202887	0.2528166146255232	0.13773439357781353	-0.9748857034961871	1.4986255328557916	-0.6145160945105491	-1.5116170937360558	-0.0756940527338139	-0.410028935532796
0.3031910949159103	-0.4406968747992188	0.4264508972393666	0.40766903036188173	-0.2764841789954854	-1.1953218338680922	0.8926234679087517	-0.4212665016794212	1.0726733071717858	0.5081728735463615	-0.11770938117485634	-1.6316829317857888	0.8223653728912372	-0.35241004836981354
0.2585427365084567	0.282823301571195	1.4060832139222958	0.19679055569855453	0.9376304802940812	-1.0048129342563272	-0.3229874810772388	-0.4437046371559181	1.2826547208592003	-1.4031697301678507	0.7670012050655199	-2.2265884559838542	1.328988231345988	0.28324843759554824
1.3732121880515409	0.7643369394702912	0.32047334302336716	0.6864381934608126	0.032355738591572814	0.5391134425923989	1.324167500969864	0.297490518788838	-0.3734648023879804	-0.18129813103190917	-0.9211104566858779	-0.30006449411764347	0.29131846920286647	0.5275789343564151
-1.3737240291793547	-2.119039980877107	-1.4287080104346306	-2.325981503968445	-1.9140833096293726	-1.6093447624963768	0.7773216278838104	-0.20381585779639114	0.7434122464672106	-0.9085799844002834	0.13348216184217684	0.19987067934457056	-0.42734866119576476	-1.9112807339601194
-0.6695990415652605	-0.07079275204042856	0.22471136476099507	-0.19982773149530736	-0.08288646685167156	-0.8014749785035749	-0.15354061094768504	1.2652463587393559	1.3449505607540533	0.6479367482797603	1.224884787540253	-0.44315963297611094	-0.7200032696525962	-0.6859399133535228
1.264433821154129	0.17795810392480155	-0.1254933576726489	0.745402687560802	0.49204464575702267	1.0210717821055435	1.2323282396830904	-0.5027133929939109	-1.0519435894566285	0.10750680391408528	0.02067573060220768	0.5324826655881189	-0.11679273779844437	0.502944687280837
-0.9692480135709949	-0.14861851136203968	-1.1710662144587733	0.6430197690592425	-0.2236249752032909	-0.9173611993479684	-0.6768315389917178	0.6205856575543688	-1.0295700008548698	1.4660113780669732	0.522823924377773	-0.6279186387729256	0.7970327587052433	-0.6803764576357096
0.13483392150981982	-1.0482191055102716	0.006723471439781387	0.6169199324163239	-0.4181784515785072	-0.4063315348026623	0.26679982481905745	-0.9779124749536436	-0.25713718070229824	1.2649236851336847	-0.048398578440607284	-0.43096007585859647	-1.3336812705582801	-0.19473536642642936
0.657098267879928	0.05449603494677158	0.72615348168007	0.9399571184447696	0.5639709399347241	0.23817744894475656	0.10531248719488855	-0.7582349389817855	0.2707978957505396	0.37656612334610245	0.0902841023143486	-0.8512351103606529	-0.22193402016355845	0.5538238023685546
-1.546221624903161	-1.3808266082549936	-0.6967549707119788	-1.362280222756521	-2.1691862216710813	-1.2364327737091212	-0.0390627889158355	0.8162166355527074	1.2588038215465778	0.38467279104790153	-0.5553727549868762	0.5419070688863391	-1.0305543537337911	-1.6644457188398598
1.4422930903244735	1.5410317864085163	1.4212317730870605	1.993593690243493	-0.2654147717699291	0.14330792347395882	0.5849346338484694	0.5565074208976523	0.11208565881992881	0.3260012304974758	-2.289171421791071	-1.301869782372486	1.49210141599833	0.9087070506702588
1.8905250117202819	2.382611789276106	1.3397071927244748	2.2627407604187333	1.4897127787010762	0.41878984475324177	0.5826050134987814	1.0957221138253634	-1.338878790390232	-0.9642578213217468	-0.0148328839300289	-1.3532377827775486	2.029470408307605	1.3192844393193668
2.6855321625803743	1.2633267067589573	1.626728246815285	2.5787282108342087	1.3948642528137363	1.0751018428983437	1.726976597766267	-0.024929349663451804	-0.1989566339536196	1.687762452637673	0.12303910799971664	-0.8568253828691658	-1.1090648070081397	1.5000972779586563
0.3618124742746044	1.761912815506967	0.8735454653025773	1.3531156725892854	0.26308103505779556	1.813309329546931	-0.9206068263277221	1.3994186486893625	-0.009653215717233196	0.3667164847027278	-1.096956706565987	1.2717986305285007	0.31190735740641345	0.8598801548120667
-1.050112791651526	-0.4518434652011779	0.45799926181642664	1.925270855212363	0.02801896019329881	-1.2026441412001125	-1.7685636975162216	-1.0451819753478813	-0.07882371461282707	1.3616972741082014	0.06305877155151242	-1.5694219186977791	1.8784552415232276	-0.20042532829709475
-0.33481001001221045	-0.07446338814746399	-1.0949354168801788	-0.6102562146297117	-0.6544509422486247	0.15647349152915188	-0.23747727103117927	0.08561885473223954	-1.6328716202867177	-1.4102636407105613	-0.8200750780082615	0.6550024047037463	1.0505554299008395	-0.33594578696697563
0.09041688560504368	-2.1730014078637274	-0.45472563052797893	-1.345956034635762	-1.7202768111744309	-1.5125312804447466	1.1314523899431013	-2.154668503304867	0.1887226015007986	-1.2012661389643176	-1.4325613881882278	-1.5568633919933177	-0.8458103775278841	-0.7110382303752305
-1.7009361001399297	-2.0976457532434303	-1.634511368634548	-1.9090849743789338	-1.5515937408445963	-1.8311529229152759	0.10974662112858766	-0.5959861532924251	0.2552268662815555	-0.6917764085511134	0.3264596852014765	-0.2218743116967818	0.6096944133603402	-1.8619929439400433
0.9218360010236257	0.2920939582654829	1.6627063640911601	2.2416728604473883	0.33197272711300185	0.026997112743492202	1.5015758495725797	0.2848692179777861	2.4059522874110257	2.688650168066584	0.4787449131620718	0.2267098238767873	1.3601237241401187	-0.1508523173492125
0.519973590495949	-0.9961805942033171	0.12694927035048642	-0.6700820570522203	0.11802044781003297	0.6656816116647175	0.9987442067925414	-1.545057762666849	0.40294039270930043	-1.358315256301508	0.31436931186228045	1.0295293908097483	0.35284410769333835	-0.13971475814187548
-0.11787479581701682	-1.1356278767386052	0.16625825719229298	-0.9068340697928352	0.5994556485568591	0.015917104469127308	-0.08938001769009993	-1.0566761685271742	0.07074554841123135	-1.208737646546826	1.7135466290958465	0.3396683356511767	-1.337706592152097	-0.2340808571918812
0.29197856342445017	-1.4864968918082013	0.29548884932225755	-0.03140038636644035	-0.44388296092838897	0.07268118572163418	1.2685841740695332	-1.6967025222546954	1.2994193273020134	0.39386224522146174	0.04102243786971437	0.5984197984090665	0.0857981687846273	-0.4856350122123095
0.8083366188195961	0.48591384777557056	0.8521922410199398	1.6762757060402338	0.43620959484044053	0.2446465205100029	0.3003744729374519	-0.4240674957524243	-0.03895249623342503	0.6086626436430913	-0.35084396656945227	-0.3748320369046282	1.4623133417265128	0.4478916768817226
-1.1715034052647597	-0.6893917317402432	0.2456157211843797	0.8053760693722416	-0.48376891610477846	-0.9503457315576426	-0.7837823867161443	-0.306656374510259	0.4649649594256628	0.1249621720053962	0.45617351801308625	0.1363722530997386	2.1156030647455917	-0.928518519983206
1.3332508724319345	0.446734462472433	1.8876746293588615	2.0198603962381996	1.2588292058856791	0.41428681366871356	0.2448127504234813	-1.375105774973393	0.9328884465722159	0.5175669961117916	0.07389090205619969	-1.1315662541471496	1.2285040629916326	1.0260971148581421
0.09125188733632794	0.5783093099175076	-0.15760919240972998	0.15510809671747783	-0.561507512665185	1.734497969484904	-0.2770234996215176	0.835281426720503	-0.6397166711500877	-0.2385961274291687	-1.0711779290196193	2.303468526099406	-0.4976982419427148	0.17668010227374878
0.08087134228079057	-0.3749536503747738	1.836489973583524	3.3337541897724736	0.1451133836451913	-0.5831164705112487	-0.31939946748838416	-1.5560954035253574	0.5199127757027958	0.309412890158508	0.10250775393590572	-0.6765609922909355	2.753706631775092	0.007962265385422216
-0.5057085661936934	-1.6524411332197237	-0.5200773029728204	-0.9076336037147815	-0.9846544646983237	-1.6922258450427343	1.1082753258053908	-0.8713051820718549	1.0724431246039008	-0.09864072171917711	0.26761944369447743	-0.9123931706700477	0.7838560043530005	-1.2864292248472111
-0.2862062507547372	0.1469310694624387	-0.26987740533011473	0.7111624337035257	-0.6676537405063053	1.6095180357641197	-1.1226094216448488	-0.4083396609494515	-1.0440917930284839	0.18922927876757265	-1.765311938309543	1.781178762817602	0.22941910216290276	0.34605104559952904
1.2670819355238594	0.37421532716863626	0.4608068473744545	0.9085951420765599	1.2088094141830845	1.0700584299798332	1.2137131052357095	-0.2520951672052269	-0.11939937057203395	0.30501699370649615	1.1388928455488032	0.56325551784753	-0.03373234034440148	0.5322188955606527
0.503439279711386	1.2062418003080009	0.579869997271508	1.2604965714778946	-0.15441085793758885	0.6719300458749429	0.8420375474073214	1.7744886226509993	0.3212150824458275	0.5832691036078008	-0.2512002383726058	1.5040109807665194	1.71571444238894	-0.20159426176038683
1.769232787713877	1.0051443049114999	1.3932923381858258	2.1493614989007277	0.9137366837145027	1.2601455466116982	0.6752979248175152	-0.6323857722366343	0.09767140230819729	0.8864217700295907	-0.7768544930121488	-0.32140217554852396	0.523846231088664	1.2798065220357477
-0.9486603302320726	-1.3890909949392607	-0.9380696348866014	-1.3237415554869025	-0.9695064544906772	-0.050916289973970574	-0.15796237973292723	-0.4119239593678898	-0.16994087704304073	-0.7257495906377253	0.256274926244729	1.3164072495774235	-0.833850648794215	-0.9751664895596837
1.1906388182387904	-0.023838539793829105	0.809663270685739	-0.5862277729303655	0.38665841244604143	1.1488294388288531	1.4361659170041365	-0.40861114824933303	0.8578068523458172	-1.691704960144417	0.2742521390373364	1.1306389595873971	-0.28629196270367036	0.27858654169650476
0.29124465127513083	0.6992719382973251	1.175920080637276	-0.40461105732216757	0.24396085116215618	0.39098756359235215	0.142852254588235	1.4343316993425994	1.4642513906253865	-0.8819487119930829	0.606820071923562	0.40284856054013196	-1.0948296579419992	0.057638850280165334
-0.885527426312629	1.1472616489237673	0.636398559110734	0.7130281580642119	0.27276266008819483	0.7711656706526002	-1.8350164225972698	1.5283527638007266	0.7588396618842737	0.43464099498741754	0.07538458832762353	0.7442402865195114	0.435008795332043	0.14324823157692268
-0.6237405439340056	0.055154912949550716	-0.5514043844780221	-1.4399677867171359	0.6511827080664145	0.8289606327188763	-0.8496558643088322	0.5895800593029452	-0.6785063153212395	-2.2725461468526107	1.5756568249692753	1.418226440372833	-0.5106743475198575	-0.1964582531282449
-0.8789784359352846	-1.8094367961331728	-0.8181466064884403	-0.33040254020533877	-0.9433764572326394	-0.6858046683730196	0.530129682672198	-1.0965383173300651	0.6016563450622694	0.8788132606139968	0.37807149273359214	0.8304789438156148	0.8344651865989322	-1.31840684305492
-0.2557782274108744	-0.9884417522569126	-1.252913079225963	-1.0855590655176655	-1.2327749436879278	-1.729524890785315	2.420794748378252	1.181000575831507	0.8181916490702604	0.659408644570199	0.7766469816657502	-0.24011193594175878	0.37323192263631166	-1.771688482283079
-1.3959311481264591	-0.09495592349356596	-0.4377089372524939	-1.4480492374533769	-0.027507318918108203	-0.20137222098607926	-1.2741940589673781	1.225769739588108	0.3674644623261106	-1.4056171144294023	1.3288762393650597	0.5802493343135017	-0.5541113617599198	-0.7195954948944467
-0.2403542246069694	-0.43710616089818355	0.01709246236099654	0.01190841462810599	-0.4272110254489495	-0.029353839976670737	0.157129791775727	-0.29754128791809586	0.405406945084826	-0.21285108638529487	-0.20354071466226178	0.6241127214179665	1.141987863816081	-0.48697896091054227
-1.2320259797038384	-2.483108457312082	-1.1738957577700042	-1.1517563274136768	-0.544269868315382	-1.170731749685278	-0.43011072623936236	-2.0274350054618213	-0.3685609606076927	-0.23410355346263426	1.171184397983128	-0.34337410838960647	-0.8488666958406238	-1.0968741148668641
1.7369257956389845	2.298634322342376	2.3495348560989493	1.6288113164159803	1.7804675368942964	1.9655762205062202	-0.576771978873469	0.34148202004285366	0.5035526959244959	-1.1333586735651944	-0.5194510507298467	-0.40343259377225893	0.3647571031886025	2.0207936896789436
-0.10545265122977039	-0.18847574644270698	0.3166058758209496	0.342193241474802	-0.2419267224035852	-0.6115615945448237	-0.3109634929356236	-0.14146392705189847	0.44302898915946626	0.37269856483233954	-0.23786160278059937	-1.3076761612345016	-0.5109052194366142	-0.001416346324245072
0.5413621022921306	0.5215162615548279	0.3687576612005996	0.7659201475441533	0.595720442187976	0.10220915788933736	0.581368030697568	0.3524307751935167	-0.15648072854343764	-0.2416424908333821	0.6456108987221824	0.13430159422911048	1.5064499537680558	0.008767805685106635
-0.14973748409951443	-0.016935204799159234	-0.059767414267315716	-0.2330411077588489	0.32803325114318194	-0.028579138382674396	-0.4751796223605608	-0.04305318777035048	-0.2662101303951862	-0.7538032049297454	0.5297265645652139	-0.490006243650568	-0.33982723255067454	0.07686215437318596
0.5051266583481473	-0.5027498446194196	-0.6786819953537098	0.43533430419226904	-0.5707390576331931	-1.1382509172884727	1.140371972814887	0.15276664326265058	-1.090631386046505	1.2014899116738715	-0.06337815778492129	-1.42835405039054	-1.2608331364033378	-0.3422432032963425
0.479697306309922	0.9731429800533044	1.3997016301453762	1.380180251134335	0.796711731146104	1.0768504718611605	-1.3039654396439406	0.1537606957347217	0.04765353534978234	0.34475405699537337	-0.2180962179954535	-0.19269760138148073	-1.143506839540127	1.1095879305204968
0.34147171417798305	-1.0236105442374308	-0.8128140163969861	0.09624093207048134	-1.195885014895262	-0.8173374190105744	2.347287857216808	-0.03782459688919849	0.29759757880312226	1.2287387908320784	-0.2648182912437589	0.4873905913963265	1.045633679427197	-1.2100425219893511
0.03837400759562937	-0.4608231280990419	-1.4911623513399128	0.8805468879408545	-1.2357505946357898	-0.27292460449601574	1.0673730860071902	0.2118694827736854	-1.4239554163791561	2.079468633674125	-1.0754799749591875	0.362542167510538	0.4239830199615262	-0.6727414217555584
2.104183545947194	1.358928950513071	1.1236647722033408	2.286077426232649	1.0917920373667391	0.7185846074180745	1.9990865624330192	0.6084312508597788	0.1061621235504903	1.3969394943112459	0.2662790578756727	-0.13951396975062585	1.261896640220453	0.7414908719531131
0.3915776283812583	0.15082947452172193	0.33090067745228535	0.09886228939765873	-0.2883946056007335	0.8970778275511828	-0.10846756240131211	-0.4054246319679479	-0.16822644688955926	-0.8295365086151251	-1.1377023611230666	0.4552445253749413	-0.1623907150750613	0.42656239671750296
-1.3098205905884142	-0.5216386413736751	-0.5267882382219564	0.34466767965034817	-1.7580472983443376	-0.03413741040035112	-1.4675668310706511	-0.1966206896506419	-0.1248690297527086	0.8412527750464673	-2.245813138237192	0.5380885814561015	0.5948527072085654	-0.5226367690250031
0.3722364712852786	0.4627361646115587	-0.04851577588242184	0.6168111124719388	1.3304605265921192	0.817501426486722	-1.02274990172552	-0.6557277105137878	-1.6648144321702147	-0.7504120440599332	0.7881299527784349	-0.49404975026847564	-0.34911746095541957	0.9259962831109152
0.823684671270116	0.40646889379171713	1.0816595386146588	1.1435036024479046	-0.0587395012841318	1.1431809833757038	0.4601138365690415	0.19792558074518815	0.8910829294205271	1.019987833764776	-0.5996389551255159	0.9325695377297374	-0.7435759639397552	0.4364287381325553
0.6816570934939812	-0.7743975508100044	0.458134829642714	0.6836496375402125	-2.0572580673125724	-0.8476844302159292	2.284908605777813	-0.0497874715989067	1.9500579136431886	2.043717643458836	-2.1880497684621334	-0.5494580363413514	-0.14274858734757792	-0.7159753503811448
-0.9479995857047343	-0.17362044763677692	0.9272271611543911	0.2787005141927265	-0.9767164932562278	0.7057948849159028	-0.9379638780950448	0.3136750386034323	2.2303622421839098	0.6694888538098898	-1.0149763729301078	1.6859793208137606	0.56462532951102	-0.47475053670104034
-1.406270420958292	-1.0562269049482453	-2.0673191777541757	-2.4468210791217366	-0.8792192407940929	-2.0138535391150563	-0.41857304915679605	0.16346787980082866	-1.4935020351963868	-2.4890176759518785	0.45852567663665794	-1.7333795623330934	0.09324653540259215	-1.172956939909261
-1.5258402079181084	-2.105557546105517	-2.4739146026707477	-2.1432846736689695	-0.9029759486130113	-1.2676183843619413	0.4822123711244187	-0.20445112634608234	-1.0423069083077368	-0.6311025422737321	1.7944976190365798	0.7400790704792692	-0.4600948198270893	-1.8908679063324498
0.737652110250389	2.821065012736835	1.494869141747438	-0.20094957507164057	0.5543018550697957	1.5706706052244381	-0.7289622147635564	2.7400567305141745	0.5718149681104433	-2.6338171665525683	-1.0377011435007761	0.37579597389709724	0.1482245996886548	1.1473860544905996
-0.42627684764042933	0.152451158361402	-0.026081285060294224	-0.9967380564484025	-0.7051909879550547	-1.065861608699675	0.11523072711872084	1.4443960135219625	0.8159868601116234	-0.8560876768974375	0.0023300072398328487	-1.0633413434311025	-0.6147041056363505	-0.5912456286245054
-2.20492204056041	-1.0829276437559743	-1.4373741578737202	-1.9073746563561096	-2.26558665915266	-1.720678658215264	-1.1275774617634566	1.1897337577249734	0.14415806042127247	-0.5954613224194345	-0.806045248059332	-0.36921834523271296	-0.7706276092240292	-1.6426423765461524
1.0766255294888032	1.1382185408788765	1.4588444265457592	1.517876209620037	2.4493482258117556	1.4224681766670084	-0.47259910546731204	-0.425006283959814	0.18069651297035616	-0.226746493805001	1.7780149480497125	0.021547692264831456	0.6897920903091139	1.2552638931929423
-0.3445203852594267	1.0158035994204044	0.4360374682571049	1.2152857577981	0.6372981344253795	-0.4805187831254738	-1.267487880933805	0.9974565766624354	0.06665069688266119	0.9940488132439609	0.3667126568335738	-1.7869502454909363	0.12107126854403726	0.3931153997141357
0.5771674544976607	0.012152641390272959	0.6688044054634676	0.23068367132328801	0.5067594442212616	0.36046968551550757	0.37732596770811844	-0.2053650791930805	0.565888953609054	-0.2247335481562511	0.6069411666983685	-0.10057120368948383	-0.6043082549540097	0.2562333398969232
-0.1464347678486621	-0.19848232893458362	-0.28174216925191375	-0.18472287396905582	0.8966872772156875	-0.3330719683225253	-0.6186874568305685	-0.10825884670830445	-0.9810800842541267	-0.5554408267642537	1.6534586850505084	-0.8491154303212557	-1.0659388592952204	0.07966075094944314
-0.35035530448701724	-0.19811276806540573	-1.0453543030352115	0.6584889072239065	0.4172272227164985	-0.2734939339975879	-0.2203986555905521	-0.1460055451268278	-1.758759463966244	0.3727426314017827	1.0242143697478518	0.153651155008605	1.4230677557304339	-0.3951229921353958
-0.9948604158757142	-0.7277323330360161	-0.07511020270227292	0.6248656262796929	0.25466513962790505	-0.8048247652622865	-0.6386020934366503	-0.28465749982766514	0.8239549020911272	1.4334256844815652	1.3958347751462503	-0.3007700299017159	0.9327510206947397	-0.743488037278365
-0.13625768777337555	-0.1271939028381981	0.5838881524702233	-0.3156389298131861	-0.007966183898778956	-0.9689291805585748	-0.3727619390658199	0.7168940288878806	-0.2578219912535729	-0.33628616711686415	0.5062782550681985	-1.217451713366185	-2.094139228523879	-0.13850247446615058
-0.9724943500564138	-1.2098840872519345	-1.118423526016441	-1.6649934619152609	-2.521957224720303	-2.2057777539220464	0.31019518164940946	0.6547088793035892	-0.26431643744588534	-0.6430119322718076	-1.6597969080895196	-1.5282028715777118	-1.3612841686389243	-1.3304525811063033
1.5463737648223228	0.4946940679404158	1.962600715968636	0.9311578541758215	0.7864529888070675	0.8950367147816678	1.557027483260653	-0.07035980288683294	2.2976955270055273	0.3177018414536043	0.4154831859996765	0.2044102088736698	-0.19668303443102506	0.5762465565587206
1.0414946110052785	0.9138123694836058	1.5131618049915332	2.461073623593693	1.3018075126949005	-0.01159620022187613	-0.3557267749704959	-0.6404633769653724	0.41015522335189514	1.4598147391137077	0.03456419672885368	-2.1437673470996357	0.8080444393067895	1.1364815078014712
1.050914453003643	1.309089349954368	1.5346826705657104	0.8052159781543022	2.069263674732627	2.51177404675384	-0.9904081733453878	0.006089114953791225	-0.28824102708159005	-1.2904291057576438	1.219642471930932	1.4969379373292997	-1.0036479073117002	1.5061654624444334
0.7593116018363152	0.1272895036537708	1.217760793903038	0.9033620616766678	-0.43970540792258606	0.3785598027624333	0.8936751606599923	0.35358152435186047	1.60227078994389	1.2117747662875473	-0.6301339924817285	0.26525799308422426	-0.898673891395077	0.09487536732166996
0.723713243644506	-1.6782555100356036	-0.16988861104624162	-1.2488610173250863	-0.5270915701010849	-2.002299007435318	2.430276132303046	-0.5659038044597817	0.043325929537457036	-0.5454309345953413	1.0159272293568808	-1.632400804269585	-1.9421599646532357	-0.9502812344290874
-0.9269695581405031	-1.0178384544900108	-1.250141383698655	-0.30419206224166173	-1.449202518471616	-0.045204221391932586	-0.9295166551673596	-1.136882780661103	-1.4535347466391173	-0.38406498187418	-1.8375356177068827	0.46040519841659056	0.6960644075063634	-0.4749216675946217
0.7016166891694193	0.2584302045918067	0.40111476942905533	-0.33484879520968086	-0.9889525389002546	-1.2811457792213246	1.2990878738260696	0.4879170638818633	0.7766047997866549	-0.9810278171807816	-1.562273146873593	-2.0367113407793576	0.8120250253935865	-0.19672503881602854
1.2246135944722942	0.3741408408002959	1.3674445356800584	0.6721453890114129	0.889456997699851	0.485453971224286	0.5179969817857949	0.12350992390771792	-0.18404657842041036	-0.08518926842604879	0.6292358313135187	-0.21828000081786905	-1.9777384812330774	0.6955825827022807
-0.4122082348002975	-0.7559827279962399	-0.9972042206201782	0.23130583536857496	0.18361993189901626	-1.0360067820503716	0.35394693016813555	-0.5443009085793763	-1.7278180281244773	-0.9466594368059221	1.439364797237866	-0.1360726893978855	2.1107277533821818	-0.8515477335250505
0.5509722716033479	-1.9545795251621993	0.6901765538283584	0.36383241051885384	-1.5222574488847707	-1.2257537989435074	1.3139385047210612	-2.056095601341484	1.100529917814235	1.2332948665180261	-1.503362870810781	-1.36496592842539	-1.500975721363363	-0.4207270200846362
1.2149678490576388	-0.04764880301979103	0.07794696350865246	0.29283540647470163	1.4983261048288143	-0.9447902924530283	2.136727983719888	-0.19979475030188898	-0.3741602836443477	-0.8661927860321821	2.6068413733051705	-1.0962623020773115	1.6836703226277128	-0.2645060173642002
1.8079613079203547	0.5485016166255483	0.5945700717223066	2.1926035864381515	0.5759697744166701	-0.04292372361441066	1.3946749765688173	-0.7453978248586322	-0.5874674288343976	1.5925130776554282	-0.6889076179645697	-1.8161097302652678	0.5809387880505235	0.8795525539306228
1.9462691888753554	1.036683061859454	-0.20719713287616726	1.1769555270721812	1.8263329289910026	1.53270976758716	0.8203430062593555	-0.742411432895328	-2.73760359182596	-0.9236725744445311	0.5871106059417163	0.023466077297959523	0.6271829513487924	1.3566933313268923
-0.986342613646596	-1.1383660423876774	-1.0936596284440694	-0.45005980889459085	-1.8773239464310643	-1.747392981571788	-0.3100959965068802	-0.4240456596281244	-0.43884797168096307	0.38231286138006265	-1.6562297231404166	-1.8376395821767988	-0.21967979398935203	-0.8400026878129324
-0.19629939314128864	-0.02404295016131519	-1.1484459000344778	-0.10324778453609167	0.5506502249309821	-0.948679993550997	-0.4057619135175077	0.6985575942884442	-2.4594099205464732	-0.014405461472918213	1.480930879087412	-1.3660976930307087	-1.5253117772676235	-0.13811515128085702
1.0476109538159453	0.6014338988887793	0.6812450380617682	1.015168315693657	0.5446832231063814	0.9100350757258949	0.5882057135560268	0.27585145672828715	-0.020297111168613484	0.5597111092255893	0.15936643352185184	0.29736821539090885	-0.7399602411189024	0.5839150730755874
1.6087131442142324	1.7395306297504394	2.153432426717283	1.7256053816025956	1.6680657795063327	1.6217199762720171	0.24064484780752785	0.3080195538360561	0.8819541231657926	-0.4814706507344804	0.29460985914282684	0.4382713873579431	1.2731140128370508	1.3000960948813955
-0.4345946375387202	-0.9591849003452846	-0.24879612517407682	0.22789241494539358	-0.23201701281494758	0.507050041444591	-0.4118226169013147	-0.7133778015568344	-0.21293945243289703	0.8055712390072881	0.44311442261219874	1.2160513083947129	-1.0167823932536355	-0.32780174076045676
-0.24126642698064998	0.4608837369497868	0.0156850381397608	0.09804981433402607	-0.06496272036173839	1.0616750480718333	0.14437607597132798	1.4568770716504473	0.6233203722259514	0.5110256851060728	0.5798405788558092	2.0584340804583077	-0.22434563864453402	-0.3683733783115748
1.4140690795089834	0.4496660895934761	1.671229739394989	0.07123737642328687	-0.049142593610423946	0.4579858704174788	1.5840295022788635	0.31422751466568866	2.0555451773371503	-0.6942494235376557	-0.5269729379646246	-0.14174288989719794	-0.5648310950536614	0.3740957998047952
1.816960547394101	0.666364732432497	1.3392427961291637	1.8626285836606749	0.6705794729156342	1.0608219533601282	1.1725870798713114	-0.5995773123292724	0.42772789542833994	1.0527045160618607	-0.5932243493589738	-0.34329574913286676	-0.2297086372042584	1.0720528472709123
1.6262805045237638	-0.6628561943046773	1.7557606335719624	0.9216752357946176	0.9012080415829227	0.6393067863446824	0.7319091639066093	-2.305819461376776	0.553550237605699	-0.2239998031606719	0.15133764606002997	-0.6590234027533952	-1.440354360016689	1.008706354524726
1.5183068648961175	0.5444732558073933	0.8884092717962073	0.7336824834963054	0.2595777941932619	0.26057058083953333	0.989001848971346	-0.3734851634388344	-0.0030530895082552367	-0.41789859041548616	-0.8525816779347429	-1.2922940909188962	-0.42649007450286935	0.8538623687712678
0.06123667667552429	-1.0525360164246667	-0.9050255718635615	0.3621018017651983	-0.9895420158338966	-0.20625003155698501	0.24503407519621442	-1.1629266983266828	-1.3735436102267795	0.7833403309600453	-1.0827995388387452	-0.2486785573666091	-0.7725576444726644	-0.2002684685341241
0.22167932927726708	-0.4650842650801339	0.3624217791016686	1.1999859447567776	0.047320629421042204	0.32455635337639843	0.425623417775008	-0.31112262856208944	0.6749294831975806	2.0658753289313587	0.5246370159130748	0.5171929043567498	-0.695564254078384	-0.1392978371272035
-1.2485706306240074	-1.0537589020473708	-1.398087925885815	-1.4233780009970758	-1.7079371843595417	-0.6019513751410691	0.21827013912665105	0.49828663265874795	0.0036577050669818023	-0.5280689917677567	-0.5795943534309714	1.1817531818846767	0.6106420516037063	-1.4748592919633607
1.0939771853888662	1.1700559800272172	1.2564753961110524	2.265454389526173	2.647937266824362	1.20213916571725	-1.2039383027922614	-0.8722343208674685	-0.8743563921615094	0.6038130942122005	1.5889202285879804	-1.2440504962908734	-0.32973688257260086	1.7593439490622187
1.0749325197159016	1.1282468968075396	1.4978089029593096	1.9096104250092703	0.6641835755316592	1.2873944248229228	-0.4757658864550312	-0.4142321811403858	0.28453837187993597	0.5130972130006115	-1.1822755566768417	-0.2937154125422303	0.4612911935357842	1.2845279667846143
1.9458081546841757	0.12497863919416197	0.14059498255602632	0.4794020299903128	0.5275218756196182	1.501030363044993	1.4590157622310442	-1.5780111410193793	-1.5161723238744158	-1.3232418023753578	-0.9070038928154688	0.42537707923812496	0.12242184203210232	1.047300955399369
4.082920764692442	1.9035125901760588	3.54494962825992	3.794087967024309	2.2056948450804246	1.5449363439243171	1.2070246692893565	-1.8800768305313529	0.2266507480453737	0.8228706102751897	-1.423639201596609	-2.9889883471638083	-0.9618489849123016	3.2239284854773307
0.8583011164171014	-0.5408136959937002	-0.25515338755438965	-0.4283137897346412	0.14532032430805014	1.045491428839942	1.4338944729115737	-0.7690448806547715	-0.37407560313213933	-0.9212689705514215	0.3740519898442367	1.480796045658384	-0.20241989552450473	-0.038902788495936355
-1.1853206756876162	-0.6153664186729809	-0.16919548325428763	-0.7838115761516358	-1.080259105648023	0.5714689269618773	-1.0272447890186414	0.30540630704684424	0.6927613618702548	-0.3657605732844786	-0.4842432320321427	1.8016500903754076	-0.6483856114664769	-0.668933080607792
1.7041905326468199	0.286405417193067	0.6229173802409278	1.0198498598318928	-0.12569537079014545	-0.4713784499248366	2.681223256603023	0.26946320747292685	0.9068630705121007	1.0722377394666796	-0.4029251266546093	-1.046109097338336	0.6426892642134737	-0.0038103601333838518
-1.0707415245398946	-2.274737873005847	-0.2673733877947573	-1.6215778665852385	-1.5286097549666198	-1.0173936424495738	0.9001333825246652	-0.5061362722421716	2.098611023763628	0.11092530083173507	0.6727196710547961	1.0726298003959431	-1.0724441287492699	-1.7565672839106903
2.631269160624262	0.8551208313584391	1.9016381895280559	2.9748188454270372	2.519766511751198	2.1983309811918184	1.5666762036581183	-1.4238805953813816	0.4036087461994223	1.728366405872716	1.3569517512703617	0.6835852860994103	0.4891020136872848	1.611628785849811
0.1326509374463415	-0.20078055539784995	0.46382617573220897	0.11654633647821873	0.5058513071645653	0.03961370934169526	-0.2722398914822094	0.04867508977066469	-0.30671305093954776	-0.037508762224319966	1.0072851214108596	-0.07429842878459093	-1.6538797732884098	0.10079034539743327
1.2167328046335255	1.0679522169670705	0.7744081929410983	2.2301954247839064	0.08211936735795833	1.1194681984556387	0.8022005079483008	0.5758728810236523	0.0753685937879802	2.1794350363613364	-1.0671838146895911	0.31767061874256963	-0.032722011538058184	0.7289728906604909
0.06825574179138308	0.8509321247512179	0.7806125878927145	-0.21209586263290073	0.1952594906946959	0.939476457681731	0.09371504771105295	1.396958113067005	1.3064900484338888	-0.7094155817349123	0.30420813678345154	1.2417943292954834	0.08792414580949869	-0.004827572250884771
-0.7710286386617751	0.9559589533017243	-0.34389252214589483	1.0060203268143155	0.4901953377862104	-0.2847295947967068	-2.063192093855784	0.5311504584710861	-2.229105964389198	-1.0294042064306783	0.08404314488339981	-0.779181601159512	1.9253111559735845	0.2522064470243558
-0.10660457454318081	0.383684956137106	-1.288457336854489	0.39848715714416283	0.009775230818730947	0.7210290422884633	-0.13786310247532596	0.6683075101591006	-2.0515336297353572	0.3453683462078868	0.046327330265547584	1.003131824251882	0.2790657230636263	-0.07311269457107963
-0.7303221502698896	0.08242740598271875	-0.12513918261462437	0.9686095139303716	0.3836053307007009	0.3981794535091068	-1.550684178955476	-0.008752009352526421	-0.4846012187438449	1.1212941673732741	0.4917205876195263	0.09909779124029829	-0.2998216583634377	0.14764294326692215
-0.8299968146351564	-0.21555381469106272	0.31257822225410165	1.3576994585558255	0.06487135863148893	0.005091331327103182	-1.6861343851939492	-0.7347307673382291	0.19617230703780106	1.4068161273695317	-0.23847595090017812	-0.3251129304352739	0.8129711833343949	0.06269040904499575
-0.10289751073775771	0.5608234058895716	0.8713432358186876	0.909822873845658	-0.1711351132630299	0.19588550703834937	-0.622075336207588	0.9320086740134114	0.9937971406620546	1.1023646760036614	-0.31270444190949254	-0.17236373510169245	-0.7717050560958111	0.15595921270068705
1.8879716557418154	0.7458299129225309	1.5259615893982705	1.066419457403192	1.5577256876647696	1.2142478384881064	0.767905685118751	-0.759381091946655	0.19372704612956365	-0.6135916484678877	0.5797485817815174	-0.4588938115394766	-0.6363687641562672	1.3287323209217774
-0.7630009196419566	-0.44819612833957834	-0.6047039467462576	-0.39494551516761184	-0.3967118303720176	0.6800250818123947	-0.9520568752836552	-0.4828649377392605	-0.6727786668721526	-0.8296419685246879	-0.37901646976224757	1.3719930336075368	0.6928784471248146	-0.297052855120985
2.061052564203233	1.4458504325274775	2.7785946971267004	1.866779725315703	2.1037575065385843	2.172756965674469	-0.18280923568798232	-0.4702452401953004	0.6854425732266417	-0.3067210146281466	0.4998040037251808	0.2182122124769371	-1.3565176763850888	1.9993011119216753
0.41957668247589885	1.9189157573213136	2.229116787045555	0.9756393259340967	1.1578984371282055	0.9352105949972245	-0.7762718028171469	1.7002752881446317	2.298041300541902	-0.23783258265022672	0.4357713535003771	-0.10724260748766538	0.4122098443480481	0.8163086155649251
-2.5528708007268897	-0.7980011681214119	-0.9086907550283182	-0.6424304916902098	-1.915856028302744	-0.6002442025405359	-2.4838712003876275	0.7145121798917154	0.31281491168849024	0.6113083423377976	-1.1535758008777017	0.5940430062103647	-0.44954929839115937	-1.1367986163782091
0.9211229210931803	0.18131546257152265	3.311028521665513	0.5945141519492598	1.316265254553674	0.7008459862469312	-0.4483719692738984	-0.025554829587775187	0.02011666267467256	-0.5039558294454954	0.6017963399755781	-0.0008543483669616453	-3.470081966242335	0.8906647535726548
1.2458020848600628	0.015390435558087279	1.164420164119262	0.4827008598036619	0.7139605916389559	0.34162342630224307	0.9393868655562392	-1.115703974711171	0.8467070390992786	-0.6753809971131929	0.048859415369373244	-0.8432609422075461	0.171494899012931	0.6505138405822036
0.2535147443405054	0.03738914978808178	0.43737021799165454	-1.0547768305624752	0.8147394489976899	0.7095124507834839	0.2495176455977026	-0.11069852667894006	0.5580640677046421	-2.264315386012952	1.1848853200630327	0.6783217543342862	0.00642370613337076	0.10252352456877166
-1.0894217756764633	-2.763824583068702	-1.0327246081369306	0.149599776785156	-0.3399070811465603	-1.0911945259424876	0.622448284530698	-1.9255820175770462	0.7758996275527007	2.5738967497558933	2.110882785899397	0.4227991263855853	-0.39501672569266333	-1.5294720273839415
2.2784272670819874	1.6389702334795246	1.0085118971459694	0.005161276908939083	0.21459448519150648	1.4910768449919891	2.2153656311351333	1.4743742908350914	0.14534640875768895	-1.6231035632225097	-0.9082795604850031	0.7617344000132394	-0.5415334678081312	0.8626523525400961
0.2439238111710568	0.46858630670061857	-0.8533362393560402	0.9028180337465254	0.8891774515717856	0.6200042207307241	0.4456138135857085	0.7119325298347047	-1.5032430499774454	0.8424591887551133	1.4712495638498777	1.1389401802506527	1.0347092753573255	-0.16551506627166934
-0.3946397666196367	-0.7872265331419996	-0.987941870998575	-0.9381168220805596	-1.1294590236321704	0.8495828674530282	0.06466569412535084	-0.5924463971393985	-0.8879752666281618	-1.1804566908134089	-1.1626964223968899	1.8503803147305373	0.13529475026617255	-0.4588176449115951
-0.9279756260929863	-0.8013529733168061	-0.31806224915779163	-0.2827455616280061	-0.5937977523293968	-0.18302591720834094	-0.2915677656999563	-0.13816038960774452	0.7361644116638062	0.2853653689385729	0.22703448718084715	0.8754476388017928	0.7085167067177603	-0.8601600808957115
0.3979347671263995	1.4050956831542978	1.4091483075006508	1.4654698502354095	0.7679627785314982	0.8469363880045077	-0.5979316758499359	1.4054325415942668	1.1339326452874847	1.1315951776882889	0.334850763874007	0.009018400242335276	-0.5415194720465445	0.6701400526070465
-0.2901597268967649	-0.06795730917721687	0.23294446609867084	1.4497516791410718	0.2902578221454777	1.0696003774034208	-1.1061062987134935	-0.7357862291529467	-0.2309111347891603	1.4603779475329772	-0.13876095096342073	0.830234283689175	0.010220872955901248	0.3714702537233709
1.7762479554507367	1.8632133912603477	3.0724586192333394	2.4489532586723346	2.149477457251203	2.180251163523805	-0.4173752063433271	-0.05804732802721488	1.8021164976143058	0.567013879893776	0.4167717585406384	0.041434267503175214	-0.3460110300347137	1.9672439940836195
-1.4670565054282427	-1.3321472227489979	-1.271002505062345	0.3575561012571734	-1.6440830788329341	-0.018479563454261716	-0.9157674485224104	-0.698660504950862	-0.5374895871552484	1.774534415931463	-1.2178681481148046	1.2434206960640393	0.23127926197179421	-0.9592067721728395
-0.19297004691109998	0.6519557412984236	2.34089368053466	1.955737243299673	1.3414380037678235	1.1833714085636322	-2.845150958768084	-0.7151309638613267	1.0756865416201764	0.9281330762188799	0.316233223909313	-0.3521911968636949	-1.3227005183893135	1.3455744232930824
1.0928376776427675	0.32774475218336974	-0.039093614156381185	-0.33058792319625696	0.13147120992188643	0.5221842046002536	1.0822931521295425	-0.21916490973760558	-0.7480122030032746	-1.6894458275629622	-0.5412252933703889	-0.04451949872118541	0.4515227053327794	0.3689391569593772
0.7318304522058687	1.078893746882588	0.32767593255246347	0.6513584670163817	1.5782954692856288	0.29101993568786044	0.310711186223232	0.7302231568291934	-0.6610210955586205	-0.787491173864509	1.6789275882881503	-0.22753125664678936	1.3170946612925694	0.37734092052655815
-0.02827871808000522	-0.7545160233486018	0.19854788721319439	1.5966116297843798	0.33568314310991565	0.36609765586646825	-0.14688268563837115	-1.3865821895306005	0.28505576642640507	2.1533015094604226	0.43648469626048386	0.34537329782221765	0.4798583779708774	-0.01853838522441693
0.8395706362488823	0.4278033107613427	0.493984067589472	0.5263288922015238	-0.27353546128376194	0.40959512701845513	1.0614424849624753	0.800003954331807	0.49120723776921055	0.5606370976639952	-0.38974427915655857	0.2781861178063051	-0.7277189962806782	0.09334473741839419
0.22077954520533616	0.9383496399503461	-0.10015532733174537	0.5564415467326911	0.4704523412618662	0.29655278208033725	-0.4510079193366558	0.9003773663778113	-0.9327375093328698	-0.07879166850455405	0.11972193741173831	-0.574633486885814	-0.2462035853046975	0.447363937184599
-0.4781552341106151	-0.8781087426364723	-1.4280915251693944	-0.1685616833701924	-0.7179830482346562	-0.6066921799857581	0.8696608971236224	1.0547537363609822	-1.2480803916715022	1.6367894075622944	1.1216030489701188	0.9835145621030165	-1.5996638948729016	-1.1910282054784813
1.7112445404675678	2.2416561569478155	1.2260539660240504	2.2227137434645354	1.8559247549315248	2.743683562187827	-0.12315923444947757	0.7982092479195195	-0.9144701775164737	0.4327775385445006	0.15531339843276912	1.2831921800373693	-0.05680097134357769	1.7740908024648196
-2.350597752990155	-1.8266103146631343	-0.4081887667753098	-1.1862672015906892	-1.7357128439767389	-1.5998227975030879	-1.3273954830518646	-0.6542143256767801	1.441095169583026	-0.6136052104054835	-0.3265071835990132	0.21864108563949022	1.5277058205827698	-1.7396228833736203
3.296320183974861	1.5259547947377592	3.582900683709752	4.512688281601452	1.837480208485299	2.989703729086153	2.005052631618336	-1.344078389757072	0.92926576033983	0.6666368458031137	-0.23409827381555035	2.156485734122237	2.427354921795479	1.8469308442329067
0.0026801820682130773	1.1021734483982581	1.761515931115534	-0.0810703133085332	0.06514572221788129	-0.08352107056083857	-0.9679929933739594	1.4587171869033264	1.8297839047644342	-0.9821682264301245	-0.332205738076114	-1.0337298420425147	-1.0599718779526304	0.4389375118467883
-2.1406725443601937	-1.1283468045782181	-0.49453508179185446	-1.2814723962084709	-2.6831057555319924	-2.4888558332893287	-0.8986590590642962	1.687648731102958	1.209671067484749	0.8040740982123818	-1.1408396340734035	-1.1035932051271486	-1.702950658727164	-1.8003459114945601
-0.8550132529883985	-0.6774590275293578	0.14562999409297972	0.4355714475204056	-0.9966643294296164	-0.5049293380512507	-0.6588604360418858	-0.5413611209157374	0.6326559556645257	0.40969097013677874	-0.9300499591521949	0.16836264771735412	1.4183647850233037	-0.6363153119845761
0.014433409068026037	-0.019868968448824603	-0.29688641269757227	0.8168268183411035	0.22682845154492948	0.9022344300277901	-0.18657129077186904	-0.2735610882768634	-0.6520024581148087	0.7412882325770364	0.14385013302157112	1.1298617673245206	0.4846088249279746	0.0473459195316985
-0.9142363472626511	-0.8488013590338243	0.808071892045947	-1.0224812554643226	0.8574044501655864	-0.4882503025374618	-0.9453784995804881	0.2147109977613702	0.9073911224436283	-0.7983681449350675	2.6752465348312886	0.2863212409094962	-2.0409301213044175	-0.5694419334297628
-0.8452832866554338	-0.14929376125360783	-0.29879316916371923	0.08018775917311294	-0.9168507837558686	-1.1542077947353646	0.2723311057958441	1.3995883242743488	1.2337167716170985	1.3967728263754873	0.1276367815229895	-0.39576385971714834	0.5108452026810887	-1.0912157963544349
-0.42714479057141297	-1.7258656695167063	-0.6904673272214983	-0.7415696698217887	-1.2879245601069105	-0.8605425174307443	0.845457810518584	-1.3871904014315113	0.3952660242664166	-0.21471257147381795	-0.631504933750115	0.07927881209209954	0.7821744750721722	-1.049986323672234
0.5125443202778249	-1.672517585491112	0.8950952778385716	0.7456876256926877	0.9610900551539535	1.651636816338771	-0.5309723139859837	-3.553857022542871	-0.05517855143180461	-0.003363056538683087	0.7640593609527918	1.4681805759488848	-1.1099779201328257	0.6817922120611756
0.14811490896840096	0.5466100531625822	0.15821477098659276	1.178455240858042	1.005474222578307	0.7816771917228248	-0.8666297878174479	-0.1521938946225931	-0.8270930769623424	0.5665892457088733	0.6125545431608889	-0.11837221486069396	-0.07681984721340901	0.6532903593788199
-0.12823714671448125	0.962564899243643	0.6161858358543315	1.2940206495623081	-0.5200203892750789	-0.7117469504416776	-0.44342441637496394	1.3741808208448638	0.8126188814627819	1.5928555354469491	-1.0967878499929498	-1.7327019280590867	0.04967733656889018	0.12812093942294667
-0.07166562231519528	-1.4472394849635621	-0.47991445878785866	-0.45780058516067945	0.2787966978514556	-1.139741363940055	-0.1627816588725401	-1.8604697704337334	-0.9775984619430824	-0.6805315207152206	0.953467961275763	-1.8643235628340487	-1.06141320777255	-0.1186749811488121
1.9712239186563867	0.16864781494293812	1.2531910536505262	0.8480462472707371	1.9328190681044246	1.4511211343080501	1.6861006643327419	-1.3167111320656941	0.4901180176270838	-0.5177145684558697	1.6235742892591547	0.4866706246973401	-0.0022237991768278005	0.9591192540177201
1.7232906461415796	2.085635892527955	2.4425833348330896	2.2584620577326397	1.6918966046708412	0.9475476468315638	0.4494151105717299	0.9631233136025283	1.5808493233503313	0.718320184274899	0.34916341802918804	-0.8253104381640423	0.926097620601504	1.3225423802461374
-0.341649910987343	-0.2548626977767354	-1.6011094512614021	-0.8249704363271629	-1.3620831017197408	-1.068308964918468	1.0566117907110284	1.643001395627836	-1.0465664411474687	0.2836088610079407	-0.22605405510295598	-0.20768235960918108	-0.7599483096153506	-1.088673873230367
-0.2446041531636703	0.4544878557738688	0.6553210082552647	0.6369580368286618	0.5890382945471623	1.5602882249286105	-1.1246931319771947	0.500064662690083	0.3597720644309496	0.3887944033902437	0.6973463128529731	1.8447100807344379	-0.7942347380534875	0.31329600577051653
-1.1198691041425404	0.30196075757315044	-0.49721695089374957	-1.0812017337133697	-1.1624794241695438	-1.5484250823276833	-0.497581059460742	2.2405558488015123	0.5724827219076327	-0.45096679094129444	-0.21327515117577783	-1.3216244998892086	-0.621753465939436	-0.9180220585198695
-0.894179828802529	-0.00831685160808604	-1.8789779353060574	-1.304374532209792	-0.5487765854512467	-1.4313400757017134	0.13472003030714239	1.575617113711514	-1.459236732371623	-0.9753993357193719	0.6832578042534392	-0.904288769101838	0.5354417798587213	-1.0607754758067387
-0.9074721874579218	-0.629137576602213	-1.3774358538683376	-1.2116525480462572	-1.830253471781772	-1.1656816127924006	-0.20060059921555112	0.21854332225719333	-0.9494129666788703	-1.1628105812555558	-1.7708634447985894	-0.7449216713931086	0.6112541256653766	-0.8825143950896043
0.984826741302643	-0.019729024429890385	0.5494839232086738	2.0767500355257567	1.1657245655964465	0.9859033419803596	0.10642816680347428	-0.7214660928582128	-1.1429040470746339	2.1751807465707502	1.058189036030618	0.4309887851300771	-1.588151958273651	0.7307810229397675
1.0785305837086894	0.18697982241416344	1.151565731564511	-0.39316487581424675	0.8938648308675617	1.5543441987887399	0.39013290261525424	-1.0959341903900168	0.521476245247919	-2.3963290527516707	0.08220902272998921	0.8598968094157559	0.03021468856728888	0.8384973989347158
-2.1816436829416013	-1.490331850375155	-2.161224121141131	-1.81190329713928	-1.2365022317485548	-0.059020597992381685	-1.1572261294425659	0.2766173899708788	-1.0678916423025349	-0.6235747613735086	0.6941805478738245	2.2094016271185386	-0.46388056469168465	-1.5635261714193454
0.1755250183762922	-0.22713714860915146	-0.30546460778620543	0.714678417121032	0.7017978492016704	0.08196987936609534	-0.6441973049722455	-1.0059431456076464	-1.3956100669060079	0.19310498962991993	0.5348542923266993	-0.9522901072908243	-0.5135893981340839	0.47914661838225314
0.27061432095963395	-0.6877861420613971	1.321574779108311	0.5857244210210016	-0.725841044218005	-0.5558434275521781	-0.45854614192119864	-0.9843328994501592	0.2165027536559151	0.40106757348909783	-1.4536909980024053	-1.2955822147811524	-2.087334080966414	0.32028041380198125
1.152394165767337	1.9837537706489232	0.8768591864428856	1.4996489097817784	1.3224180275078599	0.8180676738147413	-0.3439216242922088	1.0255543790742105	-0.7440403666968294	-0.13682409933094322	-0.07442212467954248	-1.1163582331948327	0.34407913454918254	1.2996053162945604
-0.5033753763586669	-0.7850487814246597	0.24272793769043238	-0.92220850957171	-0.576166194689878	0.49613637684959294	-0.2925400389030812	-0.8832088893889274	0.7887990657075454	-1.7536835002342077	-0.46352219907005304	1.474272532851479	1.1106224122041728	-0.47724793023213796
-1.0661333866627751	-0.6279558525064173	-1.5074133840141701	-1.732307422731509	-1.886442698032135	-2.1507465532534544	0.6976157951779827	1.398491206765774	0.015940832684327083	-0.8209785077998046	-0.6928779642782229	-1.274702429960493	0.48093524965869217	-1.5632376264976202
-1.4384388296318638	-0.4330027186310497	-0.912414345928828	-1.6847920957493767	-1.154016209945426	-1.1795469664579898	-1.0750711260134898	0.5929154447754585	-0.14684540025006976	-1.8363752807824836	-0.6080884810603592	-0.8987002062227907	0.23125402591351477	-0.8350027906790278
1.0515948884335846	1.071390904496269	0.35086374422746563	0.9154693565712267	-0.2583528932054043	1.1174796394248143	1.4852813225764936	1.4822391245234288	0.3641689268885363	0.8304430664436443	-0.725394198550972	1.4529911343315494	0.5396836434902449	0.07411070108416272
-2.228249617377948	-1.2127767399862446	-1.7073732825869352	-1.5494005876485624	-2.147825019878667	-1.6406114205222595	-0.6259028392125141	1.3251268243684613	0.30017168948723383	0.4047304180722741	-0.23745361152756908	0.1671201023819754	-0.4229749138737347	-1.9232578518325743
-0.23177885038894552	-0.4008873985410759	0.23660868073971517	0.7186815196272995	0.33829621575010416	-0.31192352958869685	-0.6179837968460832	-0.31985549020340664	0.04437780114632083	1.0834852674917366	0.8543449586715897	-0.6865821493548527	-1.031267619443046	-0.0027205805304227385
1.5943746424341363	2.5632383716228553	0.9486444267378329	0.7246030093233177	1.191471245276537	1.2817604587982143	1.0734712961543191	2.7643248827077347	0.029642669449032516	-0.6356073670629372	0.47795670305224647	0.2583814130682177	-0.11731427599804717	0.9281062971978241
-0.08569852022973584	0.07234971606907742	-0.10615042976727937	0.14324592471109351	0.6639748281619677	0.23826426444592014	0.3426127090975717	0.7325135096011707	0.35574032615330603	0.5111908507575936	1.718122089878694	0.6160992462030028	-0.19844027744812212	-0.3274703342020005
1.186467528690681	1.2811447331555075	-0.013529523578533098	1.761504330686448	2.1510992867525895	0.7819391344572433	-0.3412735332849214	-0.3634572807481393	-2.723929905328096	-0.47518862298727926	1.2320430843652423	-0.7680259526113188	1.4263080427534176	1.2139574930537074
0.01078234371938308	-0.37616236973867684	-0.29884749251224063	0.5920997846806477	0.018357083074174912	-0.031916796161597594	-0.25673719868777306	-0.3403742363107847	-0.8719757499600381	0.8187444101467397	0.2652628558093612	-0.2797335413148376	-0.9937800798912608	0.026818188026046123
0.22506756153135665	-0.5943964479612411	0.7760836865207976	0.3022768606746009	0.6040200328355141	0.5643071877940632	-0.9926457621489382	-1.4554628043533602	-0.7180966749183513	-0.5916789702569744	0.301474130425633	-0.048043135245506595	-1.7114027864921324	0.6211617919492014
0.8420171375087453	-0.811581488068098	0.5629970216021477	0.15651995004458266	-0.08879616068504337	0.18083458166443522	0.977010727172719	-0.9999063158307385	0.11504156642257644	0.05367331026276411	0.05414134130454999	0.13063560279093378	-1.4437203763893827	0.07710637670822161
1.4162311635954403	0.8121007567501639	1.404405945372668	1.814830007301024	0.19524013791643102	1.1485076369894052	0.05944168520386587	-0.3576661242023191	-0.08902525981285063	0.8466864670500321	-1.4467938284015425	-0.31288914916457844	-1.0510007575575568	1.2369005827830666
0.14936438536198532	-0.8096396813892577	1.000559314810053	0.5680832106673699	0.12226053293963673	1.7910947109178983	-0.0765419260523755	-1.6780733480175296	1.3802098979255442	0.2811270831397712	-0.12473772562279722	2.374917414896537	0.14483068380372152	0.16823819066051568
-0.6193703833661861	-1.8446814384593466	-0.8744250790293537	0.2645902702731743	-2.062333010564483	-0.7915159783070692	0.8895158784355958	-1.1568037325978777	0.5064110433788941	2.0204654180096866	-1.5193031334496516	0.32500680466683646	0.1658780623490149	-1.183774811370423
-1.430056331769125	-0.9168719486485222	-0.7864488880846913	-0.9122563847932013	-0.602111122420113	-0.6516481303301574	-1.25245916113365	-0.30469948772538863	-0.1419709883723393	-0.6336081921117505	0.219738324385856	-0.2403642382447676	-0.14337376754108205	-0.7053775025050725
0.821455772574926	0.07834243402477564	0.2581730770306383	-0.11416293403907873	0.6378657298175714	0.5564924559044018	0.6321569127508134	-0.4547920874168171	-0.254167400963741	-1.1178282397020123	0.4769830173372035	-0.06159960823998389	-0.23978318152691533	0.39917432278024895
-1.9291037658284624	-3.215750033930478	-3.1314499853863245	-2.0713374785114538	-1.6468641166483056	-3.940321759462444	1.0203800131226166	-0.7411568068578654	-0.9571290587252334	0.775729050211569	1.8588061745243523	-2.430627533187915	-0.6486587823731075	-2.641324193341137
0.6694336929587434	-1.1130310587115915	1.1204193920247205	-0.19730012500763802	0.3210867356596981	-0.5451409884217383	0.8981122546846265	-0.9484399670883389	0.4142388318426298	-0.1946400528224283	0.9740745719449412	-0.5395909440647318	-2.2072524553296935	-0.10251658739264961
0.5228222666275694	1.1650788892851396	2.0453390085684395	2.0962786069780046	1.8705804932105625	1.3251539404748776	-1.529850332467126	-0.5842574134045543	0.8333799174224428	0.311698044342005	0.6670003161631682	-0.0822695560024549	1.131180326004787	1.2893972721269147
-0.047183492740429545	0.4913918170854038	-1.001970604961106	0.014999490062098553	0.407192183245509	1.0901809978344255	-0.8750744395163	0.6964082124226478	-2.6985454036983185	-0.6033144995668818	0.46182754938240905	1.173118487250772	-1.2228025824598563	0.3181074061237864
0.43203326209178106	-0.1623225491047665	0.7417694530318606	0.46266538299627863	0.6372755557694584	-0.17258485767485976	-0.19091632767806618	-1.182622362922909	0.3498347319694453	-0.4755176254230685	0.15007401537980922	-1.5038984457115863	0.08396066771749496	0.5304587351054798
0.603862823879589	0.7204606448036663	0.7696079405820251	-0.05749384316275119	0.9247763725116713	1.7805516071651133	-0.35287935264918446	-0.1586725885049673	-0.06787556235290991	-1.7887230649878847	0.18185476783197685	1.2840727428340795	0.027405670330650538	0.8101830638405165
0.45795562964457076	0.2282595791925531	-0.045864371451912314	0.9041945335487783	-0.3206123877006867	-0.604212753689774	0.5328668632355484	0.10400890459967277	-0.2744402031235392	0.8172019979711725	-0.7977050472033739	-1.3473556257696726	0.6213571998165283	0.04158279646944377
0.6216668919426824	-0.29449636143813285	-0.1453506797433909	-0.11638853226747647	0.029159840550938926	0.933226391206991	0.8365302264169667	-0.2655801451031755	-0.4360833845591292	-0.37230600551993925	0.2529984971347636	1.2891561157823785	-0.7276962681549418	0.010390979254760816
0.10375400473483165	0.3530164146040021	0.475768127766505	0.040008209772954495	-0.39615243779662546	0.10254077854066637	-0.3647287832352068	-0.028179656826716477	0.2179626711926317	-1.0482112884225632	-1.2434300011988886	-0.3799504346290035	0.8540220074437039	0.19911980721129122
0.955931724367674	0.730137146572299	-0.7171714671836242	0.7456910456939179	1.01325330404195	1.1621024075053588	0.9984483379372421	0.619350554199036	-1.7540015655823282	0.30878044470878857	1.091346186040109	1.0538429615292573	0.13460529483245612	0.3316057550863862
2.1365680436835257	1.5614279746090722	2.120118782418709	2.1294023836125215	1.9526992337071087	1.289094010568892	1.4845625517927103	0.5128821798691535	1.5149916711966964	1.1086875138845484	1.166605849066576	-0.15628364267932518	0.3073200449824717	1.1922346576910858
-0.43784519601099786	-0.7085063061863197	-0.757951411904563	-0.605940458227541	-2.1884859754187445	-0.44832686936981	0.33806492398815363	0.5153526003126144	-0.3686510552828758	0.20209763682339588	-2.026352193853745	0.43011909373531987	-1.129351232299302	-0.791847619914028
0.5280092702269042	-0.5017615477257895	0.4384660223686874	0.5988083513772241	0.2239356291648154	0.2284346066101955	0.29715337386568885	-1.3497721238605958	0.17791326243578823	0.14934603985589717	-0.14034427273787728	-0.49978206610159753	-0.10669736408132907	0.32944119940683375
-0.26791408433186936	-1.807828745811253	0.015291352796066304	-0.5180026790860056	-1.2076477610096934	-1.3864178280364738	1.1617552550322077	-0.8318069336447563	1.5227772902692445	0.8583045380947406	0.11297696228319029	-0.6437712157946782	-1.0171841751397865	-1.105307750596442
0.7855487300934175	0.4382882214688486	2.108014173723433	0.9092214188270373	0.7219637390746145	0.9128900623088967	-0.06666076276849756	0.30507978035414696	1.3831021409202775	0.43036747736692255	0.4958384087757261	0.57166596326421	-1.8161525596502768	0.6184708651864158
0.0914397370512165	1.16355258551249	-0.19013430917953994	0.8776966589804133	-0.44480322486348084	0.6222544549352729	-0.6627824645909729	1.1069863104215154	-1.0728116301630148	0.2734673504305139	-1.5711321166599468	0.01070904221882663	0.35522656219651044	0.42831548682027865
2.57341614229563	-0.2292021125025161	0.3343812215292254	0.6577747561929447	-0.24741708194390633	1.0271078459767213	3.3115032765465875	-1.3603514962943082	-0.3987777329218263	-0.2162748323595889	-1.3906890595498713	0.4250239778195146	0.07198670576574136	0.5726114441209205
0.4810744761511634	0.36429294146796076	1.48541511759697	1.989211888450165	0.5149051695564624	1.4816557121516638	0.12317077555892444	-0.20267261805148393	1.6009292251349063	1.8237914871528498	0.13080973919936956	1.917587816816378	1.1669372917193017	0.25250905395499074
1.7447646202701788	1.0971230762124407	2.2078832401414985	1.587085523136935	2.0858125725881433	1.9793761239119285	0.25792384125721046	-0.6779308318140864	1.0807409298108657	-0.20259909051342867	0.9692411940009398	0.3921744375681588	-0.22648849596565038	1.5491792744940225
2.4353491723395777	1.6084483759448647	2.9528510662487495	3.1760472677128515	1.9502526072868764	2.125506250091758	0.6230893297435377	-1.1388112613741577	0.0264468779313936	-1.2841147121492351	-0.014725962482852878	0.7487518310040477	2.3644674933081484	1.8188416341077296
1.0104064092644385	0.9220344354351377	2.259303446771506	1.0168646391972052	0.5879716312769854	0.8580757593821431	-0.3455127039004764	0.1408448595075181	1.5563321103844219	-0.18773072450922343	-0.49306541747845334	-0.48495373185050794	-1.1400863709119502	1.065544793913017
0.8544443810713341	1.5021748628728318	1.4738453229601787	2.17964313151473	1.8609359789907147	1.2543524973556495	-0.8368191638080367	0.2641215551158397	0.2057767276396987	1.0597295452081457	0.8620548695055482	-0.49285503153588234	-0.03234085214753038	1.350170100232834
-0.013495164067272358	-1.1477052015855227	-0.9048910403414385	-0.05938157363653379	0.38227115228518427	-0.5710540073293535	0.4729320200759479	-1.0349970025907569	-0.9861321831591031	0.3885416819681073	1.5001738464026244	-0.5556512534815704	-0.6478137252731649	-0.3971442549764358
-0.5123188800637098	0.66422577007717	0.32466730722463244	1.3151564602982768	1.1955596271138174	1.240998603531512	-1.7772364995946923	-0.01485417668053562	-0.8440658240956664	0.05294723166293709	1.044379088272006	1.435993663433057	1.5197267418199374	0.3691929277215038
-0.9639665921776779	-0.18722601015957713	1.7382031624303178	0.14748554259023677	0.053524531765837435	-0.1687460699752545	-2.14430284119087	0.43920682789703525	0.5510249749853964	0.1090391733291738	0.15244591812368435	-0.10926521643795989	-2.5889628391556267	0.06704246093332712
-0.2968165498529652	-0.32732095395952865	0.4064901536278792	-0.41075495704007214	-0.20157876189224969	0.43105111518225325	-0.37536059716499337	-0.18050692168083302	0.8556310870138063	-0.6763761140729578	0.025526794979191664	0.6430203598875281	-0.40035632493647844	-0.13894553596373316
1.9066596266039681	1.37658480957176	2.011451630183183	1.9111324821781395	2.125581589153086	1.6774413132611823	-0.06610048651629442	-1.018024683669155	0.09642406821537658	-0.596082115529042	0.25632096494827405	-0.49096346546389535	0.7845836386785435	1.8304828920375444
0.23694932653525957	-0.25167636163286633	-1.2981812086848459	-0.7411811448499349	-0.4930908951627093	-1.070412099313599	1.8919257719263343	1.0432087974869433	-0.6178417661904587	-0.16113008432867948	0.6487824429769895	-0.43476752535466434	0.5250490672941719	-0.9826114535838667
-0.9368328114800019	0.5018661238932032	-0.4287332450885672	0.33475710619901583	0.025920197015560476	0.20416917906696652	-0.7232915456977573	1.5626128343361254	-0.00849090062517261	0.6771527981967369	0.8314179203447496	1.2549921989938513	1.0570586683420709	-0.6471133103768861
-0.7278456330816326	-0.05384034073141564	-0.20942618237384647	0.096743538389925	-1.703911662722982	-1.8365655226424598	0.2383145540417094	1.3625082168563507	1.1027720462678117	1.2801477434338442	-1.387610653245467	-1.942459371291515	-0.001277671109997542	-0.8710897366232265
-0.6895864767709818	-0.2124043321250422	-1.1875366266470764	0.10822967837558807	-1.0647385905648221	-0.744387540646197	-0.680246837485369	-0.014269655491252132	-1.6997929165962011	-0.15392921676695498	-1.3544727538002335	-0.6496311174511435	1.1564360674922396	-0.43512975232873885
0.2585752134842976	0.8616566518829253	1.6219016209644022	2.20209477762147	-0.05872721520679103	1.4117215312812286	-2.024546916835562	-0.41525015972535423	0.10294284985800305	1.3455977503970198	-2.0152510449351193	-0.01558787573937665	-1.0800777881665549	1.3268223053514487
0.1303935277572933	-2.1754024321280294	0.6560409231163568	-0.8171327124889609	-0.6668820227741024	-1.0290579933155255	1.63508543600722	-2.0730682495962145	2.560291799493234	-0.1496155650169096	0.440603270435153	-0.5590671281166866	-0.212135260293706	-0.8891344303115593
-0.9512062026430437	1.1898086477881296	-0.17877606997448747	2.120181740526147	0.5283020707571656	-0.3589589117540678	-1.7266762710031214	1.6052435170021169	-1.0756629375876463	1.891791109115764	0.7403802460259736	-0.363716162027659	1.704074655059313	-0.11415239342500316
-1.3137076072119545	-1.5651789337858604	-1.6499328473209616	-1.5532775188300247	-1.4624349215122245	-2.0711894203129857	0.04966884445245788	0.15110803787940194	-0.5723390933171674	-0.2671626237188362	0.2817950692682681	-1.2003676692059966	-0.913000999969286	-1.4732435565196444
-0.05648354218993912	0.10332407555645795	-0.8636219783955168	-1.814636351716461	-1.169137322630607	0.13902704293022072	1.3918936127088	1.9954342594768002	0.08967958049556365	-1.5788389438461932	-0.13515504056814598	1.5851994338674356	-0.5642056977783177	-0.9810953405739586
1.6098555514193893	1.249634698399514	0.5078445760609676	0.3442367318167082	0.1336191424443257	2.263981217239569	1.1297241583320123	0.7949101307340598	-0.6496644685976389	-1.0748758409854062	-1.069654766957313	2.0381411324646534	-0.4352931018148074	0.8597472403220396
-0.8939884976017834	-2.1008036533581214	-1.904298888465895	-1.0915969548011832	-1.6177804069155295	-1.0038420755480928	1.0703150842467015	-0.4703465351327986	-0.6364820917999164	0.7923310401763836	0.3055328051776426	0.857574504711341	-0.8156483171662882	-1.6554660688451845
1.460154318257371	1.1467641837222213	2.1414335572466703	1.108441680258389	1.780719136583643	2.0754187557629913	0.24935123519891314	-0.20393108208885968	1.4146974574553355	-0.6029497053841049	0.8525940273575393	0.9769754041170736	-0.10618582051187851	1.2903599970779127
-0.1404925486398984	-0.7157370391533169	0.11610195467466071	0.23295698311932111	0.30253408652151054	0.9184517039900506	-0.6052436098878936	-1.6175039139637202	-0.1583809397596964	-0.4671207622100465	0.09656515482948086	1.0727506132464615	0.6783985608905443	0.11908559704680624
-0.8562112796035075	-1.803419144778225	-0.70103779813072	-0.2786562144975168	-0.9451591183695496	-0.5045063853720194	-0.4056996073301986	-1.494450338736512	-0.18400673806408477	0.6204453465134545	-0.09726324352866311	0.16682981936291796	-0.8529877794053587	-0.7361513856552462
-0.34285134619155866	-0.725229463488617	0.3174227183748363	0.5265866058034141	-0.7018924594443077	-0.6345680043236418	-0.7966663212589293	-0.9769865724036159	0.2901095529002458	0.6949087276144352	-0.9645591263581005	-1.3237528595347614	-0.789175136824195	0.018797507318391467
-0.16634945471541468	-0.4922555617431822	-0.8086959927759392	-0.13661715889418313	0.2960964105976457	-1.4793532325182532	0.6481624498507772	-0.023595702023770412	-0.6094793839497964	-0.10189439601215709	1.369850198972288	-1.4201435098113646	1.1522644330440632	-0.7085510271377327
0.1794003298440941	0.1797375981774382	0.767700267912301	0.22477796778751138	-0.34597010714169574	0.03578642059278403	-0.4103747851613376	0.27900998084810424	0.3169688998752872	-0.15900374636863424	-0.6983855213498709	-0.48274721106048496	-1.253834824489685	0.2630985745665127
-0.8574203627335083	0.7498135559396452	0.9825478531074183	2.012398261460076	0.4089776306955567	-0.3530449279503953	-1.700148506076032	0.595649877991579	-0.08758956894120348	-0.04695069692916561	0.5800336722747959	-0.2186048896919771	2.361018491750475	-0.0797800692053972
-2.707504855276506	-2.421656000119247	-2.9110718447649107	-3.2611127195597684	-2.6360812627076795	-3.032786945181474	0.6036966199577989	1.1044033678033123	0.2760037038014587	-0.628247074668536	0.7470251689150296	-0.2595122167047493	-0.036767890970798384	-3.0769444426070742
-0.06939411778845295	0.11351354940296227	-0.1905080390471523	0.6539484139483958	0.5224435299358081	0.754322403420299	-1.2317097955921779	-0.563768020024653	-1.399232361409765	-0.047780567354647266	0.10529085975599163	0.02742970327329601	-0.6118835738982582	0.5741510761974057
1.0853164055159974	1.1736412554079572	0.6251692925437152	1.2160494659053578	3.0106524290273002	-0.05398887344769343	-0.29334652693741237	-0.22441109954262636	-1.0960328691337193	-0.6502832044000669	2.870181611062639	-2.2071177809148557	0.8500078491292293	1.138286345307687
-0.5108206106656992	-0.06786982564235156	-0.28915623847978233	0.34324736702748343	-0.22790932241894457	0.42148247822270846	0.41943210775161777	0.8548831738007594	-0.19114134263701968	-0.27879377315574894	0.9566963124122918	2.4825340266710314	2.010510339298008	-0.9829017977824087
0.36747437773005187	2.0166118128905404	0.8582876531675872	1.2509647479160624	1.8765652334437881	1.7566237311854103	-1.5667188171971083	1.2256521385955568	-0.7286348310242753	-0.38448663562625995	0.9922246311858399	0.4374881722742798	-0.06678047800248815	1.294576625333704
-1.8987566771541058	-3.3176208783863697	-2.2595779332725714	-1.7262614343695988	-1.7769839248536146	-1.2796553982365053	0.5427602314120952	-1.7828569114890795	-0.04049851954273801	0.5354952742402951	0.7848595915585043	1.2611476056200037	-0.059588732668881865	-2.2359889849591457
-0.6982699694356066	0.16918569003452588	0.5943160231812621	-0.15291160518049857	-0.1588484788441588	1.0432433843600735	-1.1213364700507649	0.7756049390476307	1.0230298576709196	-0.17367168437794928	0.20349656727168886	1.7355912592890685	-0.778036349195051	-0.1405700035550423
0.24944135437467818	1.2493147191183436	-0.10237281396166387	0.4347425503373795	0.3708195429965231	0.7280434724256413	-0.8110725430744197	0.8511797949095261	-1.3551909060028413	-0.8447114564348769	-0.6127189469788771	-0.29050959182612546	0.16732232215391252	0.7051423777418454
-0.4455662691389644	0.8346818275583828	0.14279671364157637	1.0068421096667857	1.1543812031198613	-0.3814483421648088	-1.3885642313153206	0.6466142266258624	-0.49922119472506826	0.37340381414934054	1.228923902178503	-1.2407542144146693	0.9775779459614522	0.25119770239057493
-0.6163749932817589	-0.657541787223531	-1.6717359586068248	0.4624869183646292	-1.4361117951605848	-0.9863220937572693	0.3953470729204053	0.32937810904171083	-1.3622732448039574	1.862756665026467	-0.9682385743228724	-0.5532422663401012	-0.003967463851125505	-0.8543751598783323
-0.6768100895430218	-1.9908041533778964	0.26890547452924674	-1.0113342584961125	-0.60779519853792	-0.6665310520410268	0.2188428882217909	-1.2158982825834284	1.4389576362655054	-0.13059335695383847	0.9528234052950473	0.4679357925612805	-1.3931403495221677	-0.982637113923406
1.6294991927177649	0.2017679848689497	0.013820065766376843	0.10888575961583413	0.07548998030039711	0.41510915833388556	1.6050056870005696	-0.3838827990279919	-1.0648302326288737	-0.9314912815321029	-0.6102009915994441	-0.5120600189978367	-0.6632294293430602	0.5647435501543568
1.5634406246847923	0.3283273401943984	0.7830270434168962	2.804367328349125	-1.5744268780234942	-0.01239935914971424	1.6938773597261074	-0.7894404205052897	-1.3326580687956024	-0.034540621773561625	-3.3039423939462758	-0.23692184763443425	2.5379282276330115	0.2944059469709699
1.1230533371269362	-0.4400188613616889	1.1114388176768613	0.8367240836822734	-0.2360072198466554	0.003599494401441139	0.6250398331983367	-1.210896959871163	0.2259697820462058	0.362426256889983	-1.0154198639618472	-0.9949514728622524	-1.4226773440805518	0.5710547833771192
-0.08701160406462256	0.6771285827176959	-0.42647257462587207	0.7669106705115657	-0.15613333801693263	0.05440982993648952	-0.10391040203431227	0.9418949139711208	-1.2646384664109342	-0.11190868671578624	-0.2246115705243607	0.48877587944187006	1.6625809023153293	-0.22052454612804243
1.6812954854063618	1.064573036174763	0.9475544637451163	1.0472030295374894	0.9144917617994179	1.4245656437654666	1.855333401445689	0.7250134449555133	0.5296523769210496	0.12273571257934492	0.5278727326815146	1.4788410715739397	1.0009893631157833	0.4293670965782982
0.5047632347767229	-0.7186625827905347	1.105348696868413	0.9378909523675258	0.8829426088538306	1.8045776179863913	-0.7341405120143679	-2.380017213418211	0.28865507770742316	-0.01265950136277647	0.27313613104772566	1.34103911751029	-0.6679210268326518	0.8429319506269223
0.49671877258997754	-0.047480447170258955	-0.12598476175731493	0.7747366574597621	0.08329712710795614	-0.07566699116474118	0.3239192804244154	-0.593563229245987	-0.6583686613956907	0.42991586126263476	-0.3744843513385348	-0.8708698028718311	0.2721958658982871	0.25421831719767585
0.7826797226974372	0.5167696705786431	0.25174849520222153	1.3813450929411046	0.8221857678727563	0.5264953954773586	1.1319927317517384	0.5945659569669463	0.16835250372482907	1.489681095309217	1.1492812000844104	0.7342418398459415	0.9511479611438398	-0.030199495830292605
-1.1797013043421205	-0.9025987606895637	2.7086265225969015	-0.41683550871926084	-1.1747741354594876	-0.6332114185051658	-2.080080966380014	-0.13919320743111038	1.7839350554978102	-0.3590965578797631	-1.572829026889695	-0.3721505901153358	-3.040726144118684	-0.21093760740716078
-0.7858289002128145	-0.26956269661190146	-0.4098313483468325	-0.6874156152139164	0.12630067686322088	-0.8349214150335583	-0.07301833045347653	1.1047896956254746	0.6020253601764728	0.03576268845807859	1.7564938971797164	-0.3014269710559809	-0.5280806134113949	-0.8268203913049071
-0.7766417301170436	-0.03912995959372301	-0.6701896061274867	-0.8774847743449077	0.3656946436414663	-1.2849119656062338	0.21447717259043964	1.3494911742658406	0.3133451038949779	-0.5933791838035296	2.069826154892218	-0.6036103235621718	0.9507105262180702	-1.0389667693968414
-0.0030430014199569755	-1.0039384015477086	0.48612024866692827	0.7072709595330554	0.3489557262840366	0.22474678844413912	0.13978650342575477	-1.5320098793117811	0.995100938164325	0.9824478664646824	0.7230206727412343	0.23816406994080289	0.15509305799264358	-0.11575108555916866
2.6587592233052977	1.7550253637747	1.9055369602683232	1.4833335648244033	2.175337230472022	2.6739547853030343	1.319570487609976	-0.2040039892383689	0.12348476144227277	-1.014348756134824	0.4990539296134809	1.134793205352872	0.35825469875092686	1.805776817567536
-1.4103406385189814	0.8918624855078356	0.28700177933975946	2.172856801954629	0.07078947162704308	0.08839067416594693	-2.7296913130941376	0.7265846096048575	-1.341035961454659	0.14453911247420073	-0.09476564741784581	0.4059693144308493	2.3516366226498566	-0.014415604785050095
0.7805032196249133	-0.05746818489712183	-0.7057967696802464	0.7413228814111763	-0.22886838031208045	-0.016011597794297634	1.6156253264966849	0.21421888115391963	-0.8173016725772628	1.2065179559294124	-0.07112897568265554	0.015047260155139047	0.17919049690209596	-0.2218376129698928
0.8896527130089297	1.1956668679096316	1.0943458891823448	1.5214016588247339	0.9083061457169005	0.8864820279129224	-1.660472416525724	-0.624853270054899	-1.3853022820711771	-0.5220571872321541	-1.145640629142365	-1.6489671122613134	-0.9229343422703666	1.7551656983966442
-0.5280298641075227	-0.15658961285030254	-0.2397599451976446	0.2259169678887613	-0.5908723584450993	0.00019131362738422641	-0.001972241457511494	0.5924317331657818	0.5357614577482664	0.8598625923512763	-0.1268271755590728	0.6966841911243834	0.43550841515487293	-0.5991503357807463
1.7431659947802771	0.30973861673911296	1.9207624042733225	2.368475708583329	1.7838831306504446	1.2407863326903141	0.2422448403407625	-1.5479369224781323	0.3994779406245324	1.4124300077136351	0.8448158569447505	-0.5128723603370526	-1.0693547554211742	1.4523717213102272
0.7271594663479684	0.6902668161131781	1.896128259535865	1.538048452917862	1.3922237702799751	1.1173025292168608	-0.7743665460945662	-0.7705868065768583	1.2024124247432755	0.3074285918647725	0.3992854920330827	-0.4239393739506677	-0.10025788054221614	1.1726704761677362
1.0299875048342155	0.06064363931923891	-0.0830576156598819	0.23510101280640983	-0.2335615684536158	-0.33742038421438414	1.4100857634245356	-0.3622959136152851	-0.7349532008787821	-0.8665649942224356	-0.7390458841605526	-0.6777094386478849	1.305894277740503	0.01684233194030936
-0.7171512753259495	-1.0103736730761927	-1.1067054141929478	-0.8570642195431311	-1.2504879971943588	-0.6340008555792762	-0.1157305245105527	-0.7314510936009143	-0.9466931498982357	-1.1406653567416678	-1.0538418959741342	0.1388540946035491	1.1434807404329892	-0.800199165002242
-1.0634714503953662	-0.8000868777547089	-0.2271732509704235	-0.5330581539275908	-0.6273894265647355	-1.3755923030959898	-0.019750435957342986	0.24195276477152497	1.0026141482604958	-0.2108610634181079	0.6714383058693082	-0.29896119955104505	1.4124604010336637	-1.2277506168243566
-0.07873169599716134	-2.0785602276998842	-1.4028003550755825	-1.0292903283485941	-0.48270214595679894	-0.4246422943502093	0.9269128093174169	-2.4061369915733204	-1.2786493303494262	-0.9906894156480542	0.25362648076070893	0.01828753154335044	0.0036771419228957907	-0.635613461140471
-1.7874982084702573	0.0720928744952174	-1.0655843675616716	-0.9087966052992681	-0.30958244949316915	0.32935938482070415	-1.144977050960851	1.9342297085630964	0.11730592178310263	-0.06270855354675621	1.3013425481914398	2.184111629928981	0.3887114109374344	-1.1661872328301273
0.11176658576945231	1.2306212573762476	1.5340715545522774	0.1122734741089142	0.5318038357457507	1.7479168469118789	-1.7694853321469524	0.5184447256314938	0.6076873080323234	-1.7484991738603837	-0.6668348289151976	0.8894880749293674	-0.7245504230850033	1.0644645066143519
0.8678694929765404	0.7718691372812462	0.9358684415351535	0.018966038855778522	0.9939131890965979	-0.3066788255086983	0.2854481978206395	0.10531973148324786	0.457869694402545	-1.51166866158868	0.47863583937389637	-1.8710761895093984	0.3888845982248849	0.6309003787463204
-1.2199084637447823	0.268055612662372	0.6548466047892545	1.439066878692886	1.0853747304973111	-0.2761905461235106	-2.224299247039118	0.12155381613522903	0.6940750104868174	1.3795758678371102	1.5694893240185699	-0.5172854243876416	1.1829285303599837	-0.04146238309076216
-1.478060675530193	-2.4028590973924784	-2.9824478937167016	-1.668410346185096	-2.2871875949746516	-1.5755336420599122	0.9261836011774627	-0.43109838078708423	-1.5240135438922844	0.44653782721566254	-0.2397215365753827	0.5306921033183306	-0.29423013522182834	-2.085354041875862
0.6074270965410601	0.2192837992753885	1.2088324700381685	1.0965575495445985	1.2630374883634126	1.9282294514725877	-0.34749564962042456	-0.781416538391272	0.7139438593304195	0.3297687909662531	0.9559325430941141	1.6384433894582469	-0.3436007116218108	0.7568538646345139
0.21797745340783248	1.7397763301887954	1.2890891102085544	1.7629874252878783	1.3614846930682618	1.6331981254045822	-1.5838381972854396	0.9375179854514211	0.26012039560663297	0.6224920527057322	0.309025181963627	0.5547265101333316	0.3304220838872057	1.111181122140502
-0.4373351653198092	0.01672663613475467	-1.442820572669374	-0.5649603531203051	-0.8009549858166214	-1.5024530169379242	1.600223258709048	2.1596515399847407	-0.5322127495610216	0.1800795153993499	0.9686670788692177	0.11331876970153956	1.513832739960908	-1.581830835848271
-0.835841852163006	-1.327657802027026	-0.15924282705054216	-0.5424442733108146	-1.9626223021770528	-0.33826638696091826	0.48953801091068294	-0.40658434214066563	1.5860430809889197	0.4108918257618174	-1.4333024675273474	1.2987069069115937	0.8379239640713041	-1.2512919895568875
-1.136706285594839	-1.3365599930699883	0.11055674820450878	-0.4019732670262324	-0.651702664014839	-0.26473056076382695	-0.8807291100934922	-1.0617915233069353	1.2506047104198637	0.1536055037420654	0.07886642560525388	0.3206751417739081	-0.24053697084756642	-0.651377684916314
0.852577685072407	1.0164293911922013	0.3345949772522431	1.367126722191592	0.45603925572851695	1.1924686060919483	-0.06032244441965085	0.1523516477820532	-0.9181062625879955	0.28903203876723144	-0.7607175795928751	0.43984618429976124	0.7284768290447734	0.7793230367140147
0.6723967138961986	0.5726442384811434	1.4046872476919132	2.590879096674076	0.08114326948082562	0.5513812898823914	-0.2804508428971967	-0.8156440709352468	-0.4268463758175017	-0.01315689356963273	-1.1161244533266477	0.13829382727005687	2.30106134284777	0.6018184124727376
-0.18982555138207546	-1.4479843862442758	-1.1660428152840725	-0.5176253106596063	-1.2631483653008573	-1.5789857516359085	2.221823944516141	0.0924285066929943	0.6456402416590908	1.2582567323339422	0.4077003385754934	-0.247554056565271	0.5085234912287319	-1.6051461885058187
0.5098130520816416	-0.6572895328904823	-0.11153460058321449	0.8991145653432916	-0.5847027145720768	-0.388990296375725	1.395812166238717	-0.4349085098383151	0.40441336098777414	1.8207390157464283	-0.3142476902459452	-0.37537038425912017	-0.17882917516711935	-0.3605785919540694
0.6357061937332404	-1.3509225390332953	-0.26838322161927836	-0.29568529263688725	-0.052869847154666166	0.32637281586594735	1.1877755942469639	-2.1256691509277545	-0.2850380744561699	-0.7029793506198541	0.03785980728639874	0.38066810271444856	0.12476226515003759	-0.10047350150665008
-1.1651830876768021	-1.7774300948127058	-1.5733364113897432	-1.0824198543481205	-2.488434988039598	-1.7791147020571016	1.0400670897425106	-0.006379948771429998	0.416240299410243	0.7794012488826192	-1.1864118870354035	-0.1598460836124258	0.44893462455054084	-1.863389050459956
-0.41962495182137144	-0.24697810869076636	-0.48333106016458954	-1.3139266715558138	-0.7381140685739198	0.24828309718168862	-0.153401029870175	0.42750898413519633	-0.2061271213143968	-1.7175673759408494	-0.39729374397579553	0.796483758415352	-0.4844508921117718	-0.40659332074952975
-1.182844745365742	-0.7345029072287781	-0.7476484901508887	-0.25604094143319356	-1.2598044207471086	-2.945041870540564	0.7683223476155491	1.2853636263725143	0.8871612302140263	0.8626094105737716	0.6363958291335342	-1.8063569783437836	1.6742569028389445	-1.8405724636200755
0.06970127280235716	0.9462937787794887	1.7077090191700222	0.8991352864412266	1.4825485023346574	1.3188373979562404	-1.152149746056196	0.4127808448564686	1.6191325761572428	-0.0032886504644334285	1.3063035655944162	0.6507650824340593	-0.16183155564716337	0.7309915829950403
0.6613054804801016	0.701439311029076	0.5075151728121634	-0.3553761096399143	0.44510890516639684	0.09632925641749535	0.16198244040975937	0.6661870731393955	-0.09575579963511635	-1.5028883540663776	0.21604982847926957	-0.8363830077931667	-0.7514822920197363	0.452023525549386
-1.151783974809129	0.8792427119587438	-0.2894581745008065	0.4751944231558463	-0.6982822913341415	0.18635507342767998	-1.1583740167662266	2.0967259233274946	0.08707209799254288	0.7467467402879525	-0.45143846895889184	1.1953974810089063	1.159891690891091	-0.6107711802159711
0.028508295056387967	0.6752405471785948	-0.2640059834372288	1.3666185032095561	-0.17412689364806738	0.9603244895046372	-0.6131910960916935	0.45374102400888117	-1.044655109412685	1.2584629863004388	-0.9606728702661805	0.7013268643248134	0.2787405432855356	0.347247824116159
0.6141568341198034	-1.376578446277271	-0.15685520153200852	-0.8411616386618171	0.013563435625977727	-0.6912677283782229	1.4458435493241422	-1.4289310581887404	0.15590818818399	-0.9462494915316002	0.8640421779107554	-0.7819581904917497	-0.7625761302226973	-0.36670458531948735
-1.494234730087119	-2.001210008660625	-1.051438545107217	-0.9322243292609153	-1.8037342849885083	-1.3117227974946144	-0.555263076413772	-1.4971314412622827	0.09630706294088637	-0.27009951956920447	-1.1199974258410115	-0.21461547197662875	0.9674845507153497	-1.2964280540463253
0.2523120118687947	1.523054622262371	1.796970658923149	1.6009607229063683	1.6134638794349527	1.0624276335238354	-0.9681931370600388	1.1248524136604012	1.6634079112645648	0.8842633652737119	1.2801405555724386	0.20100797099120932	0.4374405043866442	0.7606550731888017
2.003005931331163	1.7332396571403925	1.340674469517631	2.9483398092936755	1.7933616625747861	1.703113843621281	1.1159754028109619	0.3715699789385363	-0.9240307884236376	0.6540197349724166	0.8233751449637151	1.1104315500152013	1.9744410344170138	1.115409462893868
1.71604218932415	1.4278596714232383	1.6944080468659297	3.350279423468947	1.1534286494022046	0.7682384790709976	0.6811065339892236	-0.13393362710179615	-0.5164496840736591	0.919174464648295	-0.15240077989074186	-0.3327391928513939	2.1523589344113603	1.077748060802044
-1.7675322288827022	-2.04443873460788	-1.5340144573726877	-2.1208747533926675	-2.679415767532099	-0.4119182793255233	-0.8776246899106558	-0.9188031244499484	-0.48021376347783046	-1.448303743041658	-1.9972339461891544	1.3115577495109827	-0.7191609013004022	-1.3493246796778307
-0.08509572925148712	-1.0801451148141856	-0.24424428101805834	-0.8105590987893914	-1.0323908426085753	-0.742526666470154	0.9794263579751461	-0.4041741332046651	0.7704124721424445	-0.31761320432057205	-0.32965199255746425	-0.2919466372139071	-0.45170602233006146	-0.7472994304253742
-1.7415916926372623	-1.0370813867096496	-0.3235973562423298	-1.1949320790955844	-1.13338882547703	-0.7987577922169424	-1.6903949633052144	-0.3934569261738529	0.7192370230653188	-0.9956636702947504	-0.554363918318756	-0.38755151435790514	-0.19234262083096093	-0.7625387068391457
1.7702577319261303	0.9685355048146438	1.6131320373993019	1.8870603293523256	0.7520249247563944	2.596699240997797	0.9366879995428694	-0.2956796223788578	0.7160503608159801	0.8977316639889773	-0.6567649905148576	2.0350530487852976	-0.16165906125343524	1.1782750904926456
-0.8130356112700527	-0.9991168907109578	-0.3063611537419674	-0.1314956956479794	0.22982944133078376	-0.6795477428297159	0.0015653183181375467	-0.430815540133519	0.6804199699911023	0.3693378500437788	1.6900716509040763	0.3276896163567932	1.116499922523181	-0.9639275511354827
0.5714487167413032	-0.7564417487239576	0.6117883652845333	-0.47610863201503634	1.1584928817522964	1.7812317061355805	0.5929166641980469	-0.901963348364316	0.3633382799958518	-0.9626348233907487	2.1736783890409477	2.80481739537004	-1.3152811586533781	0.04779249202530759
-0.6103495301405574	-0.8628030896731641	-0.9675913440615626	-0.5431165169540428	-0.02378094904414796	-0.7789958131004902	-0.20730648579350977	-0.38908698980278367	-0.7436144816617332	-0.21181306151911913	1.006047197730731	-0.6874253075220914	-0.3886175800842882	-0.5516273797746363
-0.7228736027914717	-0.6151605235003699	-1.1544600873473942	0.10642433227853787	-0.9140290311870667	-1.1269769114255415	0.6401415293458712	0.8185813198272793	-0.05495001503678831	1.6867159629861805	0.3204986112220621	-0.3390547884972676	0.08275165026440146	-1.1228596454496176
0.895643269439758	0.3630196170921034	-0.11573952000303128	0.2520517275807402	0.9482566399467267	-0.35306984834527577	0.7973996040005052	-0.11507606758759387	-0.8310161572765351	-0.670294316092224	0.8648974477299283	-1.4651088360040894	0.43656039414411263	0.34475317881583717
-1.490281595834639	-1.3930803947213586	-0.09466482853978786	-0.6792084260556117	-1.0563435676135193	-1.60052680992746	-1.028902298464523	-0.26471258644829115	1.1546361456228844	0.4527373353719015	0.23118974216029084	-1.1274106586377266	-1.0760811002909487	-1.0190366227941943
1.9293337598986482	1.030805896037894	0.4760454784470178	0.5371392695387983	0.8573892428551886	0.6343743620237591	1.912007289731598	0.8376284175403029	-0.5034728989347586	-0.38817868585385445	0.5280175583770007	-0.31420576835328334	-0.724541490301902	0.6731371435740927
1.2553697956700571	1.2540084703715224	0.9976572078110699	0.6750027853136761	0.3129195333371941	-0.26320891427184034	0.5322039540469932	0.985247346621551	0.09008614858978616	-0.3936452173090663	-0.6093875309127216	-2.0410060530910115	-0.7859732817181826	0.8200547187422282
-0.1308728890132462	0.6795858420447968	-0.7904660720098461	-0.6960637892530492	-0.9565127029863554	0.42250970702536084	-0.2818100755236548	2.0562638502360437	-2.227180471241752	-0.9190886861283875	-0.9875551043037476	1.1022702845206254	-1.8979310653478287	-0.17458625502726374
0.26784108273969365	0.017998656640617117	-0.632245577644497	0.2054004244743443	0.5364700511236551	0.4816424287779231	-0.03950308293006423	-0.5318303880142967	-1.569554664070436	-0.7092546363710087	0.36347837510976005	0.2952797437825845	0.8345917762630276	0.1701785341965896
-0.5495436755074068	-0.7095913202015031	-0.7984094517816754	0.05673054837878669	-0.3978493436082682	-0.5207200999059672	-0.607800994611161	-0.5116450901992755	-0.9881712518576083	0.3808753938373713	-0.00454454368129914	-0.6736258705361459	-0.6115250006518688	-0.280299265951564
-0.6824429217483147	0.28310060365528966	-0.11787943914462938	0.16040041007743958	0.030013454686535115	0.3065807885260324	-1.3036748647209382	0.304052544054472	-0.33470502422347864	-0.2354452750063477	-0.11770664549478527	0.044224329828726226	0.09828804992350941	0.08101146723790455
-0.36967635146777866	0.49838635534842346	0.03211831233907261	0.900110829099208	-0.7255633569091375	-0.5498462572334146	0.2486875687810062	1.4713118899935311	0.3403864591633303	0.9619325249622069	-0.35262274765017776	0.2974222329403049	1.645179495731498	-0.7134366777939948
3.0232277278335196	3.6408405544030154	5.070655099843563	3.309952468734124	3.3060916978737653	4.541965251159804	-0.9269782943408932	0.8824065297467061	2.0867936589491776	-0.22951131362143	0.17330811070027594	1.860790812696529	-1.4457418481379591	3.400545006182584
-2.1759774276343764	-2.787368734629387	-3.188974763146618	-2.8290739036254857	-2.960224506735484	-2.1942885838849717	1.3468705748982521	0.3263271631472189	-0.31306355148142234	-0.07823220904909435	0.03828944242110732	1.0163943048771036	0.09982253774135694	-3.0031295400659896
0.6065259612744778	-0.40302631721043153	0.23409474930281804	0.55086301762026	-0.4163006890425015	-0.32335425452888156	0.6198480406049404	-0.16692501865910706	-0.6288460852998295	0.796483550921678	-0.4235687993976158	-0.5578453547556926	-1.6957614926235534	0.036280992509743384
0.18949282502768422	0.2215909364657562	0.17883243656976278	0.5971358944972995	1.0537230558166275	0.9898260594119935	-0.18269939775167138	-0.18793553443546854	-0.1914857145000436	-0.005600902720250765	1.218865535162923	1.079901891336155	0.7164671816090334	0.1910588208052306
1.1734785306202113	1.79379209935799	0.2826424889505017	1.9400982386585444	1.5030241238370534	1.9887757922167602	-0.11526659650325963	0.8085685426766078	-1.7260165655530202	0.45239226935353494	0.3841300208311709	1.3151338639015204	1.0459004237509277	1.0994708890018399
-0.7639036860795901	-0.4793278629113693	-0.8408342621378486	1.0511149303089964	0.0848425750556041	0.369993771837121	-1.220006523420779	-0.8179982659004602	-1.3692926491707116	1.2532686055269204	0.15089865835453128	0.6379376764663841	0.8104048222537098	-0.15060986782183516
-0.22422259223849034	0.8754265350248227	0.47587272529637986	1.235687116937351	0.04635510916373095	-0.8075396444665535	-0.7107036859955578	1.1034598390883699	0.5154165586250348	1.3443361912377694	-0.27548359001572187	-1.8879766597290728	0.37209068545336094	0.1389324944811286
0.533010663596682	-0.3376353326177759	0.3337826203933164	0.23201315342951556	-0.17203843166603217	1.6288257055198918	0.49182963768937865	-0.6912735645189217	0.2168235753044317	-0.10315430714423986	-0.41995204607296965	2.1379925860038105	-0.4395734913168855	0.16504350435695422
2.062521799412911	2.045615976571082	1.55071109431023	1.4809216815504314	1.27012694159423	1.229984005651695	0.7993314932227252	1.0222349004820088	0.004817771266372893	-0.27678269746058376	-0.2740380550528397	-0.7794842276513367	-0.4097950188600992	1.5142340400538965
-0.27143560472937667	-0.444163082487604	0.6194843734124033	-0.3453093873161192	-0.342506827750378	0.05258731039286256	-0.19801836013238222	-0.45850270142144106	1.299831519392874	-0.627363142668826	-0.28907958387206983	0.022531305413622464	-0.04151141913822234	-0.16075917780709492
-0.33093882265740804	0.40936402165235536	0.5060929910909449	0.6777771739521797	-0.4521479281836408	-1.142793112355856	-0.6827792822572855	1.0855811596274574	0.6383723989253873	1.08927594011553	-0.3944987615640877	-2.011313919837274	-0.940580136368386	-0.053868646850441786
-0.9803993186317947	-0.34218355674133294	-0.14772368700356614	0.2045592391119772	-0.929845140860798	0.340626627523781	-1.1814427287928688	-0.11829783871406888	0.2241449469316681	0.45902626704678384	-1.0977227232811957	0.7064365399600636	0.05844480327865804	-0.2828938141686232
1.1371128044940282	0.2888199073746848	1.6892681020484828	0.718186835815902	0.47440181164669903	-0.2486028562070981	0.42410464984899315	-0.5743937633807784	1.3552532964583062	-0.2592742515005209	-0.2844527071750328	-1.9595139336332998	-0.7096692911088287	0.7753900236249176
-0.4205534141669477	-1.2436076486047518	-0.9763455468758137	-0.45045727567534866	-0.8998932579079973	-1.0915170592028127	0.614901281685416	-0.7571813495712241	-0.2974646248255202	0.231062262855398	-0.1843190197663034	-0.8217447151165422	0.04485130516766303	-0.7982690998955501
-0.2471070826896729	-1.4655523981564254	-0.6943402575678398	-1.027440786678961	-0.2639027893581822	-1.0465471785241245	0.3577323680330399	-1.1930060792291146	-0.41722361768174177	-0.8855300271313641	0.7786527896271215	-0.9966096055817236	-0.8336841148865836	-0.58301192764164
-0.4378817834254135	0.18784338576128845	-0.9224107949260432	0.3872926410644676	0.328094823571152	-0.765473016951385	-0.38004294607804945	0.6410084925788051	-1.128979553447073	0.608362304052089	0.8784690332847563	-1.1184001906481609	0.4067624826533029	-0.2781142063166552
0.28692106514965593	0.029254039252075814	-0.7959263635422904	-0.3730062044137513	-0.5167107603383936	-0.11782472806307329	0.9256381313979067	0.5367911082040361	-0.8603881361823794	-0.4675998849731723	-0.37316334400182544	-0.061641753328133764	-0.06181466622669713	-0.2804576924250064
0.8289851881806505	0.8911780575050546	1.8961516593941012	0.9253574420947762	1.6341855122927156	0.5438551784100027	-0.9337627142650214	-0.8647972395926967	0.8932292698224695	-1.1970294064889073	0.3816165738992421	-1.555567452372166	0.5280799074025058	1.3044404197801716
-0.5156563065290432	-1.5344716515712804	-1.4891356167042424	-0.25159414442328154	-2.312906289941513	1.2384413701563388	0.06501090173933087	-1.6331540472303214	-1.5481457196260342	0.17149832478435303	-2.930543728453132	2.664908822593675	0.02919729023472256	-0.560418681280032
0.5548606690749278	-0.2155693077158895	1.358001814607979	-0.29886831349066656	-0.6345789607167329	1.17178948016174	0.962098952528784	-0.3308465141735993	2.3541299781630105	-0.8142729325973554	-1.0283393757697181	1.7414270026215224	0.24914917857516605	-0.06689123492676316
-0.962695089018871	-0.6050392065022125	-0.5509627645944151	-1.4743498849974876	0.013873526648339574	-1.1041670366927478	-0.8704988142288413	-0.4467603521782194	-0.5356591218086668	-2.7677273090951107	0.719422749133215	-0.8771124980668475	1.3871744577197485	-0.6144178867392306
-3.5580369861431693	-3.6375157842769035	-3.677578795580657	-3.101114331416957	-3.1633832511099964	-3.0003320883647113	-0.5471615772528062	-0.7180193654096655	-0.7026427402579817	-0.22081383216945571	0.08178701227446043	0.24801006836059544	0.5596243912017735	-3.318629043271459
-1.3434364634851061	-0.6482206666323125	-1.2735494364128708	-1.6245689749525534	0.27830622846292574	-1.1001841738287002	-0.804495267651541	0.3179198150879249	-0.6415426369188304	-1.7017494760164928	1.8708361631182848	-0.5403692170976437	0.5417553244206685	-0.9473236205692012
2.0305577990235895	1.519549889524573	0.4215335562877611	2.1532405388368416	2.018513694926852	1.8568030373700082	0.9716346220623003	0.11986330637476882	-1.7024798053608245	0.8425874163575496	0.9514703798335259	0.35658136897320725	0.02360975133539796	1.442909955432632
1.5633154558859672	2.2976452509734084	2.0700279547086398	3.1646304574769633	2.2006673191493924	0.9373475538234359	-0.5015854719697103	0.5419015885520014	-0.041457555900956705	1.0723007253567876	0.5264553671952759	-1.296410102353987	1.4284346783888635	1.6868173621644347
2.9662428082709984	2.482952228796112	1.6665027280600047	2.8851796624157537	2.679034469919249	2.9558622794373064	0.7373592506109315	-0.07219044412463184	-1.3871453732257868	0.26009248597581824	0.2548598750782459	0.44195988719345664	0.16441501281653417	2.493383492707584
1.6098948156583375	1.5800482975110177	2.4623992510852335	0.6695424218831378	2.0422281434207665	1.1386599938870505	0.6486875956479066	0.4655084455190764	1.8656033543305253	-1.7429455682043793	1.320798412563855	-0.0042192037750185376	1.1793158627889784	1.064880057641776
0.9776597270212888	0.712289868896265	0.8914516117979067	1.0754400789947987	1.185858714520709	0.41673568000515204	-1.1104055153081416	-1.5729998194888213	-1.195035160610551	-1.3302109816314354	-0.7804266771640866	-2.243504130562505	0.3908453488238028	1.5779206908247971
0.9315538194656092	1.3648350747943363	0.6823107936930614	1.2237064662427857	0.16738176311635472	1.654523127856693	0.30304831488558864	1.370928040084156	-0.071994465196246	0.7557648133625208	-0.635479760552672	1.3816049567563724	-0.5798824520913517	0.6582547411621132
-0.27508085625844303	0.8173737403304324	-0.292480826957649	0.5893629869042963	0.6966976652529931	1.7604217565694198	-0.9404905802126173	1.44450082601728	-1.0716261930791882	0.6085857253640787	1.190576571146411	2.5028291354063383	-0.9997027108227142	0.15061378688460725
2.6760468051524455	1.8300335181833958	1.0830906145902133	1.2599574923063424	2.4025132462544976	0.7986052414668106	1.6492705426451753	0.23773760692026683	-0.9776337936250981	-1.047385434348105	1.1919231580069078	-1.7802837650756718	0.09825420516179392	1.667740112998877
0.8602382918976565	0.5668283367516249	1.4744009831053746	0.9998861785934111	1.001096330994815	-0.06600585598209707	0.07358808309198986	-0.5138554503611154	1.0063451477228949	-0.35176245991891564	0.2592758357348699	-1.4295872969043797	0.9767194536797481	0.6797977162323445
-1.6529211908278278	-1.261813045629782	-1.0528119467703199	-0.0936874370450812	-1.0820667446379715	-0.05062816576987739	-1.3736699658353548	-0.092515977213675	-0.54781196719152	1.3697392157714576	0.13163100425520158	1.4071999764270136	-1.1312245290673035	-0.9800585534881163
1.1719514039741132	1.0711239202831333	2.229065497031883	2.0523790583844432	1.542733041906559	1.429317335577307	-0.7498554473052312	-0.5289369373291396	1.035729327177175	0.7141969418232438	0.24144725757132768	-0.4152847192184529	-0.6600470206956287	1.520495486819743
-0.17210865999760405	0.5432504024127014	0.8311594872111636	-0.8375478990911684	-0.502124115972345	0.7126527560675983	-0.6232464595648112	0.6640298255762774	1.0874715716987209	-1.9740868834096312	-1.0784390241639128	0.5674944730087191	-0.14747215046284506	0.17432693715950398
1.1606727110709265	-0.18071181590149699	0.12845599824473142	1.9010019445072455	0.36438484298959445	-0.10111842431775431	0.49113867849913956	-1.3649556282743176	-1.2014069298255914	1.7150831921829415	-0.47089163119521005	-1.7133267736019546	-0.6424504257887794	0.7667516462208495
0.24202277081782259	0.36195878346319893	0.4464006827327113	0.7901822658526172	0.048794534024912184	0.46457917206332283	-0.22848638115572428	0.10508315872840612	0.16101385004870067	0.4785800957241373	-0.41737226216558226	-0.11995212722662138	-0.21022350171384652	0.34095358856892455
-0.801532112405019	-0.824468863890158	-0.577783865323125	-0.13698545141263746	-0.1226196986677906	-1.236522264142462	-0.7261816080598116	-0.6702715817021747	-0.3149332475532659	0.13881157670464436	0.4993040566325058	-1.7355016078105132	-0.14607274388294642	-0.39309136609226397
-1.409190333506476	-1.5498600010748291	-0.914263131515501	-1.0456083326388803	-1.3772882473124939	-2.0278943877578155	-1.114478075351382	-0.04726356752591439	-2.1469870443374064	-0.10408616987420069	-0.46616747732020064	-1.4281179418729553	-2.618838690639693	-0.9977341224313419
-0.33171636038230135	-1.5045895269872582	0.2763057926257415	0.2763144413739551	-2.178313239002059	-0.4889068402357247	0.5378662747542264	-0.4037711211782101	0.6375447298666592	1.8653431426522613	-1.869605319335622	0.7622896460671919	-1.95571355107439	-0.8711841440654542
1.181104875136126	0.9248397773383092	0.9256088503952484	1.2732401755673703	0.9895614126442793	1.3219757673598516	0.4984275249923088	0.4621580220166746	0.09548392630826698	0.6499674406248195	0.5541493202217711	0.640263392913267	-0.6635581860869352	0.7802566013456914
-2.672221706058223	-1.2616199755950872	-1.9732107113950252	-2.3115960917969978	-0.7646313712232985	-1.9887216347617607	-1.6496775648847466	0.7132094241635296	-0.47885045746973315	-1.3701372190214087	1.5415234458718214	-0.8378750301479665	-0.01790536384565294	-1.6859645573240745
-0.8183293311552995	-1.754014259190465	-0.7260098793028019	-1.8135342108247117	-1.363342158221452	-0.12723180467944595	0.33239703060312364	-0.9467919607694489	0.5417614593559544	-1.409929961844003	-0.30107237697370587	1.3122285390004664	-0.46143727775768345	-1.093651627177259
-1.4626255270363562	-1.1499645776258682	-0.604422459937468	-0.4655222967689278	-1.188300384326458	-0.7496488724681183	-1.5888664653894045	-0.8284060250488645	-0.09944590860796948	-0.04327775143797608	-0.8955517342545232	-0.59936868482855	-0.3892863650811901	-0.5750636895803115
-0.7637914444003342	-1.1359514711560608	-1.3512862798567529	-0.41064288660613235	-1.2406612092561862	-0.4220495769994391	0.7043250496576204	0.3144261600422632	-0.21554723983949817	1.16931896616997	0.13703217246346652	1.0693811036867769	-0.37363960312123146	-1.2498792465571722
1.2935128452835807	0.6148261460170423	1.6783961635746467	0.7483806225253165	1.2978052285867678	2.1241614052573303	-0.9137875312899718	-1.648153680071524	-0.25217750704707437	-1.8202327189875196	-0.526534229581942	0.38220687818560534	-0.6747006294008164	1.73865847994012
0.5103073338796078	0.4218433002553897	-0.5703573641161985	0.0631449526284805	0.5128727236299986	0.3872694375412796	0.4429138554591724	0.8157472924546904	-1.41958308231185	-0.22007778171897072	0.926982592583031	0.2500383169720465	-0.9124403712871136	0.11488299903999825
0.7075977322099788	-1.1362823334271388	1.2501237077720369	-0.7288073390452	-0.1609175294714828	-0.4128403257124814	1.2378031494424229	-0.8482800857990599	1.2966294416294808	-0.8515944585937666	0.46059440719100764	-0.16806654678048047	-1.8973530452793672	-0.2478436728918294
1.1040888641194622	0.4263889876216205	1.329949792947721	0.09536199890312635	0.3505942620885472	-0.08035045710658689	1.11150667418384	-0.1256198068646297	1.369376280460583	-1.2687714470684568	-0.19408508382342216	-0.7973412042722404	1.031804254077443	0.2954000209249097
0.8529489019881961	-0.04968417916713902	-0.33545273680145493	-0.4832197255051561	-0.14588616072769545	-0.879827160721213	1.7535226195001208	0.7965013276742673	-0.3128967151410971	-0.3749391406713215	0.5883610848157877	-1.0986057612890825	-0.9660666220450262	-0.33437165136269414
0.9533172017638907	0.7306033336473146	0.1505579935856669	1.5708726448618682	0.360181335971429	0.6719884371272473	0.16814205108055694	-0.35528675226550405	-1.4423229590743951	0.2715716819585587	-0.864950410801619	-0.12084586830224532	1.2815893551721613	0.6874575139721847
-0.0558385833311392	-0.17096292159997456	0.43910107159704037	-0.7075878942283733	0.30816906075801026	-0.2208454180807832	-0.33683949065740987	0.35533567835383195	-0.11426333334346929	-1.1584684937783696	0.9288984479087617	-0.25145488556617906	-1.6700499996721223	-0.05015432867784925
0.5126046586831099	2.415711981232623	0.4638553170891049	2.0150424313744746	1.0854844595234396	0.6851518974679338	-0.8457717467859175	2.2080653162841597	-1.078627508507885	0.910688596429624	0.059219687361764466	-0.4655959452893592	1.0922796245512258	0.8724168665518823
0.6592256826376076	0.059733581754752345	0.8281984743233415	0.41551887318889325	-1.1462116004205487	0.5985578292171548	0.711127264984345	-0.021776962969084178	1.0499730388974713	0.21026436656961192	-2.0362628936476606	0.42868014482098504	-0.43652253429550686	0.16010426639530423
-0.17811855321340903	-1.531305376116316	-0.1889548650265903	0.26129773851619836	-1.1706060423652003	-0.3409553202799759	0.11402851908342188	-1.4647354436397881	-0.13990701536861447	1.0158896453756625	-0.9590459225507961	-0.002199888347025647	-1.2283712768485557	-0.40678985456273187
-1.004073763440779	-0.20542626569635936	-0.5360707871938137	0.23701347467111689	-0.3760021306317206	-0.3148523000285949	-0.09047996774784531	1.1202461735326081	0.5302090772614642	1.2190905132814425	0.9065960669029137	1.1569415874074782	1.1057133656492646	-1.098716642945777
-1.5065819042328215	0.8294185398583049	-1.4125708736843638	-1.2034155996203433	-0.8020710905882249	0.04744339739845235	-1.8088758744811875	2.082721096240112	-1.622446471451846	-1.640594680569727	-0.6363629130561935	0.48315069521748477	0.10559457995289857	-0.44133303387634204
0.6312350866794317	1.1084502059093244	1.8092410551074942	2.1494926156360026	0.9070112646105739	1.1533692063043437	-0.577431934307597	-0.03633770074623422	0.6618418677334366	0.3019340808811374	-0.10149639451970272	0.7064811725221197	1.7881830384506063	0.7726162186669436
0.7609758663250994	-0.27606843532974273	-0.1448142383843793	0.5998616416652343	0.9047671653748759	0.3842229422788076	0.580464930282229	-1.0162975259109954	-0.8807710020048385	0.10358633078982686	0.9512708924440606	-0.3109996755291764	-0.20688854355431918	0.3750877889277183
-0.9687450126992809	-1.1630881105098876	-1.0688555122443448	-0.4982914381950371	-0.9950662382907953	-0.5304254446797538	-0.175832737699739	-0.412571614619458	-0.30656217617231574	0.3591871952685548	-0.13267150831693647	0.266586236359347	-0.13492887474605103	-0.8885593667890025
-1.3035241706290497	-0.8449716718350135	-1.0545721214236305	-0.266358061855245	-0.24400980475210055	-0.7247685232209031	-0.4988416076314859	0.13087140763045949	-0.2917392031619987	0.39966446526355964	1.2187332434994367	0.6010609485799949	1.185441160446533	-1.160582748502596
2.4293598040850406	1.8710506000454503	2.246135953649203	1.505331877487372	0.5292594886198198	0.5592166762719551	1.5724974318384428	1.3322414027296474	1.0119105220571991	0.20891750778297735	-1.005979629139477	-1.3760361517620776	-1.256820824681933	1.3230699233440486
0.18680004747741957	-0.5058278111753923	1.544321052410314	-0.5223251156820887	1.400706401842622	0.8975032974680867	-0.6901495295477862	-1.852451464600137	1.624236953201582	-2.223174519742774	1.325816753709274	0.2402442192143782	0.23414465489034203	0.5588141366066215
-0.5099862505440946	-1.3101797973874956	-0.6283434709219939	-2.0268071806619985	-0.8659885392492123	-1.0774278605120493	0.5035141869930037	-0.13203738884767874	0.03967241080012448	-1.844115237544786	0.502575085356543	-0.266257738237272	-1.2731475498063036	-0.9763278541176276
0.8929289511502998	0.11699178967870827	1.0447222289629465	1.601017077172116	2.037946202930405	1.129093703933023	-0.2565500661418559	-1.5756726465509172	0.0529615829886824	0.5253919765983719	1.6308491315748332	-0.040149338277342184	0.4475642507215494	0.9728825274649487
1.3185858028653585	0.9369081108573716	1.5934267230178691	1.9842437978088927	0.9745909649421777	0.7531452388701918	0.1602034572875759	-0.628331314759113	0.3451095155467302	0.34286710738882653	-0.4576085480896621	-0.6018907459861126	1.2824772008723053	1.0574114595383783
-1.4552912877351694	-0.9812045910078098	-2.3258417911833718	-0.5607533629150023	-1.5662326929764954	-1.6173004745842392	-0.20533814821913882	0.6649026348586461	-1.6224849137108082	1.0298738288247566	-0.3102492268139269	-0.7672709393874206	-0.12367992177923373	-1.3554101875671507
0.9826114875942842	1.5670837378404403	0.88056255553918	1.234103952918646	0.5564538654604089	0.9088048847131917	0.02747898523984424	1.5980579609725507	-0.2786887201166072	0.5732933882452063	-0.1496415376753308	-0.015553627045801105	-1.0644916528256618	0.8211472918220424
-0.37929065749498947	-1.2609278042167842	0.025906239936126924	0.9879118028714484	0.12231013461032253	-0.2905625151321124	-0.1780281310066416	-1.7818083928313606	0.290032898046508	1.2713483725648584	0.609667336781387	0.10476343169640967	1.1845774960740016	-0.42875826773276815
0.1338125596761989	0.7776098869732937	-0.20017113826183264	0.19408298095675813	1.195532759277236	0.2021843491939087	-0.2110131045523952	0.7203118702050111	-1.000995095488025	-0.9782849601292211	1.511488796127485	0.05634876553653692	1.2245797201850708	0.10050682081327296
0.21145338072364753	0.29481098037816406	-0.5030100527210112	-0.49107772252343035	0.6068898680243009	0.7937472834833339	0.39320124603970863	0.5124440852494069	-0.7383992370492598	-1.1587732349771178	1.0357014486098262	1.1630084048737717	0.38413455476233005	-0.08948238172394606
0.9177264456947418	-0.025991425216574937	0.8762053797753173	0.9335734748600439	1.2129464204879066	0.667587052075931	0.3218783410759357	-1.2511305972325966	0.2621904490678156	0.014660694065819808	0.81376729300367	-0.41839395742686647	0.029871415399760036	0.718712650043031
0.3374620404976034	0.4201815405208985	0.32288338363199565	0.9297732210755456	1.201199803999115	1.3205687362700538	-1.4164870510525163	-1.2830333548845005	-1.3978023854853767	-0.7722510478380221	0.018944287333282774	-0.05360765628744346	0.17164606389124193	1.1556723406733505
-1.6777708465637224	-0.814008179571208	-1.0004594319324551	-0.9529564555891294	-0.9404255339915057	-1.331898202406277	-1.1354311959922767	0.22361088811899757	-0.0481889921176444	-0.5112536846526253	0.047537113971080215	-0.5674848330624941	0.8648881731485547	-1.1211523470723175
1.9661126285795159	2.4174855792140066	0.6106236050092851	0.9493259245778841	0.9963792095328472	1.748181890721177	0.7909217098695934	1.7307571836057882	-1.4107630735611467	-1.063128530396223	-0.6392490325614263	0.196768723449454	-0.3001567974323508	1.439062628537004
-0.4583550159403713	0.6489096920892501	0.16100990645165725	1.6664163962524376	0.49227701273969987	-0.3141596042403309	-0.879492798526025	0.6718688387197561	-0.7794473291714092	0.6316704285379153	0.7609163029452451	-0.1462455673836655	1.9712068432023864	-0.14845297978308084
0.5312566592779253	1.1769683354410874	0.8174562106217451	1.7011410459134262	1.0927249953787035	0.6252348645222684	-0.14592209579290558	0.9286066562635755	0.3602333982779099	1.4670617659588934	0.7882618753445838	-0.28815944249996966	0.10306278851651375	0.5991917839796392
-3.3140101729517717	-1.2157756433413982	-2.196325244617795	-0.8004413710994414	-2.3438096859082904	-1.9738340439171893	-2.291484349939685	1.352851136547654	-0.37699492235942506	1.703380630298971	-0.5279033757826044	-0.31248495293285095	-0.23265965518735382	-1.9809543942325198
1.1889747578152496	0.8610895282487505	0.2190505293354384	1.0720537150649314	0.9770545775775963	1.492834700151525	1.3894403156118535	0.7838788189563248	-0.2188402188835356	0.6910249660500177	0.9972765997371733	1.8256339386159546	0.7190025546723606	0.24696172594048355
1.5815546815240191	-0.012571254740211035	1.1701201024697099	0.2552104901302572	1.5975344735550285	0.16936180533890843	1.3314943304589202	-1.3265142624388258	0.670478368424871	-1.2147746841262947	1.3570290237817393	-1.327199619397768	0.08469421692141758	0.7663984593388009
-0.9747827241007522	-0.2418288609804271	0.5573511149499174	-0.2860203121128688	-0.6377580882394527	-0.28194207766317925	-1.2315589505259923	0.2045635452509003	1.3811423194699872	-0.22028549552948984	-0.45761120081214907	-0.29126232666028296	-0.3462644722511172	-0.29531409368074385
-0.6984416151115302	-0.9326271071105111	-0.7718327309535492	-1.396750367786404	-1.0006592914526484	-0.4133488359362347	-0.5013828837253563	-0.45513675312803	-0.6246726756381057	-1.6361366418586953	-0.5913136565067473	-0.08357263822016184	-0.7500318589200183	-0.5095386834496894
-0.16699401741473152	-0.08682545322622504	1.233479266333924	1.1020027513633632	0.9049843467191153	-1.3695058988561497	-0.5063153307445003	-0.41716482345034844	1.8627152424200009	1.1543484775752846	1.2481696609684643	-2.625366622132654	0.6090110094884799	0.04167123894628805
-1.3776518255492598	-0.5432699202431163	-1.4921042531512767	-0.08204232690139339	-1.6964104798486122	-1.025342667721335	-1.3070799809146234	-0.041883307191274484	-1.6741786116710118	0.06838785407591949	-1.8877064310352494	-0.6079710146620152	1.1345977063450596	-0.7450594771973635
-0.4965490278318817	-1.2727280006726653	-0.673892895789693	-0.29460799211679306	-1.2969779257374698	0.6300858582502188	0.06962938752985892	-1.226496787743085	-0.19138679441182352	0.06754703314786384	-1.2667985985830665	1.656686993762585	0.1273801609937058	-0.5623059602255555
-0.4740207974413158	-0.12868338347784036	0.5240251346203932	0.18906197215386708	-1.3697967154084711	-1.2862900316949664	0.5065578815573103	0.8229570835231309	1.4211905795265445	-0.0827330761547496	-0.965642591705793	-0.4233901624280581	1.8110461862500982	-0.9846668708417385
0.6943936725497747	1.083309323248215	0.9079556576443688	1.2191018713131272	0.7429200993081978	-0.20434465670569424	0.3448477167978061	0.9552041282640815	0.7452746040486424	0.7858887419765743	0.3972388246419957	-1.2892079970621213	0.5549567523338692	0.3991954958229922
3.769219367249102	1.6805654928632436	2.3750233988035556	2.3320564675071767	3.164502765850273	1.9250792793712455	2.2706886667045363	-0.5116269585769997	-0.3205316834706242	0.056157376164376854	1.85556643980066	-0.6262645869301231	-1.2745432382397544	2.2424503156573943
-1.103632121472773	-0.13389484508279442	0.40693103066658637	1.7392773510407342	1.7066257497787412	-0.08330199559930646	-2.417817803560878	-0.8612549863273615	0.10685547752539298	1.8147754116993773	2.2267465294731696	-0.7857893216528006	0.7231546261869569	0.23822722147623107
-0.014423054718039043	-0.02300692747017613	0.8537739759738807	-0.10327024857070481	0.2911567639249608	-0.3467521137836711	0.05779417271165896	0.3031847301680814	1.56264050642323	-0.19017192212785092	0.8225658838253449	-0.6817275258898897	-0.42495253308201636	-0.11992725895462167
-0.8107733365040293	-1.4147976044636676	-1.3843510477775476	-0.03353378805909846	-2.256547262297596	-1.5652959722817696	0.8165676217909132	-0.06875740341248701	-0.09342804402569364	1.8943565299338783	-1.4720544974471719	-0.7102844426475029	-0.19010485092500268	-1.3355221922311749
-0.6866692823632896	-1.0248992017255383	0.6270882502172306	0.530356958886927	-0.5834609294157901	-0.8677088642196779	-0.7396333593651482	-0.4742026401177031	0.9602856897891084	1.5302205929814157	0.0778060870339586	-0.7358170868243539	-1.5509686175057409	-0.4301838941537683
-0.6880139281455	0.5167200056640462	0.7149080359346534	0.568431939818111	-0.09738340316547384	1.0312787793588998	-1.5471307747920113	0.451828000401838	0.8445887367042726	0.19336928468032857	-0.5708156012579849	1.069657236270607	0.2496843144233029	0.19568634253828285
-1.0646278956607942	-0.3706991567720539	0.20874385512427568	0.8442667246842157	0.47449181764060333	-0.2951937735518286	-1.8414375823854512	-0.3104175523098333	0.3107589336859799	1.326527011294228	1.084422897129353	-0.6643271896112777	-0.6329985002171046	-0.057848925342733
-0.5278895524127685	-0.7739961331344933	-0.2618469135451986	0.2058596977509108	0.12179193019462523	-0.9256538333239799	-0.7834010594913023	-0.9978581861062176	-0.2818345334177782	0.28705748918109614	0.49340963376560715	-1.6723341247703236	-0.3140486102691628	-0.11247149941693023
-1.0927027412533263	1.6076697565966203	-0.37789952921469433	-0.8409594034496769	-0.07196409380029503	1.462185297903222	-1.5948220866300118	2.8357783595081267	-0.4192081731773204	-1.718477727369681	0.06344900245767908	2.6249613600088453	0.7951494011509558	-0.25282713933844686
-1.0961787749183152	-0.4857638225049812	-1.2870040364130289	0.5294207967020921	-3.1075907000346765	-1.9829292405972974	1.1470503813022104	1.8367280427771508	-0.2915298017107758	1.455175186624909	-2.1099769248166678	0.222916681550912	2.121287286054986	-2.012058105382269
0.6967570915600437	1.7743373803987461	1.4772872204861216	1.2608507760277168	1.1944952097680763	2.3830464866710517	-1.2551800149381518	0.5020198301845317	0.08895715915464987	-0.751371635320659	-0.4546386431344308	1.4221865368352165	0.5627472192732329	1.3605760384333805
0.8603234685905841	1.2721187761206165	0.16968464388208782	2.1285444836720515	0.6004981964443411	0.8037189578822673	-0.5596523476589469	0.747003049556856	-1.874223253652058	1.6938733970937498	-0.4443400031980246	-0.551984680541821	-1.1129191698389909	1.046500780354301
0.4377397525563518	-0.8867286230128022	0.583885287806281	0.7188711804709789	0.8107121415166267	1.3803602877304955	0.271609250691628	-1.8036084890773263	0.5637316633417596	0.5323316693643797	1.0249616823365653	1.579431219895624	-0.20784821596028513	0.23700611362565055
1.086279466594594	-0.2789672828459123	1.7713076865811987	1.3145271489070498	-0.18896939121888712	0.20720156483384183	1.306275124815432	0.1054505108265462	1.362577696484209	2.0221449104581795	-0.15392355290107293	0.38427457008805493	-2.0942230609881194	0.0766070228557839
-0.022322040750889505	0.686443137390947	0.7435451777705695	1.442841549350209	0.6734123998498005	0.8981995122254847	-1.7618448557559414	0.10291675380686859	-0.7309773054199172	0.8531332641320194	-0.017494231940915397	-0.06580408156022222	-1.2427542510573513	0.8732439353182961
2.401124095913686	1.4614690010900369	2.028653535024204	1.4636155045747052	1.856555404871873	2.7133691885990694	0.5130297573201233	-0.9728142170164433	-0.07393226420501779	-1.305026902650455	-0.3144425162333988	0.7416020321139192	-0.12392051676199929	2.0699416346523027
-1.7573000777441425	-1.9894202253703872	-2.2772354685166123	-1.8674007985412069	-1.9123554481664045	-1.7157151804025088	-0.10906835258793707	0.09206151628861235	-1.1024597609059117	-0.17065855259833435	0.16007614741204837	0.032494447495047006	-1.0474132013952986	-1.8351744948644948
1.215019005403942	1.3095509337298674	0.942257370634767	-0.19424222972311544	0.7356638207421691	2.359167033271809	-0.0771633531410589	0.27285413395702546	-0.4738626969649906	-2.5811510264599424	-0.6852478913580571	1.6017827742510218	-0.3085064485151276	1.2075397430586778
0.9946191999404342	0.029047183348140604	0.356923996451298	0.7960748014491398	-0.7701621978485279	1.2597575101907816	1.27155111809491	-0.3472240293709071	0.2630402913639725	0.5857145541291559	-1.678289368658189	1.4676356877233538	0.2579440079007578	0.18579279939053328
0.6400335505783842	1.037923097541121	2.2602895968377297	2.0863774783541253	0.22264443741251494	2.1280433726037566	-0.9989843500918533	-0.26077694157214604	1.7334733549762888	1.1511663688893843	-1.6196606874248731	1.1864199467019976	-0.115696034450228	1.2175284693744544
-0.8599116560122211	-1.4681758350738945	-1.7932021690414912	-1.3755298067122517	-1.5840543088287267	-1.5430472887886866	1.1981353040078957	0.1516786454188249	-0.30673511694469335	-0.07911262389405828	-0.03415794586367808	-0.09378885318745693	0.5104698258138105	-1.6612769874879516
0.8689915987856409	1.1504722878557339	0.7321355081372536	0.4988423643254316	0.09612837920913225	0.6312910912799069	0.6805378481118065	1.148761986298114	0.47486781183722615	-0.27160184883325605	-0.6084537325905625	-0.023671918109657335	0.07573755199138571	0.44606758567858834
-0.456351293054452	-0.9689485883538418	-0.8436583576565451	0.014203244788239644	-1.3272123220932708	-0.04840854929354621	0.31320327571260764	-0.2293415300273993	-0.28261545082388334	1.0380113134858295	-0.8340654868097468	0.8426256896881479	-0.5179749092565767	-0.7277486884860869
-0.29016781922564583	0.12556336807249024	-1.3211673824274721	-0.029330641741021957	-1.078840077855652	-1.6869192101986044	0.3633880323908976	1.708604297551735	-1.5582908245116003	0.9550570077738021	-0.3835366391096123	-1.8324679396324268	-1.1784015055076047	-0.6639189093570298
-0.3285808946075747	-0.26465881658888757	-0.07943993621671905	0.2880595905291625	-0.2751776414914511	0.23296466357439574	-0.8176648451520655	-0.2788629003889717	-0.4008940190274578	0.23630734550424465	-0.3184598380459729	0.05748643837573587	-0.7418485244893198	0.051028628542359414
-0.6320193081691389	-0.05099226333819229	-1.1730496184807457	-0.4120358690483808	-0.9356262481252375	-0.04739664672648636	-0.04417036057771419	1.138251661326331	-0.8867570797056071	0.18539773991000216	-0.3384143990153946	0.7154593303732839	-0.3454226442336675	-0.6648587312872573
1.1580588770026146	0.950124015215208	-0.1274006910517601	1.4286448243010736	0.40059650677296665	0.9387210111744493	0.8078331051627672	0.3290710886207207	-1.5342141296994718	0.44076653881392475	-0.503219451866217	0.5716050609135336	1.1724820619360323	0.5181849496555689
0.16772972630911365	0.5596708460300366	0.2759855123276789	0.6792987095846564	0.4917798021316758	-0.3629849436657383	-0.21898826512246172	0.5448936619223052	0.004592946927979191	0.40624539389578707	0.4314563749928031	-1.3787972270942759	-0.1726629739112964	0.26726724365891275
-0.6650942934831279	-0.07928235571121119	-0.7540922451782635	-0.3827275703889125	0.6180299442548051	0.5632606386746761	-1.1771546878455026	-0.08024497218099108	-1.27972457905742	-0.9249020229381729	1.0815692201878506	0.6003276529802443	-0.18875929996917307	0.00661648759121808
1.5704619044123207	0.5732234935353375	1.563569521990139	0.7758899268011861	0.504135139966532	1.2717307523646093	0.8089761116881298	-0.912996751922697	0.8040548568323576	-1.0217572057940327	-1.0075317456475055	0.243287650332661	0.7248895640283128	0.9760436318832931
3.4319660106015943	1.8436356761685915	3.1235673825771157	2.8970422423053264	2.3940400763590195	2.982799635127501	2.043967174598615	0.16843113489027858	1.1459447860815744	1.3681837704614104	0.9397173655865576	1.5436006139419005	-1.427982774422203	2.028173550118865
-0.08144369423375053	-1.6132647739577886	-0.6938069449374232	-0.4220291922211928	-0.8936585858794239	-0.7364435104128602	1.090515548075713	-1.3823482989748699	0.10370636345381398	0.26725886563654905	-0.1831099806542473	-0.29302808029213545	-0.1237989722785498	-0.7590960001171566
-0.7548141201975779	-1.6924441153158805	-0.08794594637415565	-0.8679645403816117	-2.0884483328291497	-2.075742349917597	0.8464225601943252	-0.12784632467990437	1.8305500078418644	0.7800037628862102	-0.8484317051821354	-1.2824593552500185	-1.0483222685033364	-1.4060718668072705
-0.9003043585302746	-1.161655649902126	-0.796472407879317	0.3156064468874229	-0.6578490872684412	-1.8812671054014771	0.5012647714393377	0.005635398638093027	0.6806042465827669	2.020858801179985	0.8660061290742554	-1.2010770833914581	0.7258531963024301	-1.310207528345468
0.3340160510999233	1.4607221706472324	-0.26697809293276376	0.9941117300281674	0.5102733654271616	1.6619137178580115	-0.9437642369500048	1.4008582987518396	-1.965661796926207	0.20524423745595258	-0.2115951450033392	1.2365221186197757	-0.8080745273623205	0.7818220968685928
-1.4009980116579719	-1.5462061428891463	-1.1116353991568801	-1.143286123888246	-1.4035636778070761	-0.7833915904928935	0.4462169933317716	0.4627721726538511	0.9864358342325499	0.7749501204516678	0.6963432959786399	1.2891829634921632	-0.4229641021866632	-1.7392766260441241
0.6546760341102537	0.12431518390988666	0.7631566956165658	-0.24070517417745718	0.026855781581309746	0.44168494466633756	-0.006970024560640521	-0.8184651689735923	0.20493667805912202	-1.7621649029315711	-0.9809745873474999	-0.6579625700649849	-0.11155704348429599	0.6377056939909013
0.5655282138054513	0.23621304222189934	-0.13706853410835107	1.0082067597342992	0.8412722809530883	0.03720484786209877	0.6073905135737405	-0.04175990128594786	-0.6599468042968591	0.6789387512662586	1.0176978763244549	-0.2275549646437461	0.9880090443644275	0.06366717412058258
-0.6285081693729666	-1.2928500504041915	-0.2790703374567053	-1.0056308691279068	-2.0998921890900957	-1.474053133708633	0.5075005915450929	-0.0977373204835089	1.043592503741809	-0.049962169393989696	-1.4788130135147792	-0.9051951291694788	-0.8765569701474318	-1.0588962640845998
-0.531422640714377	0.40816808462187837	-0.043916274651875975	-0.6578382119452301	-0.13220135736371694	0.7417606596499181	-1.3280242928153165	0.904184587676379	-0.7372694662180842	-1.3745298973004014	-0.08725265060683424	0.9392300767953669	-1.2070267617452919	0.10706268436510938
-0.46722893909298857	0.08743462794539231	-0.2505298682474735	0.45235372792971473	1.0324832855970123	0.3921690003615217	-0.48477115584679104	0.4392831959112352	-0.10850884772551123	0.7137444064426937	2.0143707598057152	0.6305147443523988	0.048830796766988316	-0.1859014489547465
0.7170606485993407	1.0919042137277404	1.6454598851231483	1.6118785059508105	0.2886167530927093	0.9203833854521917	-0.06832847889500128	0.6583886743536408	1.5197015630203037	1.1876967704818349	-0.6806453881797344	-0.00951409373862349	-0.15866508255489745	0.7286040256265355
-1.0451449084556548	-2.177920551152811	-1.5050832613926008	-2.4798460468101178	-0.6427757542545932	-1.9339790243178907	0.4617272026226857	-1.3146497361320835	-0.2614265045489179	-2.15596737236104	1.2436318003363451	-1.2944297915161371	-0.17417857727129876	-1.3542949940193008
0.656142997799597	-0.05603111297897673	-0.37536822525448144	-0.6737248766979836	-0.6391955461264327	-0.8404397858761844	1.5787491774788294	0.43853614482996184	-0.11916514790243041	-0.9251149884943701	-0.533424734701962	-1.2250741022626135	-0.07133030448213847	-0.30488673898052615
0.18955672176579724	1.344915450609427	-0.13195510288821083	0.6538730542291425	-0.4223428326417545	0.5287108288717948	-0.2289200933098243	2.0473717116279797	-0.7260425770989848	0.5143425263320806	-0.9092146955022853	0.21353390262388755	-0.5889858119795245	0.2342895860285441
-3.0053811079136805	-3.3183125492050856	-2.023703398044913	-0.3343781329101374	-3.673511082845918	-1.9300337261044074	-2.018952473627784	-1.711850761736813	-0.8715402286205135	2.6739819857035694	-2.487223013439467	0.07834900764403743	-1.5499058896573679	-1.9812209142315242
2.2842776218584886	1.8175085936736657	1.102965618018799	1.4913794894699155	2.20135303747388	2.4183476786161	0.5723724746501913	0.012751390712483037	-1.3372446042935768	-0.8826366632443657	0.6500676348017939	0.583746219332983	-0.3528030879070777	1.8804183768275913
-0.09005903004470911	0.376448970613065	-0.09978372655000256	2.1123818133920356	-1.6198334418814115	-1.1390319785629885	-0.3779429806554282	0.17517622087843296	-0.9732679159892772	1.8878138162575482	-2.935552280503633	-1.7766667306904451	1.6463720708338077	-0.05793117608075638
0.42685736110945305	0.22125518517799453	0.31813588523316216	-0.2532205631776605	-0.11106788464699915	-0.16804986593724136	0.6641897520607589	0.792124080536879	0.46010510233964463	-0.4179692160507663	0.20911162491585322	-0.35704973635429493	-0.8154696632258538	-0.09092533049896209
-1.4548855079740604	-2.1256793833898646	0.5584515827625443	-1.1146451576514362	-1.3101551572287584	-1.9214013359954427	-0.34905602251683954	-0.0769321004776399	0.7880938501055735	0.6457482740801695	0.442434984195139	-0.3620579595784067	-2.827998945163956	-1.5139203340704894
-0.323561650894619	-1.5887835713120908	0.30255184191617013	0.5334030109324007	-0.2561745092123826	-1.0958892889580558	0.14256029301954604	-1.2102333321230987	0.8289005745551011	1.7792490441098405	0.8741045821322081	-0.912037898788225	-1.3945382936501192	-0.5837359133082077
0.3631699484493659	-0.42754105246718105	-1.1301540321011694	-1.2776084458094261	-1.4981587009497153	-0.02771617565715584	1.617036639643101	0.5566330935085735	-0.8137962657050984	-1.2192748211117768	-1.2318382597196895	0.7784495540292332	-0.4209903253949384	-0.6773228434933374
0.7523186228192432	0.24968607991831826	1.214640114671692	2.369871308380792	0.8284111621848486	1.5439776911199319	-0.6874795136570069	-0.8826978505611057	-0.10767525859377992	2.1601886937281067	0.0011336990727864916	0.7547244918292202	-1.1582226623300298	1.0109493227209876
-1.4463333417065543	-0.7166135455955344	-1.1995551221008527	-0.6335939826016121	-0.8375689191825808	-0.2481245587387655	-1.3016627594850625	-0.09034395988642321	-0.8458278724214339	-0.29111819221167606	-0.2916072119864934	0.4229268651313275	0.18102687404980206	-0.6986125444736409
2.582369384773405	1.8174845943478464	1.329680803210935	1.9844976613623573	1.5695748683643167	3.123325079420968	0.9263954176124879	-0.43918533285236816	-1.2303954842492437	-0.6954950019623116	-0.8096198300856752	1.8477359528262272	0.9296644021862517	1.895062913622017
0.14384698995563172	-0.7335900453176287	0.220473584377881	-2.0723999658428287	0.11790461725447621	-0.6829523230083621	1.1413923087317928	0.2079650475969003	1.2001582368015276	-2.464820767260565	1.5843838898211828	-0.21688986897080292	-0.9295938517158175	-0.6724503035326054
0.6260981748338564	0.33550931851074395	0.03906792316398483	-0.23471374896232589	0.715221262686514	1.0102234599649718	0.16994637624946998	-0.10092096209627452	-0.749325282627925	-1.4023075698377196	0.5296763308746757	0.5950439093263954	-0.34439681717848497	0.46494125920420565
-0.08532742929149084	0.6717147592801341	0.8449536621229551	0.49041639988470737	0.335654667208947	0.5325353569620443	-1.3655828566524506	-0.12600453859501265	0.2433738350277661	-0.7938125714248199	-0.6823015578469244	-0.5269051715205837	0.410225875967688	0.6652723072436041
1.4478551641605433	1.7654362321830148	1.4310581077821443	1.4108194356318389	0.35444961941591857	0.9108226285332259	0.4825393206544389	0.9413309644194826	0.43767411693943215	-0.12425016456208489	-1.382920566277992	-0.44947376096137837	0.7984625947012428	1.0409451345910767
-0.6150704012887175	-0.33696629228708125	-1.347873977216402	-0.676073492415818	-0.8853208323708893	-0.7338470293932093	-0.300446923105212	0.42919516511452216	-1.464549884443115	-0.4968938817690093	-0.48930006062039977	-0.6798172228389672	-0.4363208445967162	-0.5072192224364512
1.809140960994722	0.9516456250789629	2.231321119666684	0.44228198866625323	0.5314410929025356	1.7991176793132075	0.3436136204819275	-0.3762547525843856	0.7640792236273785	-1.7485207811171841	-1.1878878101024402	0.5137422527947606	-1.2964897840798633	1.436696433445567
0.6908753514995707	-0.18008647977817316	1.4003012085693265	1.5824029510416953	-0.5803487772203352	1.884633097244774	-0.6452438152876893	-1.65075614768519	0.5303868030305467	0.8760312561469177	-2.3423192688105003	1.2946484791911383	-0.7682703140854038	0.9640212716500216
0.1718917891629203	-0.8373957603175806	-0.5651241050053968	0.3368787833754665	-0.3822069336472253	-0.19948069205039703	0.8162086985353594	-0.930027807142501	-0.4144809840554092	0.5697857983136784	-0.1481972328200697	0.14173473098810072	0.7543969482907444	-0.43025846569022896
0.21643414514067016	-0.4628363628234699	-0.08634642374254947	-0.5768312416241892	0.1488487030941948	0.10458652533030482	0.9520770936592302	-0.21049280073424734	0.500293077140023	-0.7813417707037855	0.8154562489302326	0.6046330092496582	0.4904051168953786	-0.4346217057619972
-1.1373941002855035	-0.353376907989116	0.03189807264798905	-0.8759566615033133	-0.8311503655070283	-0.8327690553181155	-0.6831419688393552	0.5603731799092796	1.2653252048058063	-0.7655275806997283	-0.21330459575434765	-0.2336138836571111	0.7480298943594197	-0.8392067948065677
-1.4598847525192444	-0.44874378061609177	-1.2323246867496043	-0.24339449708558078	0.29983648139662	-0.3108904810729337	-1.4663156989002135	0.21983478443540294	-1.0865919437395517	0.2287499425911174	1.467468554312555	0.11579934267221653	-0.0013737666225676515	-0.58036989795282
1.665184072716509	0.9863423124425337	1.5825727797086835	1.900018351171822	0.8408289463073608	2.050095526433843	0.2686759999824721	-0.37431317419973675	0.09520509871332244	0.7226683528942462	-0.649746076354087	0.8952781396205127	-0.8500361171433792	1.3809374403910515
1.5426388122278563	1.4946176821473933	2.339496354707406	1.8692809678465738	1.1094046519904102	2.0358306155340964	-0.31606694053984324	0.17084863968586775	0.907165286801233	0.3382431956207822	-0.5248072529251515	0.5591669047817389	-1.0051390040305141	1.5931362991419755
2.9797769662042985	2.454913639159698	2.423447226967005	3.8251293014412586	2.4170836425715043	2.332058542391611	0.4841217231545901	-0.6747420091636949	-1.3215492986942676	-0.03612040130497459	-0.4083780631805378	-0.12166085489433151	1.9258645825001244	2.47458592815789
-0.5661997973633707	-1.2171973438475177	-2.0209405003067644	0.08823411987503886	-0.33607835710536205	-0.08254152735467712	-0.4032282784475918	-1.59839754709224	-2.9542978948192413	-0.023249385494391345	-0.0695421807444289	0.47484456540399	1.0467954470227134	-0.4675179049967164
-1.051116984467239	-0.1086290788151556	-0.3469833659018965	0.05171961576031214	-0.5764987825814647	-1.074998034569205	-0.19885113100316482	1.829837196904515	0.9604351562520014	1.6823053435427728	1.0234160506727596	-0.27881341009085825	-0.7909046000862481	-1.048350476940615
0.01101980305096839	0.19582164885138087	0.9736743708555691	0.17728698545659335	-0.8662236485545404	0.08065459954128501	-0.23755060739943687	1.0266859585598451	0.5986157661335387	0.3326495628103742	-1.0307039131843583	0.3101907563037705	-1.8288353714463932	-0.05442285199524753
-0.05910311046701642	-0.7398459015672147	1.9729885133651257	0.4441975730199832	0.08952971743660831	-1.0293819238031643	0.016954880092872913	-1.3736730576629284	2.670695092379243	-0.8110379417636464	0.28259846029115687	-1.1827629074087922	1.7965599193771136	-0.2749540508448805
-1.8707689800346892	-2.251347651709253	-1.5564559417373627	-0.8258746718175394	-2.076570110279533	-1.105648264653583	-0.12704657651120607	-0.669039806765794	0.4345712112667315	1.370157705617903	-0.3779066616565823	0.8628223134721255	-0.1431372293390241	-1.821296321781972
-1.3143363318654875	-0.9765298913889963	-1.8112196841162542	-0.6647164321765829	-0.3763663028802228	-2.2347658440273395	-0.982308811137683	-0.47774418429517246	-1.8008834689080113	-0.4009098389369879	0.5422740064833621	-2.588497628425194	0.7144035685389275	-0.8327640945196784
-0.4203951163288209	-0.3204136051801189	-0.7175180795528984	-1.0058758814425997	-1.2742943280987942	-1.0118607358280913	0.49694854499279867	0.6488548298532192	0.060422176785922314	-0.8469067431868217	-0.9390063385033205	-0.7100315747882008	0.3274439588481666	-0.7752152948616837
-0.10452818762075122	0.4806546057212999	0.7683355975696126	0.05798789065775123	-0.07237439170902105	0.6311843231263429	-1.035549104125725	-0.09905191041488197	0.46242330823234373	-1.201161163446676	-1.0110045576633824	0.05765348376605927	0.5630817192210711	0.4274694081260149
0.7984609893756098	0.10780311370308832	0.4216105018731815	-0.13315089341198694	1.234320383087995	0.7520218693940904	0.3117310595154518	-0.4978015342078287	-0.27466702007990135	-1.278220488584117	1.3694877135516685	0.1049243439504015	-0.5722095870055836	0.5209259516289022
0.7650260815551166	-0.1239308812560238	0.8653827788590027	0.06884120907695623	0.4412355735557527	0.7454036804528684	0.2715641992971822	-1.2277027679820915	0.49812837819214706	-1.264466015871667	-0.2831428642714233	0.030074249543877243	0.36188822623535477	0.5403131342861602
-2.3356750551550336	-0.775831586700237	-1.6773848849912438	-0.3203970635985449	-2.283048050180665	-2.6436714641017423	-1.124085668010356	1.6137329447694453	0.022891404918217038	2.0321167998841125	-0.8988644976976568	-1.8973047422061815	-0.2174664647902708	-1.7005780606038499
-0.6375983024951601	-0.7838321136406894	-0.8146444751436568	0.5895053047526061	-0.2697422704634198	-0.2145038182756427	-0.3324303039364764	-0.6696377743017385	-0.7041040391427543	1.0758809597041523	0.23221650106977298	0.399883477861655	0.9464717090793221	-0.5713437908755107
1.6869949134002353	0.8207470136597538	2.7166244814166367	1.3441135621564713	2.2037438988176996	2.126363772753251	0.42528954609854824	-1.05645430322886	2.1856179041871107	-0.5801479773481957	1.2579583884918413	1.0219400397937586	0.5563091159272057	1.3433577724116286
0.003931698560221686	0.06878544106385981	0.9327030108899583	0.10858821875912694	-0.4235860656481511	0.44276675809102994	-0.7631269110815236	-0.6557304661380564	0.8046460188753164	-0.9234653957420083	-1.4763337609171854	-0.34307777512275467	0.06588205048584529	0.4490473106495246
2.3563579818966227	1.6834744012191654	2.535377466601191	1.7639304156057025	1.8922244317937231	1.4534823785358046	1.9962929145553894	0.7568566627749093	2.1431984870076057	0.26152608206674366	1.1729272686552659	0.5839799673874425	1.0920218359250262	1.0109560363692145
-0.3786667101068044	0.12570590730761466	0.683789742885613	-0.12860732936006075	0.27959664046039484	1.65032474693359	-1.6294082708258537	-0.05135444319869776	-0.1855475372035354	-1.0129905024337547	0.07892613929777194	1.9666310700093281	-1.3555318536485716	0.42762494395654765
1.3335367920058578	0.9034613578963044	2.23792390584896	0.0945359235966472	1.332419809432548	0.311461334348212	0.9378439122289849	1.5636262195140382	0.42507211660996486	-0.7117358693281639	1.5113074010728091	-0.02463338200430974	-2.7152721577613765	0.5083400577401568
-0.8685166721671719	-1.7121744945790058	-0.3652186347157001	0.21207095671311615	-0.6277683953837505	-0.47817180398197245	-0.6361073058586343	-1.0830199317619689	-0.5727546329264319	1.4590791804962098	0.4342655238033389	0.44902707701426187	-1.835376501296936	-0.6952872352624374
-0.30491828036809276	0.46358605826071253	-0.5090592926477471	-0.23276073702798927	-0.5392868722830669	-0.1456237689924637	-1.1363932641298338	0.08356389493864391	-1.4720929924981296	-1.5260302951925826	-1.5666919466849432	-0.9358282336196013	0.7318273231696873	0.26708225666358865
0.557170920420298	-0.18011030299382963	-0.12023097663776888	0.1071979261196932	-1.6795741102730743	-0.0023155147213733684	1.755690647627169	0.6670689905886641	0.6769549666640433	0.805015167356466	-1.8326349761590395	0.5645191922015796	-0.2209290558398694	-0.5361658861790541
0.4540011158251773	-0.2086227949797397	0.9142383954429246	1.3643265189679523	-0.06796479970910665	0.309358140265626	0.573782120028795	-0.535741775229892	1.3862127924413488	1.7463496266922207	-0.3009534989906815	0.062072594127742214	0.18624492179472296	0.07557328579925089
1.5846703778141278	0.21480943880963665	1.6116911662821405	1.8580011611447524	0.5294116368178949	0.25511855083418133	1.287461653478138	-1.0669314932942966	1.3137867385302875	1.1950107710947242	-0.5146674261691602	-0.9631797685611665	0.8037333401007652	0.6942216667660616
-2.543531240785095	-2.8215849242095703	-2.6329324346593097	-2.9140129829668213	-2.548643796412125	-1.5893802321952601	-0.3430013105736669	-0.15676711635799934	-0.6918841241593583	-0.8049379192712938	0.21445965487796817	1.376780598403531	-1.172905697029985	-2.4929435149887738
-0.6595550404856942	-0.6008318616703797	0.40414111244458395	-0.1390876603100416	0.4039084589419679	-0.6776048001454629	-0.742294741562322	-0.6494276848194379	1.0754574330456061	-0.21915505274382274	1.025481879273821	-1.0439761398474705	0.1834411318890491	-0.2478634771565268
-0.7136452171596944	-0.9756495368822213	-0.22983002466182223	0.31732582145723187	-0.0727483635084521	-1.163929376981042	-0.40546495101996555	-0.7642813155069648	0.4338979562185113	1.0550326116242725	0.7404577334317004	-1.4490550560014253	-0.12012881397784429	-0.49305498478247367
-0.2800132356690428	-0.8445540675677269	-0.9672457943999943	1.291492727068682	-0.16811243377650442	0.06194711377821843	-0.2975034932700702	-1.0312770534664994	-1.3840282803074966	2.178826176583848	0.09407559577376945	0.05341432444869339	-0.3335436679392715	-0.1590791018999729
-0.6089793925615173	-2.5568612345377026	-2.043034885098725	-0.41610042963571126	-0.8125174128697588	-1.53272184078715	0.5461876717543365	-2.763570782160744	-1.844492459857077	0.3491469913823973	0.16634800470524014	-1.0512458085489618	0.7487906354425095	-1.0484768923297583
-2.15316201719401	-2.159496544998495	-0.2622217386876381	-0.5998392253338609	-2.692006166470785	-2.8034919299340872	-0.4325101866454495	0.768897494676337	1.1928803331061546	2.5352461605060497	-0.6988996303069481	-0.8596545420668487	-2.409368576902011	-2.138961326423895
-0.9059790531932647	-2.0342375002562143	0.464212206984694	-0.0696476940584615	-0.8855485089097599	-0.1159572366210232	-0.6488862934109926	-1.7224446931725501	1.1875139510512285	0.9766942021171	0.023576322751847355	0.9511075425164984	-1.5030907626798156	-0.700152531816721
1.0723201175631523	2.078367989137768	0.5644762370445089	0.760956768193124	1.0048804032375762	-0.2939302501383416	0.8181404165748265	2.4883461742772037	0.020761944758568972	-0.04867412746531537	0.6997238339681271	-1.7209330343846985	0.211393125359762	0.5430816594994938
-0.4157833014363565	-1.077386358120746	-1.0524411280981805	-1.4805814113200548	-1.4526891225760865	-0.9471024182076493	0.6851775110103645	-0.44776596535973345	-0.32289939076573015	-1.5002680256475271	-1.0668612047680395	-0.3620132507004404	0.488756053592419	-0.9064779896233897
-0.40582628258461617	-0.21720703303896682	2.0360212717097106	1.491489215413007	0.7274406182594653	0.0897020985407329	-1.4799768466292642	-1.465046208966052	1.6282873470711938	-0.40374374817815	0.4707532142120901	-0.15109486865419725	1.9953731492947338	0.2627460624817176
1.4379164901120345	0.5552578379011414	1.2587584797641371	0.7964725526984839	0.5371412954335715	-0.21150688068765833	1.0774266058421291	0.12039047200174972	0.7226891338085425	0.08684887866224701	0.05127784714030425	-1.6647697053043848	-0.9002168488825582	0.6630669244766032
-0.0925510227890155	-0.32948038035236094	-0.2884283566916189	-0.6216210776090149	-1.0639397812120832	-0.187550630359551	1.3705877126303665	0.9698627835169696	1.0914350102848862	0.1425606120322582	-0.2537986435154556	0.9460289622194701	0.19909563313245054	-0.9512171770890329
2.326796402284707	2.2911521886989292	1.4381104790039296	2.2788350160398863	2.5162995328400637	1.9797972546391949	0.31460937611666917	0.45997157872736993	-1.1077895180401975	0.0898482758838299	0.8332404259898357	-0.4841886707865676	-0.3295027075469414	2.081069782971895
-0.7176393326778298	-1.5210983378264702	-0.29831645573917154	-0.7326681778984434	-1.0624271742415494	-0.771572223738071	0.02107242858640798	-0.510027782868799	0.27059279775231254	0.22821925302486887	0.08521245405046483	0.21559909185938508	-1.5055043426961603	-0.9139807995659587
2.008061005960633	1.1916256004071708	1.1622101413750656	1.7860977169064705	1.2579480352913535	1.6589470510577375	1.1462046045468228	0.2483747100771381	-0.2811530026865238	0.822612270642491	0.3313055519577892	0.5282870427887343	-0.8005790414774722	1.2027165826563824
1.025309153443329	-0.3180110009048625	1.9630695132228766	-0.2210151936505121	-0.41528767324575633	-1.1227463943874714	1.3626849275334547	0.13637965266935761	2.0135003935719005	-0.4006415416492129	-0.3681038498756604	-1.731557591417393	-1.9543920526132468	-0.008960381983827701
0.4185892044160167	0.6127884241897504	1.6662756977953077	0.917376503993974	-0.458032046996123	0.7365791030506231	-0.6381079420723402	0.4586047549698213	1.0549764539193978	0.4095905239383622	-1.4729819009211016	0.14147577988041435	-1.4308861362542993	0.6238027984587176
0.2209977986951196	0.4056605188474136	0.16138319674217316	-1.0471715864751938	-0.5332495976530467	-0.6054691126886695	1.2628988062360467	1.5012219513296587	1.149147436157219	-1.3918061813345937	-0.03695398767603814	-0.1545528857538452	0.7912678063073874	-0.6533262132118591
2.0949752378351945	2.488614469067703	2.980856499186388	2.4042500079131353	2.559617877714395	2.4026155994031457	-0.2650997771078677	0.6943992765263878	1.2628647449637427	0.1845667345789325	0.8057610173218022	0.09137118793009712	-0.5029026599233654	2.1725554351365433
0.7701858431679887	0.8344060363551533	-0.3732083074419521	-0.3908069819313795	0.7458119502511587	0.5607189162025683	1.0864438336513724	1.1988842789160574	-0.8165371768081771	-1.176481728760989	1.051227438926433	0.4067078834050155	-0.008126606454706548	0.1167007902964602
0.0604144636135619	-1.4640079583755623	-0.2998641894467675	-1.5222842642406609	0.15670954096122627	-1.3593027191381126	0.3058628195057048	-2.0313651180447585	-0.23592811205237377	-2.477880462583299	0.6678934129545544	-2.2815919356223437	-0.32728944551880984	-0.17973099844494525
0.4445847083620895	0.4087881163046314	1.3798090229351998	1.6158056343872687	1.672183406152927	1.3523224230352595	-0.9314343840346865	-0.9825957927684174	0.6314545519058873	0.6957395895684911	1.123062907413027	0.2523920093580107	-0.012789917149242656	1.0009035753955304
1.734288631661117	0.8418602507940318	1.367925928622351	1.9203858975396402	0.25889432200785945	2.2422333615714227	0.7575797728019261	-0.7345362899532174	0.19104643806507024	0.7240542062710796	-1.7058324978627846	1.3307488899784317	0.1781612125819284	1.2469497822495765
0.8282214564280053	0.7771524091528336	-0.2703012527276416	-0.19480397003619004	0.051273669730798	-0.045596665317373455	1.1662452945648778	1.8031884237064784	-0.9672784677337487	-0.3465711250919588	0.4754868426565944	-0.09081833968894995	-1.323220328133247	-0.04011657944440403
0.83497937707592	0.5943139459464035	0.8842744278076053	0.48947737234311156	1.5344189566565816	-0.8470720289516116	-0.30379960376840903	0.0871164320078055	-0.6416529381819055	-0.6545924381774002	1.4952029453550753	-2.838737644810306	-1.4713220233830755	0.8363084914183353
0.011971750821854865	0.6736361150818613	1.1730706462115397	-0.09766605347665025	1.043653289228375	1.4752159726840681	-1.4120009953854997	-0.3109226290363255	0.552604212904094	-1.9316367401293777	0.3058356305220912	0.728282229311314	0.10428276531450699	0.8393331394407552
-0.161154369837398	-0.7971371385215992	0.230421874609627	0.11565363161248024	-0.07420893238063879	-0.27338060037535594	-0.3522555340942271	-1.4338610834273213	0.35904909586538714	-0.27727605672372857	-0.22532592768881277	-0.7323975443271945	0.40479218636054437	-0.017778925737315227
0.0002293043319681505	0.4876368730237446	-0.8208856644764893	-0.6632367513006663	0.09659283853237632	-0.9387205445567618	0.03198283008917676	0.7940398077770362	-1.3114195849799248	-1.5472051098666957	0.15752216887358003	-1.6296886801896346	0.6541606005752244	-0.11961913175752202
1.5179117907025637	1.371474251065372	0.8247794468612122	0.48740464802243005	0.05066333462978806	0.4240290952652222	1.092287751098239	1.606124042457734	-0.4234500834847811	-0.4158768849968966	-0.7330650846441326	-0.49626748703995793	-1.3987491558409566	0.6875496567589229
-1.0232036606208328	-0.9491957166954452	-1.304601896497164	-0.7305235658315803	-0.8086238605393576	-1.8695091161935107	0.14921941720849374	0.48617071206873713	-0.26066061533628915	0.4995831774334059	0.7181958905068399	-1.4763033907159964	-0.34466743941416683	-1.1719646560538541
-0.9908338587383401	-1.4312419600549497	-1.7070949186324655	-1.3518885951186084	-2.237838802907625	-1.4310762960712582	0.6158044908183076	-0.15418564326720782	-0.5311189095329021	-0.4137366040262492	-1.4899312540690715	-0.2602266261838844	0.5391791514648266	-1.4465664043875905
-0.1842557687973937	0.5638659854049404	3.638005990321737	8.514268078537478	-0.8173541462707445	-0.342231657974138	-0.8880708045116223	-0.39724905867973015	1.0769103726595244	-1.4721189010821343	-1.201201938991768	-0.3713693393493406	3.846374415776905	0.03294053745739736
0.24668433030625558	-0.6486042167322994	-0.5077553033873239	-0.40246788712006487	-1.8818425863230233	-0.5905620263815037	1.1566173943567868	-0.2088549367263244	-0.05352301968679377	-0.13812920475080848	-2.264687508919156	-0.5051388098995606	-0.19874803442033764	-0.48354164781243714
2.1455698756420625	1.4324981665033452	2.1094168390619887	2.1939441434732387	1.0322036544345934	1.195528632978088	1.2446707995414166	0.05154567847759219	1.2282799044287593	0.9817514361121497	-0.6153047522979245	-0.6125664217414246	0.17690452658739306	1.3661898540993114
1.3060082385832497	0.09611700488654523	0.7768549010870492	0.7273469679100462	1.0316945939849864	-0.7075293153290152	1.1932912623313205	0.2752470815943049	-0.8449031248885835	0.5722669255091292	1.3976561247442043	-1.5982920096627962	-2.1484221907488967	0.36065319407974167
0.09910743980280912	-0.5977579184533067	-0.21566048422926803	-0.887015835236115	-0.4298250231138644	-0.38583936191776824	0.6349059079665123	-0.5716440305335257	0.1441786465391323	-1.4650385196441673	-0.2791301811278292	-0.28617646964773097	0.6141014456622668	-0.37759178926564463
-0.47457335416977986	-0.625057485567325	0.09952325914038634	0.6033715996785706	0.2666565927920582	-1.390426755244432	-0.18513871829671166	0.3343878993142114	0.38999392145482287	1.8265699293310824	1.6753407821851698	-1.464654757559879	-1.4251196474808319	-0.5406662956596855
-0.5444855458640064	0.1544029515755181	-0.27870000476694334	1.4044677625427804	-0.49015759789328217	0.8259525246673107	-1.2434498814123474	-0.08993637784127197	-0.744070160574983	1.645418958875643	-1.1629436144953973	0.8037713715695506	0.28346693903972564	0.15167139047233613
0.7539320819670268	2.5597589866631667	1.7125052577896396	1.4797937911894907	0.4596329102054727	-0.06362498312610032	-0.2303780245219078	2.613100286379149	1.040430954339327	-0.027829295069098346	-0.7609358031710349	-1.3786395719745261	1.3554176475569284	0.7208152853242917
0.8710647548707572	-1.697223209988993	0.8133914316286066	0.8852985653347716	-1.0216009813402525	-1.2940748913078488	1.634736250736339	-1.730431384110727	0.8669365298729244	1.9356715963489926	-0.8552450252874648	-1.582378050657755	-1.7385194808482334	-0.31126048335291007
-0.8564302432797659	-0.15737444030129027	0.07531031888859939	0.42787909636279586	-0.7096520625772718	-0.10012163787969532	-1.6366834902554164	-0.5669968428075198	-0.1658659325645963	-0.14122316182718847	-1.440765889912799	-0.3437846068029228	0.9582914631767407	-0.00883462725212659
1.841444202731814	0.9349255019320845	1.2516885014951613	2.129889312796206	0.6958665967964741	2.531312764661034	0.8803537715193613	0.2250239883448529	-0.6449465142000514	1.6138637912265525	-0.37630997158198926	2.3620677866217927	-1.6080148257187608	1.121514074068925
0.23683226184021205	0.23227048608783504	-0.32439618832545963	0.22585520105378626	0.7664173001046882	0.2630534409814975	0.18404061038395347	0.6469442157233029	-0.7741540502322093	0.21698694248247913	1.5080681122533008	0.19793427455765092	-0.8152799800042814	0.007159952654709614
0.12497006893059417	-1.2810001123918853	-1.162511295856026	-0.9359289801281099	1.081602341399407	0.2144085200213202	0.41101612440057617	-1.9963111717716826	-1.7370135806772502	-1.8783803508138042	1.9645125124879126	0.5044234176929849	0.7540694971774416	-0.2340273087643639
-0.7731450685126832	-0.47061743299123016	-0.5481538536163955	-1.4276104798829807	-0.4524788864761142	-0.5482271559950844	-0.3601067761818607	0.4447576553316461	0.06693241213005216	-1.5187986206113457	0.4682159713387828	-0.14342008201123987	-0.49789459687832505	-0.6378931068145528
-1.427356922984905	-0.5828597792579311	-0.5478891456264866	0.466738562750902	-1.3098332054767425	-1.6239462150256108	-0.7212948080168625	0.6858116484092117	0.7596526968404577	2.1014007830549066	-0.5258041618156006	-1.3659048068918604	0.04907869548724452	-1.004162507400907
0.10541993289926843	0.10381539317472693	-0.022343522191120013	0.9688574134843121	0.9825638116672107	0.7515952319305959	-0.9445415177310662	-0.6488678327124572	-1.1049806399066153	0.424840772817137	0.809106542162564	-0.027339127310755825	-0.49375240616223914	0.5918865740346491
-0.513470930867845	-0.37943337002391225	0.21455135782497303	0.15797897988261597	-0.11446662200952662	-0.24242999728310108	-0.31969829011925605	-0.116966491612695	0.9526383458542939	0.41565721420668533	0.32803177263792266	-0.06481093572384125	0.3946001572892068	-0.3881735065141366
-2.633886950172208	-0.8598524845803827	-1.007644564049353	-1.542478617180023	-2.126147651128757	-1.2062089485834695	-1.7588888749805096	1.422254019336065	1.0108222792837525	-0.06835161690820467	-0.6908849392641867	0.412310872565513	-0.3633277609413969	-1.6405393439937423
-0.10990761692888068	0.12353733596775685	0.79125635652772	0.5666401832428025	0.2103832264469577	0.007347951707960876	-0.6977450880253226	0.17866845347951027	0.7692168672565024	0.49176055570148025	0.2907377010520354	-0.518137216531562	-0.8479428257418189	0.18592482902841448
-0.7727778106365116	-0.5500049416854852	-0.34778703978942893	-0.2875607352335098	-1.100018037992308	-0.746203818877708	-1.157541203073585	-0.8261611907800237	-0.4075356634157154	-0.7887415095549458	-1.7326106269844426	-1.2426629245500902	0.5722006051730636	-0.1687483482520837
0.5953298474748995	1.0285864650480125	1.1611087428987514	1.0490617617985691	0.408374779805958	-0.24338866039424556	-0.29093108949462143	0.2673711088399182	0.3348794879123213	-0.5273610977252066	-0.6434566382210942	-1.4804175596847926	1.3426661569307772	0.5996305683579062
0.45487433520785325	0.7805037873215426	1.7185603729238665	0.2383805746833919	0.38569023663690216	0.7819596794363303	-0.48003162815194733	0.8410844401724616	1.2303717335558093	-0.6220083053029052	0.03288852024222304	0.3200299997627088	-1.4422721353769088	0.5643075502934474
0.2517032392792228	0.6042763449342742	0.6046157503407521	2.9353358473954247	0.5005430003985548	0.03178935240229297	-0.07476830133459884	0.08317459900643033	-1.2451636782480169	0.5163164186887053	0.5794774261348284	0.26002835214848985	2.558327442074203	0.04270609711557543
1.7762874905584534	2.6028447953776226	1.557623206962318	2.099623839485794	2.491540030604356	1.1768234897177725	0.6428615399093761	1.9117938433101105	0.1566390511035648	0.4779536399981649	1.7851425331716386	-0.28827351372122356	1.037918613307917	1.248184766729973
-0.5417639573954227	-0.724387277495508	0.8360309391963213	0.488024221100774	-0.2907089063074134	-0.22582529828847261	-1.2488514266504256	-1.7491897043297342	0.5968410177344321	-0.7305317363762727	-0.85672208113386	-0.4371873207606673	1.5069751323973442	0.023731518622863483
-1.3469037563411406	0.5243406721804871	0.17580942522756027	-1.2580954870326992	-0.5756656993193747	-0.9977498087675364	-1.5573387332979751	1.500298507842085	0.9845896685951572	-1.9200069761178318	-0.3117128696633234	-1.0396928321655774	0.7333886950478732	-0.5225161715343385
0.9116106435551592	1.5548683323599561	1.5090994783964826	1.146583229627349	-0.1747542239533757	-0.13356601537313195	-0.5705288449007233	1.3156459693372036	-0.03548604993629277	0.055977219459950975	-1.7403637355844508	-2.0220021313365466	-1.518551903717891	1.0691911315012121
0.887415821838369	-0.10559749790952155	0.885768336274808	0.32892023062218556	1.290518683649557	0.6347247193683654	0.37311461325744616	-1.0672033450841407	0.4295185857630572	-0.6942325682929514	1.257358410456204	-0.2623684974085645	-0.34655973113540794	0.6040364553680444
0.9329734474802494	1.2763670812515502	1.1137780715004335	-0.008815862322612666	1.4606307385943609	0.7123993122498083	0.5576254882026624	0.9918405028616133	0.6384736040237188	-1.8607896022785035	1.3893533645126488	0.33438959665999435	1.2050926518962595	0.4402442491553304
0.1970434034917169	-0.29985774974736956	0.7136878502777291	0.9960294059786792	-0.14249741775571168	1.039259418226691	-1.0870413598464388	-1.9205457703810607	-0.18005392692047734	-0.10046657621949708	-1.6578996547343736	0.047217358743852425	0.18975417852331483	0.8145188767766038
-1.6514122060512335	-1.256634423390014	-0.27137479979434365	-2.414214730688327	-0.8978327988617317	-2.1819763773908076	-0.11071445135118599	0.5468397272043435	2.2048762641953	-1.7162237554004076	1.1448495235639728	-1.3115257492601204	0.050346236526944345	-1.594807507018009
-1.467847693797159	-1.0814588712401763	-1.6280197001336334	-1.4396751595093127	-1.2565158715081757	-1.108524869792921	-0.8809401420876334	-0.23094603607120634	-1.144921123887252	-1.1613200940610695	-0.5227077442187132	-0.6123888846295564	-0.009039408082371117	-0.9410833679809781
-1.469222207510138	-2.3751166744587238	-1.066486617648978	-2.3237294593360898	-0.6145518184906207	-1.0569065166422826	-0.7402085503451573	-1.5892201601243288	-0.28348668086411066	-2.0030099787003417	1.2566110380947098	0.08710561681334333	-1.1958625670342733	-1.1824120649772718
0.3098103421741272	0.01146980737772102	0.6822162836253147	-1.0203179547178567	-0.28857025219922555	0.9349981198769621	0.699082744543824	0.7401675857646138	1.242412146548753	-1.4246712197840345	0.19483685549038338	1.7689388206484455	-0.9481017570894495	-0.2430103926631574
1.4479021536361893	-0.6687556789517219	0.22612521906884636	1.165598968021704	0.6528503523179178	0.08694379203425512	2.191129003226645	-1.4144068208695082	0.12031834974548611	1.1477533588707076	0.8208083308956622	-0.09347034396241288	0.8467405056491943	0.010540312440144034
1.561053091524088	0.7179325763949302	1.4058843658211881	1.7928558440851399	1.7409086839525845	1.413649082038861	0.6508316291007334	-0.8519636427978128	0.30380221598165735	0.3826871445643245	0.901608603575373	0.44347290087974567	0.971658107947779	1.034779140484062
0.7628008715201811	-0.28948017131828097	2.263697191469195	1.409593526789759	-0.3224845256831149	0.6603215932113735	0.11016660273185074	-0.9398125929075297	2.3366572414577242	1.3714096685218677	-1.1033576157200744	0.12088220385323263	-1.2850706739066708	0.531421519207571
0.9868245083398963	0.014613011070818749	0.14139999048670981	0.5198738222726438	0.919013702793841	-0.5471174895879768	0.554734029975351	-0.7271991653320119	-0.8116576594125954	-0.26309300089623944	0.7701987504330958	-2.1335034081565345	-0.5664475511347035	0.5642220204969666
-0.4032232936870423	-0.6846602796575052	-0.19335230421973265	0.5192520643364227	-0.8220557434824903	-0.06797126681994412	-0.6856400668870232	-1.1861393472591417	-0.2839595361538279	0.4376180814500566	-1.4083007840943396	-0.2845136646775346	0.49933376211368413	-0.072843423724757
-0.14472157213458225	-0.6730335105646406	1.3564469476052956	2.383103169586899	-0.3685937196771921	-1.0502129824957684	-0.15675213727791704	-1.4750175007583892	0.5320671677909674	0.030701814262838835	-0.27777775494911744	-0.9554424575098203	2.591924540991288	-0.3064079183078646
-0.7026011065470801	-0.5157068878549289	0.3998839269213488	-0.31066993829165607	-0.38488133576989925	-0.2358221771843012	-1.2341963757219112	-0.6363944816745478	0.6578749194124224	-0.6599407505145948	-0.42413584291891937	-0.624174037225322	-0.4721861296174092	-0.03943297292671842
1.7961291487473985	1.4569444836243617	0.2783553786297521	1.5424556785356758	1.7316938826610255	1.8784072153418627	0.397456300729398	-0.1683415231090828	-2.1152697236453575	-0.35967368225693747	0.289583489330132	0.21967388936152332	0.05520895171353104	1.546907607147105
-2.476254780577206	-1.5741990687164389	-0.26689242503228905	-0.7730851617859696	-1.4572902663695162	-1.2221762216845513	-1.7605610534773715	0.097869338550032	1.9589621249491171	1.0505828631637621	0.2811093693883866	0.2099090628293922	-0.5969297421546624	-1.5135347234155256
0.4985554677485736	1.1783603785767789	0.48629284360926583	1.8941943403477015	0.9418159203131842	0.2614710954547005	-0.3206344055266438	0.6012708155327616	-0.8589337858549767	0.7003688794124464	0.4009812113973284	-0.3959481618562784	1.5817930159349571	0.5012392860701304
-1.8044346558370528	-1.9531121240794413	-0.5959324744357724	-1.3732099676351037	-1.4238792605158184	-1.6539422079013804	-0.3299100356229614	-0.582152382183348	1.7273621631225802	0.045770022746062414	0.30018638841830153	-0.35448073116971973	0.17234986296269936	-1.6382906673619726
1.0577349722567906	0.5014624793518183	0.38308856437990435	1.9949819264926965	1.659325307618241	0.7811473093367888	0.423524652188997	-0.6583211478351791	-0.9828660592795144	1.0456903480474402	1.3823410420807247	0.14860891794659153	1.2948365614850863	0.6374878557559086
-0.3472750429931155	0.06202024147731389	-0.8779020388648279	-0.1495384865725554	-1.2805924096701387	-1.0911465841571473	0.3080077208581141	0.9632384431685724	-0.5205668185653713	0.23643006688540577	-1.2691840859978945	-1.1052488994701204	0.45752196460378664	-0.6074272173445868
-0.8516172346480432	-1.1733752650622378	-1.253901035226944	-1.204297482528232	-2.4010327693948845	-1.6339853266551478	1.0900578067747575	0.5533291642645342	0.43607905818074855	0.1679681842021474	-1.492758040980288	-0.5292826191697707	0.053769714802069796	-1.5161267065813722
0.317684999379903	-1.2240684182622064	-1.5872613004859946	-0.6789992577968407	0.24976962252142165	-0.14779095927215397	1.312690641855221	-1.3043320956956392	-1.8321526563882677	-0.8124214917460993	1.1658292858385033	0.4313281580006994	0.6322772503454156	-0.5679246109139059
-1.274833333421077	0.3370237419454323	-0.655236797021595	0.3254103783953367	0.15899134872353196	-0.2291732628326788	-2.2565555883470005	0.3507815083237623	-1.261742617531136	-0.16752076749569403	0.08757670174943373	-0.526418198821461	0.8553444564497359	-0.044514054338772306
-0.9494250280871251	0.1836118453162675	0.05832543791013117	0.5392293861202906	-1.6701517743556136	-2.587559237221702	-0.26190501716442	1.2677479215557326	0.1132000216309569	-0.5721491660081942	-1.3273852230562793	-2.387308282310642	2.257046289300212	-1.0284461654772143
2.1804963547710896	0.5149363434214601	0.2471850004842075	1.278284064989672	0.7302417249712863	1.6718750466518526	2.777562307261634	-0.005130450660112515	-0.3951004292829901	0.9254850457046782	0.3542636763707965	1.669159535199151	0.21512595558322767	0.4749894227008822
-0.2001738176107577	-0.17609589749197435	1.202857419514832	-0.3151135007295406	0.7113776386478008	-0.01590085280501019	-1.0173774503013095	-0.7523229450608034	1.380316795427295	-1.3370033641987396	0.7241335032117822	-0.9182015884386844	-0.3642033114781134	0.3481385318401304
0.7284352331559666	-0.07176557482199297	0.09286795842718562	0.456401900383894	0.044675916479005984	-0.2810046790674973	0.8919434725149825	0.20476798787250317	-0.36314730545232216	0.5924166615348626	0.31648234463702335	-0.6639186679166827	-1.1664073770301093	0.038655107860527
1.2321429502700096	1.7456851672774873	0.2719875400044436	1.405976466452696	1.9611539813791752	1.2692201442983777	0.2223365319989319	1.0605598875645925	-1.3186191438277828	0.13631501711575733	1.4222924160094543	0.07537994033808618	0.3619820380823297	1.0369528271222659
0.3884328332249153	-0.2024526292597744	0.5811794858398153	-0.26640714955691663	-0.18907796805290333	-0.44027621006936357	0.6765306033337855	0.05164827488430729	1.0332744814571624	-0.4387886146559652	0.061799574991649064	-0.8207049819025718	-0.606020775473672	-0.11223743909562435
-2.000277174071238	-2.099963027430071	-2.622450418471496	-2.824898983868947	-2.185956364084676	-2.649618723306939	-0.07261095449782554	0.18798723129298625	-1.1048849856994023	-1.4244392853468315	0.02350816708920985	-1.2199781395859632	-0.7313324879048877	-2.066488868624885
1.8449126756608374	1.5994620846495131	1.5985807127584926	1.4677732192088357	1.5422843931403745	0.6114640113266634	0.3696122614398343	0.27812653570090634	0.007383137142581857	-0.3140184907344308	0.17474299219674772	-1.8325592769957055	-0.5285053894948099	1.5382872411279314
-0.7243811717857985	-0.8205888272395703	-1.1982060467653426	0.8730909707078488	-1.2292025234188269	-1.3926104634123122	1.0915821337627132	0.5997173563829249	-0.840886479209939	1.3071796265367306	0.35033222364191435	0.53823433109739	2.1382079871462385	-1.608060838498573
0.18687127619555563	-1.5130454633881598	-0.8943715596421314	-0.8669191885323472	0.3803351400589695	0.09800621618589933	0.30646112084180493	-2.1672060661925983	-1.4599659752155436	-1.4740631580129018	0.9763322472799828	0.04200544692247516	-0.6052824280693953	-0.0916653380587218
1.8315993685968066	1.9825257557110967	1.4360207002499499	0.29926030529397274	0.37232185399337625	1.0888740489836675	1.0656878620422123	1.764809455470811	0.3987186162570649	-1.4518379734611304	-0.9435908041131374	-0.22069361887782327	-0.7711204664922617	1.0778641757270624
0.3130157445008768	-1.037929946178146	0.13660038246025782	-0.531046157255876	-1.5212349063257418	-0.9091843984028902	0.7966774932626499	-0.5635560718866838	-0.11551061397707967	-0.34249776891695893	-1.5999336785552285	-0.8726637801637824	-1.6859815345659273	-0.3625999961329502
1.1124973748789226	0.5357369956711273	0.3807890389715929	2.6147257437667264	-0.2066735918572673	0.8859848728950386	0.14744005721629752	-0.8230050242359259	-1.0181943298767202	2.29697994149913	-2.0594553028001474	-0.47749445366114035	0.2533663984273212	0.9788667305272186
-0.5362649103716999	-0.5375732748197388	1.220399738221857	-0.1622709506201183	0.30191941050338134	-0.17235277670358234	-0.7708879260582737	0.03623004979243686	1.7051045190483014	0.08520706858189121	1.265302557551115	0.12134566712904307	-1.5082932199856638	-0.25765266069806814
2.233583982574354	2.0653079782436294	1.0543725475978614	2.1121647468789173	1.5680424769425354	2.3046693507117384	1.0891529409717788	1.219395410241617	-0.8629090732370966	0.898471886570325	0.37195236636478574	1.1299399504988563	-0.7009314290197003	1.4738570179025994
1.071932570326122	-0.5646670929583366	-0.08661237074960024	0.8272107664194902	0.37896565341664323	-0.05641966667482545	1.4454491530526352	-1.0211438955473267	-0.42773006181065487	0.9387874128541336	0.5472800015756036	-0.6198762982181266	-0.42737916185003155	0.1334950767400656
0.4117433485578583	0.034675366210980774	0.1993175950853242	-0.5335397597216804	-0.13263939404728187	-0.1760858577504822	1.1790036692625556	0.8325567389448878	0.8802126792459488	-0.4787838012792763	0.5481910599612871	0.028441091899506294	-0.4644912251900139	-0.3719604321179491
1.5042936761199777	2.302541903677208	2.3389060994011515	2.2060270016861687	1.1436559246940383	0.9202109299745821	-0.040478621794232436	1.233255917953844	1.363646604214355	0.633933304101278	-0.679499675074164	-1.0913572072641182	0.7016157727911801	1.4222651983466654
0.4611263498746181	0.19473307471348725	-0.5524645552293799	0.7539972016654576	-0.3714391244177424	1.366448753312779	0.4132315169744618	-0.0009267684242662901	-1.2620192988614796	0.5975107155306749	-0.9445522445868012	1.6038596014891948	-0.04524255299573264	0.20433764636719354
-0.329713990039684	-1.5165153210153037	-0.9062833295698143	-1.5877696375694932	-0.9526536143470241	-0.8660944795580618	0.20249507442893322	-0.9633693617035034	-1.2155651201972306	-1.660236045098161	-0.19559177336072897	-0.402923430152291	-1.514385075577316	-0.6356166888777386
-1.0464993719542317	-1.2878163021926945	-1.626267873559381	-1.996985875826575	-2.610245305918085	-0.9581986836048316	-0.1968485310784583	-0.2018866587210437	-1.143169990225935	-1.7786220927806042	-2.4226659882592965	-0.13781103799554403	-0.6754114759016271	-1.0316020117797429
2.505797212610137	0.37681410633419865	2.1771600485356988	1.6615829455307718	1.4513603360328198	0.8364163219177537	2.014136120074347	-1.0802863101443458	1.4547349478881528	0.6476101101536257	0.6847385749401126	-0.8115715227213044	-0.7832248193165546	1.1816308562841171
0.7563118485528717	0.6233364101724952	1.3431965150331662	1.9869594434984503	0.25480878649873834	0.9106933379036786	0.5872923019752875	0.2939308895850115	1.5456719694616634	2.088693550935888	-0.2920490378899984	0.8111424267342169	0.8067202058446747	0.2856338352525533
0.8207069784232459	-0.5362660664411792	-0.7279639997468713	0.6618268366919543	0.04125282237634595	0.01516549239421009	1.7012140516517364	-0.5650611279419498	-0.8361023335804486	1.092913748206281	0.3977754895947252	0.08468113107363101	0.1765282850278321	-0.23253504668157574
-0.44796437310427295	-1.8242060651975054	0.20863487959346827	-1.040279179448921	-2.045160529693139	-1.5794888408907977	0.8554224908400524	-0.5627414207438479	1.365581073093561	0.1293648622388649	-1.1492743101665241	-0.6785074198870484	-1.6515662300851077	-1.1562479667341752
1.1461171542040212	1.4884708887600913	1.812342679632078	0.839589807031744	0.9042615178754307	1.931579948286499	0.16168131018978463	0.9524564540999401	1.3313250015281097	-0.4811705651579805	-0.023716762804937928	1.2598698808390767	-0.3560101121338607	0.9881990387268994
-1.9396193714346959	-1.8588059936072314	-1.4725892260667122	-0.9116401015217145	0.6820210292066	-0.7639891316776033	-1.2574551617960326	-1.1747934503163344	-0.4570917306176955	-0.023396263350463152	3.0760601841478628	0.6104857150077426	0.6672682833255601	-1.2873835800825428
0.4360270842406676	-0.4507102530974928	0.49475327155380106	0.151992767945098	0.2925478109873774	0.3516035432800074	0.6156341065444384	-0.573525577364684	0.7677166560521659	0.065159313030019	0.6592944179019016	0.30862527234146214	-0.4765198016455782	-0.011290946349566698
-1.0636364033950496	-0.2694873300268971	0.7072711098979892	0.7321266770826426	0.34851038520656213	1.140772275485684	-2.521720728911815	-0.48002330231009266	0.13321880748073373	0.661519291229459	0.4341378445524553	1.3477378808280724	-1.3149561620744321	0.2815178837740449
-0.669366796443261	0.0037574788777095525	0.616238509597034	0.4546593313948779	0.5552678160125246	-0.32108410302183155	-0.361201178369422	0.6935773424946385	1.7724678397155031	0.9798059776713137	1.6378746840763372	0.17247959512926295	0.7751974962350276	-0.5674284258660791
-0.7504997141865661	1.2178386511059494	0.24606360202265126	0.027032525531838204	-0.6104792002965878	-0.46189681698108465	-0.8596281581646472	2.3955948340550934	0.8581885389496814	0.03961346867905352	-0.6468453234334127	-0.557846607896874	0.4421757844865519	-0.307953406224417
-1.6431411273243812	-0.9897921262381106	-0.5597781342777219	-1.0642581234838902	-0.3116457940911612	0.3140591970893072	-2.4335358452294336	-0.8902676770314845	-0.6399068734337333	-1.427926409177615	0.21400279264184158	0.785440303421035	-0.7841291013790981	-0.2988056997434004
0.7674412320873244	0.4471010925651981	0.374522436726642	0.9871519253783982	0.8214327943808699	0.48766132500104487	0.37331681705312314	-0.2827589875635342	-0.4469176428059272	-0.028284380199630536	0.41369622965753966	0.010480013291607176	1.116102821397856	0.3935359208237474
-0.37094921327596575	-0.006299356538133294	0.036288055007987596	-0.660871112427918	-0.9459482711801757	1.157695467813482	0.296307849112628	1.0506175369255313	1.026580112391539	-0.38194760062751676	-0.5161511379409358	2.5890086683996825	-0.23147066334377445	-0.5903757460246971
0.47365774207135786	0.1690003441918404	0.6970142357224749	3.256875970877695	-0.22663675679807094	0.03213314801978362	-0.7309189704427458	-1.6073015424227697	-1.7235717995175819	0.9820274024019661	-1.7487712147066945	-0.8468358877594441	2.299688925602869	0.6734434845249282
3.548931204475477	1.3268034346659845	1.6926550003249536	1.7901902968114896	0.9941228100320124	1.6400214394364518	2.683700715957692	-0.5681168151677731	-0.4203848139674395	-0.20844249871494538	-1.1480701038736836	-0.5429675188053772	-0.7790863241759114	1.8234907886018306
-0.1569562701362286	0.5782264408263758	1.8817077144930927	0.46739182161630993	0.5699700267983441	1.2573048097442574	-1.5028513631396054	-0.2747868391572931	1.8962947950637221	-0.7928473964144476	-0.2885475331583862	0.5222985413835509	-0.0041442905265696535	0.7439274024260656
0.865172159785305	0.3337058338476582	0.026756026038357805	0.9712796092530132	1.3310753027452247	0.06282684745271211	1.155845081341703	0.3859266796794611	-0.19696283334949088	1.1100647620368425	2.0478796029533113	-0.453791491255101	-0.1811163630690089	0.1383730986537833
-0.03552158738436895	0.08978395009068252	-0.8672628575728774	-1.2505865463821952	-1.1415234531486331	-0.6697572090522591	0.8640164730138903	1.0534424814637888	-0.46300600405086295	-1.5414564569880052	-0.9956811868729907	-0.3947951795020319	0.3812085094539338	-0.6185232406783776
0.4114708188815072	0.4865218061570511	0.2577332894762625	1.479241683566602	-0.5224656714760175	0.38382030092620967	0.44779129680940555	0.8478200514288727	0.24777941782154445	2.139576394749044	-0.8389017003809638	0.22613804783761043	-0.4519345131982776	0.06821667793938298
1.3575086894615271	0.5904411986934445	-0.13306763176059605	0.25022756654913986	0.29327736753808864	0.6655515186369818	1.5428743312431008	0.3896278992968329	-0.8945144071373599	-0.5167521374620955	-0.10606480065348942	0.1224373290068363	-0.19633524040678518	0.39593150719670184
-1.1064526616059116	0.025440525161766536	0.5612302408669668	0.3062484335643998	-0.5407733764826617	-0.5472834929905751	-0.5112560046107083	1.3749871972501868	2.2804223766749128	1.5094119681535079	0.43130062299383554	0.10032146915875925	0.038867654298873074	-0.8073253240481202
1.2460882700039466	0.25322526791983013	0.24120694275485216	1.2635017669455175	0.843396478892371	1.0603497261387762	1.1078423920562386	-0.5471193645530048	-0.5561544424896393	0.8031448326400761	0.43650153340088965	0.4763333846733291	0.034152806185318414	0.5746663254145693
0.46574033977959334	-0.8406707383683345	1.814873012927397	0.12963602956408732	-0.11604650245785458	0.6675381808035907	-0.30227558193946413	-1.05104965308736	-0.43995889643261415	-0.42509286665550666	-0.7432266444862174	0.8145556948588787	-2.9197143866870547	0.37390193082149253
-0.10975466503798359	-0.14271229348297038	-0.47996178625496444	0.3119086093633302	-0.5848122744105447	-1.2539046350755765	0.9128234054641717	0.749487234113158	0.1748270087292284	0.9129673598251534	0.071263107420488	-0.9268024396849064	1.0364076922377403	-0.7996861723984132
-1.2618905439143997	-0.7367739949884666	-2.248579265680003	-1.8848939415279118	-2.246631723779803	-1.0220743282613851	-0.2644791656157743	0.48447597859718083	-2.0880177362746717	-2.090679091758275	-1.9550050932741931	0.24920769798429063	1.1391046793428086	-1.2552805180153368
0.1763718364185638	0.025067480762756778	0.9822518116848329	0.21500941402416024	1.019439459094656	-0.22879831904213455	-0.3652110856813871	-0.15590752417392556	0.9612665146892473	-0.25538525744947954	1.474048529118128	-1.0777157779232396	-0.7978441886531921	0.27818083299775054
-0.32198944148463615	-0.7347190176357253	-1.2614738155859169	-0.5450325347598726	0.27718124348564355	-1.158102757305163	0.27420686803989397	0.14519687465922013	-1.388425475220899	0.007693492427965393	1.7805243422693435	-1.0732840476106649	-0.9889906177976407	-0.6240390188717292
0.47931129470489986	0.9404104116869726	-0.04900978696996794	-0.13416526362838233	1.2460878945333103	1.7308002750163463	-0.3082605324923192	0.4540477459441833	-1.140602815639607	-1.6777758368750686	0.9639898967807682	1.5134624568893964	0.20529558627894967	0.6269226468646727
1.019841780108257	1.6565601888204968	0.4861878486974885	1.4753933036478037	1.5640651054218213	0.17706682568408838	0.19635614434583215	1.2302742911492603	-0.6375233485454156	0.5534687263801782	1.0814966232818053	-1.3804803341446241	0.46086921328434466	0.8262217714740717
1.2169807441049663	2.2936008805671197	1.488355626535006	1.4711856776687977	1.7392332810580466	-0.56562315102899	-0.033809876624960974	1.3834219361059106	-0.9992628351107199	-2.6559918665440874	0.9978720525579954	-2.372244532847005	2.336253806936645	0.9962969575162444
1.2061931416574052	1.599950352471342	-0.13700510021656054	1.0352917965362558	0.2182459955412987	1.2814532099335247	1.1750522982192353	1.823248479834675	-1.011504270709484	0.5387232564837817	-0.47886013752070944	1.0471605389997416	0.23640753388428828	0.4587197577936796
-1.1387021558639638	-2.2967731204567845	-0.4745111618896176	-2.1463405792694634	-1.545832198753104	-1.9934087237276579	1.088025575773198	0.019877900163959763	1.639379369965974	-0.3358973417252192	1.0636823864989038	0.0018790033695985455	-1.6219814757508588	-1.9843035654049885
-1.0347336306313135	-0.7082947657709351	-0.769303453259306	-1.4561020518374446	0.3415437290484218	-1.5294186677561048	-0.30889804943633153	0.5256872287852613	0.18739342175140097	-1.0868829446764043	2.269355241722712	-1.2984661187388444	-0.479713215007191	-0.9277644600406537
-0.1613528483018858	-0.0736422049594545	1.4221571677267049	2.453239201958313	-0.11564173710980374	0.7617131753840785	-1.1501271118990357	-1.349243350386191	0.2653166645383667	0.590904368438195	-0.9561374154758898	0.9716851217212772	2.198622035255967	0.29617939822106665
-2.0434137497511347	-1.083431254062887	0.923800721970763	-0.9805834124346109	-1.2879227573534733	-1.9722946815444171	-2.2610251988059447	0.11969940988656719	2.284449084777082	-0.2697179999542231	-0.3727534381696861	-1.885233809923142	-1.4472829418183442	-0.8657943116311585
0.18148812030702044	0.05113735342605663	0.27126481811803543	0.39790993124549123	0.558585469618248	0.3420590188430306	-0.9120077445635499	-1.1397578068726801	-0.7068117448788384	-0.9087081588719481	-0.29289211455142816	-0.8851285826727714	0.27240576132430616	0.6805108852848034
0.9137210768576789	1.406229425977529	-0.003460878462603567	0.5260398253501422	0.8202119446822929	0.2722149146386313	0.6127286260739773	1.417211410777784	-0.8567526775840499	-0.4056958291266062	0.44282083212704704	-0.6706581542200932	0.34689630022485485	0.48652331946588784
1.4379282069948756	2.4125846960548816	2.2735589109989567	1.2724593730809468	1.8476454718907154	2.1319260323152767	-0.4957131215605458	1.1188072093586416	0.9518676377504395	-1.1274457195478527	0.17826063943322146	0.41726365784764047	0.2640131581104954	1.6884977388175977
0.20708752786342258	-0.608966697538786	0.744592072963482	0.8526419043615154	-0.2727429693470891	-0.564961955797386	0.12700695930218836	-0.9560067812592279	1.0787874244551097	1.1167697740254645	-0.4008377721882176	-1.3338880327151803	-0.4557255021021083	0.05578247163717237
1.3602358358614821	0.15263664280690414	-0.14735530202245944	0.8223255244555661	-0.19462962866118022	-0.21873108069534555	2.4782114645468925	0.27909455859450133	-0.4442370313513457	0.44748763070659603	-0.14454699323010342	0.1094164872792032	1.4591845733177338	-0.3066570070133434
2.159864481799616	1.3041346318036682	3.1256475321209276	2.575134391228446	2.213586721073166	2.0026272432867973	-0.9316989403334826	-2.3960656502831728	0.7220169127971271	-0.6740226456368528	-0.8708296694674286	-1.3288913299767857	0.5575917732440737	2.6302556673247572
-0.8168374906484475	-1.295632123384048	-0.5953393011854775	-1.2785348340107956	-0.18303517054908502	-1.8271402620491666	-0.5832432957327758	-0.8269467028665108	-0.30643866974672546	-1.2501892274810908	0.9775702863342101	-2.2251256665408157	-0.9798445903653181	-0.6034951835910779
